This is a C(T) experiment being done in Physics 350.
It records the decay response of an RC circuit where the capacitance is a strong function of temperature.

10/24/2002
5:25 PM

Start temp = 40.0
Temp step = 10.0
End temp = 60.0
Num temps = 3
Num avg cycles = 100
Num points per meas = 1000
Meas time interval = 2.00E-5

DDD

1.000000E+2	3.000000E+0	4.000000E+1	1.301077E-8	1.000000E+0	1.000000E+0	1.000000E+0
1.000000E+3	0.000000E+0	5.000000E+1	1.167888E-8	9.843041E-1	9.823914E-1	9.797478E-1
2.000000E-5	0.000000E+0	6.000000E+1	1.016991E-8	9.684303E-1	9.647828E-1	9.598332E-1
0.000000E+0	0.000000E+0	0.000000E+0	0.000000E+0	9.531301E-1	9.477487E-1	9.401866E-1
0.000000E+0	0.000000E+0	0.000000E+0	0.000000E+0	9.376616E-1	9.311898E-1	9.213541E-1
0.000000E+0	0.000000E+0	0.000000E+0	0.000000E+0	9.228658E-1	9.147301E-1	9.028094E-1
0.000000E+0	0.000000E+0	0.000000E+0	0.000000E+0	9.084953E-1	8.986268E-1	8.846520E-1
0.000000E+0	0.000000E+0	0.000000E+0	0.000000E+0	8.939863E-1	8.830286E-1	8.671894E-1
0.000000E+0	0.000000E+0	0.000000E+0	0.000000E+0	8.798333E-1	8.676979E-1	8.498559E-1
0.000000E+0	0.000000E+0	0.000000E+0	0.000000E+0	8.662342E-1	8.524563E-1	8.329493E-1
0.000000E+0	0.000000E+0	0.000000E+0	0.000000E+0	8.524373E-1	8.375711E-1	8.162512E-1
0.000000E+0	0.000000E+0	0.000000E+0	0.000000E+0	8.390063E-1	8.230228E-1	8.002877E-1
0.000000E+0	0.000000E+0	0.000000E+0	0.000000E+0	8.257533E-1	8.086923E-1	7.843441E-1
0.000000E+0	0.000000E+0	0.000000E+0	0.000000E+0	8.129059E-1	7.949956E-1	7.689862E-1
0.000000E+0	0.000000E+0	0.000000E+0	0.000000E+0	8.004540E-1	7.811900E-1	7.536780E-1
0.000000E+0	0.000000E+0	0.000000E+0	0.000000E+0	7.881011E-1	7.676122E-1	7.391837E-1
0.000000E+0	0.000000E+0	0.000000E+0	0.000000E+0	7.756295E-1	7.543612E-1	7.245605E-1
0.000000E+0	0.000000E+0	0.000000E+0	0.000000E+0	7.634941E-1	7.417043E-1	7.102251E-1
0.000000E+0	0.000000E+0	0.000000E+0	0.000000E+0	7.516060E-1	7.289287E-1	6.962372E-1
0.000000E+0	0.000000E+0	0.000000E+0	0.000000E+0	7.404301E-1	7.163215E-1	6.827060E-1
0.000000E+0	0.000000E+0	0.000000E+0	0.000000E+0	7.288189E-1	7.040113E-1	6.694726E-1
0.000000E+0	0.000000E+0	0.000000E+0	0.000000E+0	7.176330E-1	6.919586E-1	6.562590E-1
0.000000E+0	0.000000E+0	0.000000E+0	0.000000E+0	7.064669E-1	6.801634E-1	6.434327E-1
0.000000E+0	0.000000E+0	0.000000E+0	0.000000E+0	6.954986E-1	6.687644E-1	6.309438E-1
0.000000E+0	0.000000E+0	0.000000E+0	0.000000E+0	6.849259E-1	6.572366E-1	6.186039E-1
0.000000E+0	0.000000E+0	0.000000E+0	0.000000E+0	6.744422E-1	6.460158E-1	6.066511E-1
0.000000E+0	0.000000E+0	0.000000E+0	0.000000E+0	6.641959E-1	6.349931E-1	5.949069E-1
0.000000E+0	0.000000E+0	0.000000E+0	0.000000E+0	6.538309E-1	6.242180E-1	5.833909E-1
0.000000E+0	0.000000E+0	0.000000E+0	0.000000E+0	6.438022E-1	6.137400E-1	5.719445E-1
0.000000E+0	0.000000E+0	0.000000E+0	0.000000E+0	6.339515E-1	6.032818E-1	5.608455E-1
0.000000E+0	0.000000E+0	0.000000E+0	0.000000E+0	6.242293E-1	5.931405E-1	5.501932E-1
0.000000E+0	0.000000E+0	0.000000E+0	0.000000E+0	6.150512E-1	5.830686E-1	5.396204E-1
0.000000E+0	0.000000E+0	0.000000E+0	0.000000E+0	6.054181E-1	5.731650E-1	5.291369E-1
0.000000E+0	0.000000E+0	0.000000E+0	0.000000E+0	5.962992E-1	5.634595E-1	5.189612E-1
0.000000E+0	0.000000E+0	0.000000E+0	0.000000E+0	5.872496E-1	5.540313E-1	5.089046E-1
0.000000E+0	0.000000E+0	0.000000E+0	0.000000E+0	5.783880E-1	5.448506E-1	4.990863E-1
0.000000E+0	0.000000E+0	0.000000E+0	0.000000E+0	5.695460E-1	5.356303E-1	4.896253E-1
0.000000E+0	0.000000E+0	0.000000E+0	0.000000E+0	5.606943E-1	5.266082E-1	4.802239E-1
0.000000E+0	0.000000E+0	0.000000E+0	0.000000E+0	5.526238E-1	5.177445E-1	4.710906E-1
0.000000E+0	0.000000E+0	0.000000E+0	0.000000E+0	5.441083E-1	5.090194E-1	4.619573E-1
0.000000E+0	0.000000E+0	0.000000E+0	0.000000E+0	5.359291E-1	5.004429E-1	4.531615E-1
0.000000E+0	0.000000E+0	0.000000E+0	0.000000E+0	5.279081E-1	4.920051E-1	4.444749E-1
0.000000E+0	0.000000E+0	0.000000E+0	0.000000E+0	5.199761E-1	4.840524E-1	4.358379E-1
0.000000E+0	0.000000E+0	0.000000E+0	0.000000E+0	5.120342E-1	4.760305E-1	4.277371E-1
0.000000E+0	0.000000E+0	0.000000E+0	0.000000E+0	5.043198E-1	4.680681E-1	4.196163E-1
0.000000E+0	0.000000E+0	0.000000E+0	0.000000E+0	4.966054E-1	4.601650E-1	4.116445E-1
0.000000E+0	0.000000E+0	0.000000E+0	0.000000E+0	4.894448E-1	4.525194E-1	4.038018E-1
0.000000E+0	0.000000E+0	0.000000E+0	0.000000E+0	4.821557E-1	4.449432E-1	3.959987E-1
0.000000E+0	0.000000E+0	0.000000E+0	0.000000E+0	4.747380E-1	4.375749E-1	3.884439E-1
0.000000E+0	0.000000E+0	0.000000E+0	0.000000E+0	4.676665E-1	4.302660E-1	3.810875E-1
0.000000E+0	0.000000E+0	0.000000E+0	0.000000E+0	4.607829E-1	4.233236E-1	3.739100E-1
0.000000E+0	0.000000E+0	0.000000E+0	0.000000E+0	4.538300E-1	4.163119E-1	3.668316E-1
0.000000E+0	0.000000E+0	0.000000E+0	0.000000E+0	4.469958E-1	4.093595E-1	3.600015E-1
0.000000E+0	0.000000E+0	0.000000E+0	0.000000E+0	4.402606E-1	4.025756E-1	3.532110E-1
0.000000E+0	0.000000E+0	0.000000E+0	0.000000E+0	4.338616E-1	3.959204E-1	3.464107E-1
0.000000E+0	0.000000E+0	0.000000E+0	0.000000E+0	4.271955E-1	3.893246E-1	3.399776E-1
0.000000E+0	0.000000E+0	0.000000E+0	0.000000E+0	4.211328E-1	3.829170E-1	3.334751E-1
0.000000E+0	0.000000E+0	0.000000E+0	0.000000E+0	4.149316E-1	3.765886E-1	3.272704E-1
0.000000E+0	0.000000E+0	0.000000E+0	0.000000E+0	4.086908E-1	3.702899E-1	3.210458E-1
0.000000E+0	0.000000E+0	0.000000E+0	0.000000E+0	4.025688E-1	3.642388E-1	3.149503E-1
0.000000E+0	0.000000E+0	0.000000E+0	0.000000E+0	3.965654E-1	3.584253E-1	3.090931E-1
0.000000E+0	0.000000E+0	0.000000E+0	0.000000E+0	3.907103E-1	3.525426E-1	3.032755E-1
0.000000E+0	0.000000E+0	0.000000E+0	0.000000E+0	3.848652E-1	3.467094E-1	2.977260E-1
0.000000E+0	0.000000E+0	0.000000E+0	0.000000E+0	3.793464E-1	3.410347E-1	2.921070E-1
0.000000E+0	0.000000E+0	0.000000E+0	0.000000E+0	3.737386E-1	3.354490E-1	2.867462E-1
0.000000E+0	0.000000E+0	0.000000E+0	0.000000E+0	3.681704E-1	3.299129E-1	2.813754E-1
0.000000E+0	0.000000E+0	0.000000E+0	0.000000E+0	3.628396E-1	3.244758E-1	2.759748E-1
0.000000E+0	0.000000E+0	0.000000E+0	0.000000E+0	3.576175E-1	3.191774E-1	2.708820E-1
0.000000E+0	0.000000E+0	0.000000E+0	0.000000E+0	3.522768E-1	3.139582E-1	2.658388E-1
0.000000E+0	0.000000E+0	0.000000E+0	0.000000E+0	3.470448E-1	3.088084E-1	2.609147E-1
0.000000E+0	0.000000E+0	0.000000E+0	0.000000E+0	3.420404E-1	3.038268E-1	2.560304E-1
0.000000E+0	0.000000E+0	0.000000E+0	0.000000E+0	3.369963E-1	2.990335E-1	2.511460E-1
0.000000E+0	0.000000E+0	0.000000E+0	0.000000E+0	3.321303E-1	2.941510E-1	2.466091E-1
0.000000E+0	0.000000E+0	0.000000E+0	0.000000E+0	3.271852E-1	2.894369E-1	2.420325E-1
0.000000E+0	0.000000E+0	0.000000E+0	0.000000E+0	3.223290E-1	2.846832E-1	2.375254E-1
0.000000E+0	0.000000E+0	0.000000E+0	0.000000E+0	3.175620E-1	2.800978E-1	2.333459E-1
0.000000E+0	0.000000E+0	0.000000E+0	0.000000E+0	3.130619E-1	2.755917E-1	2.290771E-1
0.000000E+0	0.000000E+0	0.000000E+0	0.000000E+0	3.084728E-1	2.710955E-1	2.248877E-1
0.000000E+0	0.000000E+0	0.000000E+0	0.000000E+0	3.038738E-1	2.666785E-1	2.205196E-1
0.000000E+0	0.000000E+0	0.000000E+0	0.000000E+0	2.995518E-1	2.623110E-1	2.165783E-1
0.000000E+0	0.000000E+0	0.000000E+0	0.000000E+0	2.954572E-1	2.581317E-1	2.125577E-1
0.000000E+0	0.000000E+0	0.000000E+0	0.000000E+0	2.910857E-1	2.539127E-1	2.086363E-1
0.000000E+0	0.000000E+0	0.000000E+0	0.000000E+0	2.867439E-1	2.498423E-1	2.048341E-1
0.000000E+0	0.000000E+0	0.000000E+0	0.000000E+0	2.827086E-1	2.457621E-1	2.011609E-1
0.000000E+0	0.000000E+0	0.000000E+0	0.000000E+0	2.786932E-1	2.418700E-1	1.974083E-1
0.000000E+0	0.000000E+0	0.000000E+0	0.000000E+0	2.745690E-1	2.379679E-1	1.937053E-1
0.000000E+0	0.000000E+0	0.000000E+0	0.000000E+0	2.706524E-1	2.343927E-1	1.902009E-1
0.000000E+0	0.000000E+0	0.000000E+0	0.000000E+0	2.666667E-1	2.306492E-1	1.866567E-1
0.000000E+0	0.000000E+0	0.000000E+0	0.000000E+0	2.628688E-1	2.269749E-1	1.833608E-1
0.000000E+0	0.000000E+0	0.000000E+0	0.000000E+0	2.589819E-1	2.233601E-1	1.799259E-1
0.000000E+0	0.000000E+0	0.000000E+0	0.000000E+0	2.551841E-1	2.197354E-1	1.766696E-1
0.000000E+0	0.000000E+0	0.000000E+0	0.000000E+0	2.515642E-1	2.162395E-1	1.736318E-1
0.000000E+0	0.000000E+0	0.000000E+0	0.000000E+0	2.480334E-1	2.127831E-1	1.705741E-1
0.000000E+0	0.000000E+0	0.000000E+0	0.000000E+0	2.442751E-1	2.093961E-1	1.674867E-1
0.000000E+0	0.000000E+0	0.000000E+0	0.000000E+0	2.410113E-1	2.060388E-1	1.644488E-1
0.000000E+0	0.000000E+0	0.000000E+0	0.000000E+0	2.373519E-1	2.026814E-1	1.614209E-1
0.000000E+0	0.000000E+0	0.000000E+0	0.000000E+0	2.342958E-1	1.995420E-1	1.585122E-1
0.000000E+0	0.000000E+0	0.000000E+0	0.000000E+0	2.309727E-1	1.963629E-1	1.556828E-1
0.000000E+0	0.000000E+0	0.000000E+0	0.000000E+0	2.276199E-1	1.932928E-1	1.528138E-1
0.000000E+0	0.000000E+0	0.000000E+0	0.000000E+0	2.243957E-1	1.901831E-1	1.499149E-1
0.000000E+0	0.000000E+0	0.000000E+0	0.000000E+0	2.212506E-1	1.871823E-1	1.472742E-1
0.000000E+0	0.000000E+0	0.000000E+0	0.000000E+0	2.181351E-1	1.842211E-1	1.447725E-1
0.000000E+0	0.000000E+0	0.000000E+0	0.000000E+0	2.149109E-1	1.813194E-1	1.419431E-1
0.000000E+0	0.000000E+0	0.000000E+0	0.000000E+0	2.117856E-1	1.783582E-1	1.394910E-1
0.000000E+0	0.000000E+0	0.000000E+0	0.000000E+0	2.087987E-1	1.755852E-1	1.369396E-1
0.000000E+0	0.000000E+0	0.000000E+0	0.000000E+0	2.057525E-1	1.729013E-1	1.345570E-1
0.000000E+0	0.000000E+0	0.000000E+0	0.000000E+0	2.029536E-1	1.702571E-1	1.321148E-1
0.000000E+0	0.000000E+0	0.000000E+0	0.000000E+0	2.000755E-1	1.676326E-1	1.298414E-1
0.000000E+0	0.000000E+0	0.000000E+0	0.000000E+0	1.973359E-1	1.650181E-1	1.273695E-1
0.000000E+0	0.000000E+0	0.000000E+0	0.000000E+0	1.945666E-1	1.623540E-1	1.250564E-1
0.000000E+0	0.000000E+0	0.000000E+0	0.000000E+0	1.917281E-1	1.598385E-1	1.230014E-1
0.000000E+0	0.000000E+0	0.000000E+0	0.000000E+0	1.888402E-1	1.573131E-1	1.207577E-1
0.000000E+0	0.000000E+0	0.000000E+0	0.000000E+0	1.863478E-1	1.549461E-1	1.185638E-1
0.000000E+0	0.000000E+0	0.000000E+0	0.000000E+0	1.837862E-1	1.525098E-1	1.164492E-1
0.000000E+0	0.000000E+0	0.000000E+0	0.000000E+0	1.810466E-1	1.501132E-1	1.143446E-1
0.000000E+0	0.000000E+0	0.000000E+0	0.000000E+0	1.785741E-1	1.477264E-1	1.123392E-1
0.000000E+0	0.000000E+0	0.000000E+0	0.000000E+0	1.759828E-1	1.454486E-1	1.103239E-1
0.000000E+0	0.000000E+0	0.000000E+0	0.000000E+0	1.736586E-1	1.431410E-1	1.085866E-1
0.000000E+0	0.000000E+0	0.000000E+0	0.000000E+0	1.713047E-1	1.409622E-1	1.067004E-1
0.000000E+0	0.000000E+0	0.000000E+0	0.000000E+0	1.690399E-1	1.387537E-1	1.048538E-1
0.000000E+0	0.000000E+0	0.000000E+0	0.000000E+0	1.666464E-1	1.366641E-1	1.030768E-1
0.000000E+0	0.000000E+0	0.000000E+0	0.000000E+0	1.642134E-1	1.345249E-1	1.011806E-1
0.000000E+0	0.000000E+0	0.000000E+0	0.000000E+0	1.620376E-1	1.324451E-1	9.938376E-2
0.000000E+0	0.000000E+0	0.000000E+0	0.000000E+0	1.598617E-1	1.304050E-1	9.761666E-2
0.000000E+0	0.000000E+0	0.000000E+0	0.000000E+0	1.574979E-1	1.282856E-1	9.601832E-2
0.000000E+0	0.000000E+0	0.000000E+0	0.000000E+0	1.552528E-1	1.264040E-1	9.426115E-2
0.000000E+0	0.000000E+0	0.000000E+0	0.000000E+0	1.531759E-1	1.243638E-1	9.263303E-2
0.000000E+0	0.000000E+0	0.000000E+0	0.000000E+0	1.510890E-1	1.224920E-1	9.112405E-2
0.000000E+0	0.000000E+0	0.000000E+0	0.000000E+0	1.489923E-1	1.205707E-1	8.936688E-2
0.000000E+0	0.000000E+0	0.000000E+0	0.000000E+0	1.469252E-1	1.187782E-1	8.788767E-2
0.000000E+0	0.000000E+0	0.000000E+0	0.000000E+0	1.448878E-1	1.169460E-1	8.635883E-2
0.000000E+0	0.000000E+0	0.000000E+0	0.000000E+0	1.428999E-1	1.151931E-1	8.483992E-2
0.000000E+0	0.000000E+0	0.000000E+0	0.000000E+0	1.408823E-1	1.134203E-1	8.335079E-2
0.000000E+0	0.000000E+0	0.000000E+0	0.000000E+0	1.390328E-1	1.117070E-1	8.191130E-2
0.000000E+0	0.000000E+0	0.000000E+0	0.000000E+0	1.371141E-1	1.100531E-1	8.051151E-2
0.000000E+0	0.000000E+0	0.000000E+0	0.000000E+0	1.351459E-1	1.084289E-1	7.923086E-2
0.000000E+0	0.000000E+0	0.000000E+0	0.000000E+0	1.333261E-1	1.068741E-1	7.773180E-2
0.000000E+0	0.000000E+0	0.000000E+0	0.000000E+0	1.314371E-1	1.051211E-1	7.640151E-2
0.000000E+0	0.000000E+0	0.000000E+0	0.000000E+0	1.295085E-1	1.036356E-1	7.520028E-2
0.000000E+0	0.000000E+0	0.000000E+0	0.000000E+0	1.278469E-1	1.019916E-1	7.383028E-2
0.000000E+0	0.000000E+0	0.000000E+0	0.000000E+0	1.261952E-1	1.005160E-1	7.252977E-2
0.000000E+0	0.000000E+0	0.000000E+0	0.000000E+0	1.244743E-1	9.896109E-2	7.139803E-2
0.000000E+0	0.000000E+0	0.000000E+0	0.000000E+0	1.226150E-1	9.744585E-2	7.019680E-2
0.000000E+0	0.000000E+0	0.000000E+0	0.000000E+0	1.209336E-1	9.599992E-2	6.887644E-2
0.000000E+0	0.000000E+0	0.000000E+0	0.000000E+0	1.194798E-1	9.461341E-2	6.765535E-2
0.000000E+0	0.000000E+0	0.000000E+0	0.000000E+0	1.176797E-1	9.307836E-2	6.659310E-2
0.000000E+0	0.000000E+0	0.000000E+0	0.000000E+0	1.162160E-1	9.180079E-2	6.548122E-2
0.000000E+0	0.000000E+0	0.000000E+0	0.000000E+0	1.145940E-1	9.039448E-2	6.448846E-2
0.000000E+0	0.000000E+0	0.000000E+0	0.000000E+0	1.129720E-1	8.901788E-2	6.338651E-2
0.000000E+0	0.000000E+0	0.000000E+0	0.000000E+0	1.115873E-1	8.767100E-2	6.230441E-2
0.000000E+0	0.000000E+0	0.000000E+0	0.000000E+0	1.098664E-1	8.640333E-2	6.126202E-2
0.000000E+0	0.000000E+0	0.000000E+0	0.000000E+0	1.086697E-1	8.511586E-2	6.018984E-2
0.000000E+0	0.000000E+0	0.000000E+0	0.000000E+0	1.071268E-1	8.385811E-2	5.925665E-2
0.000000E+0	0.000000E+0	0.000000E+0	0.000000E+0	1.057422E-1	8.257064E-2	5.813484E-2
0.000000E+0	0.000000E+0	0.000000E+0	0.000000E+0	1.044762E-1	8.133269E-2	5.719173E-2
0.000000E+0	0.000000E+0	0.000000E+0	0.000000E+0	1.028147E-1	8.010465E-2	5.631810E-2
0.000000E+0	0.000000E+0	0.000000E+0	0.000000E+0	1.016872E-1	7.898554E-2	5.536506E-2
0.000000E+0	0.000000E+0	0.000000E+0	0.000000E+0	1.001937E-1	7.775750E-2	5.444180E-2
0.000000E+0	0.000000E+0	0.000000E+0	0.000000E+0	9.882888E-2	7.668791E-2	5.355825E-2
0.000000E+0	0.000000E+0	0.000000E+0	0.000000E+0	9.772117E-2	7.550938E-2	5.266477E-2
0.000000E+0	0.000000E+0	0.000000E+0	0.000000E+0	9.622774E-2	7.431105E-2	5.167202E-2
0.000000E+0	0.000000E+0	0.000000E+0	0.000000E+0	9.488267E-2	7.331078E-2	5.074875E-2
0.000000E+0	0.000000E+0	0.000000E+0	0.000000E+0	9.380463E-2	7.225110E-2	4.995455E-2
0.000000E+0	0.000000E+0	0.000000E+0	0.000000E+0	9.254856E-2	7.111219E-2	4.918020E-2
0.000000E+0	0.000000E+0	0.000000E+0	0.000000E+0	9.107491E-2	7.013173E-2	4.847535E-2
0.000000E+0	0.000000E+0	0.000000E+0	0.000000E+0	8.995732E-2	6.906214E-2	4.764143E-2
0.000000E+0	0.000000E+0	0.000000E+0	0.000000E+0	8.888917E-2	6.808168E-2	4.674796E-2
0.000000E+0	0.000000E+0	0.000000E+0	0.000000E+0	8.778146E-2	6.714085E-2	4.631114E-2
0.000000E+0	0.000000E+0	0.000000E+0	0.000000E+0	8.662429E-2	6.605145E-2	4.567578E-2
0.000000E+0	0.000000E+0	0.000000E+0	0.000000E+0	8.529900E-2	6.517993E-2	4.477238E-2
0.000000E+0	0.000000E+0	0.000000E+0	0.000000E+0	8.410228E-2	6.420938E-2	4.398810E-2
0.000000E+0	0.000000E+0	0.000000E+0	0.000000E+0	8.307369E-2	6.324873E-2	4.354136E-2
0.000000E+0	0.000000E+0	0.000000E+0	0.000000E+0	8.199565E-2	6.234751E-2	4.269752E-2
0.000000E+0	0.000000E+0	0.000000E+0	0.000000E+0	8.096707E-2	6.147599E-2	4.189339E-2
0.000000E+0	0.000000E+0	0.000000E+0	0.000000E+0	7.996815E-2	6.064409E-2	4.136723E-2
0.000000E+0	0.000000E+0	0.000000E+0	0.000000E+0	7.891978E-2	5.973295E-2	4.071201E-2
0.000000E+0	0.000000E+0	0.000000E+0	0.000000E+0	7.785163E-2	5.884163E-2	3.992774E-2
0.000000E+0	0.000000E+0	0.000000E+0	0.000000E+0	7.692195E-2	5.801963E-2	3.940158E-2
0.000000E+0	0.000000E+0	0.000000E+0	0.000000E+0	7.592303E-2	5.718773E-2	3.874636E-2
0.000000E+0	0.000000E+0	0.000000E+0	0.000000E+0	7.494390E-2	5.631622E-2	3.808122E-2
0.000000E+0	0.000000E+0	0.000000E+0	0.000000E+0	7.396476E-2	5.557344E-2	3.761462E-2
0.000000E+0	0.000000E+0	0.000000E+0	0.000000E+0	7.300541E-2	5.478116E-2	3.684027E-2
0.000000E+0	0.000000E+0	0.000000E+0	0.000000E+0	7.200649E-2	5.395916E-2	3.645310E-2
0.000000E+0	0.000000E+0	0.000000E+0	0.000000E+0	7.108670E-2	5.324610E-2	3.578795E-2
0.000000E+0	0.000000E+0	0.000000E+0	0.000000E+0	7.012734E-2	5.248353E-2	3.515260E-2
0.000000E+0	0.000000E+0	0.000000E+0	0.000000E+0	6.914821E-2	5.177047E-2	3.474557E-2
0.000000E+0	0.000000E+0	0.000000E+0	0.000000E+0	6.819874E-2	5.097818E-2	3.411020E-2
0.000000E+0	0.000000E+0	0.000000E+0	0.000000E+0	6.734817E-2	5.032454E-2	3.371310E-2
0.000000E+0	0.000000E+0	0.000000E+0	0.000000E+0	6.649761E-2	4.958177E-2	3.300825E-2
0.000000E+0	0.000000E+0	0.000000E+0	0.000000E+0	6.583496E-2	4.886871E-2	3.269057E-2
0.000000E+0	0.000000E+0	0.000000E+0	0.000000E+0	6.505363E-2	4.824479E-2	3.192614E-2
0.000000E+0	0.000000E+0	0.000000E+0	0.000000E+0	6.414373E-2	4.757134E-2	3.168788E-2
0.000000E+0	0.000000E+0	0.000000E+0	0.000000E+0	6.318437E-2	4.689790E-2	3.095325E-2
0.000000E+0	0.000000E+0	0.000000E+0	0.000000E+0	6.232392E-2	4.631358E-2	3.079440E-2
0.000000E+0	0.000000E+0	0.000000E+0	0.000000E+0	6.156237E-2	4.578869E-2	3.003991E-2
0.000000E+0	0.000000E+0	0.000000E+0	0.000000E+0	6.097884E-2	4.507564E-2	2.981158E-2
0.000000E+0	0.000000E+0	0.000000E+0	0.000000E+0	6.017773E-2	4.454084E-2	2.910672E-2
0.000000E+0	0.000000E+0	0.000000E+0	0.000000E+0	5.926783E-2	4.393672E-2	2.882875E-2
0.000000E+0	0.000000E+0	0.000000E+0	0.000000E+0	5.849639E-2	4.328309E-2	2.846143E-2
0.000000E+0	0.000000E+0	0.000000E+0	0.000000E+0	5.787330E-2	4.277800E-2	2.785585E-2
0.000000E+0	0.000000E+0	0.000000E+0	0.000000E+0	5.722054E-2	4.203523E-2	2.761759E-2
0.000000E+0	0.000000E+0	0.000000E+0	0.000000E+0	5.633042E-2	4.160938E-2	2.698223E-2
0.000000E+0	0.000000E+0	0.000000E+0	0.000000E+0	5.557876E-2	4.100526E-2	2.681346E-2
0.000000E+0	0.000000E+0	0.000000E+0	0.000000E+0	5.512381E-2	4.050018E-2	2.625752E-2
0.000000E+0	0.000000E+0	0.000000E+0	0.000000E+0	5.431281E-2	3.984654E-2	2.586042E-2
0.000000E+0	0.000000E+0	0.000000E+0	0.000000E+0	5.352158E-2	3.936126E-2	2.565194E-2
0.000000E+0	0.000000E+0	0.000000E+0	0.000000E+0	5.306663E-2	3.878685E-2	2.495701E-2
0.000000E+0	0.000000E+0	0.000000E+0	0.000000E+0	5.230508E-2	3.827187E-2	2.483788E-2
0.000000E+0	0.000000E+0	0.000000E+0	0.000000E+0	5.154353E-2	3.778659E-2	2.445071E-2
0.000000E+0	0.000000E+0	0.000000E+0	0.000000E+0	5.111825E-2	3.721218E-2	2.391462E-2
0.000000E+0	0.000000E+0	0.000000E+0	0.000000E+0	5.034681E-2	3.679623E-2	2.376571E-2
0.000000E+0	0.000000E+0	0.000000E+0	0.000000E+0	4.970394E-2	3.624163E-2	2.330904E-2
0.000000E+0	0.000000E+0	0.000000E+0	0.000000E+0	4.922921E-2	3.584548E-2	2.296158E-2
0.000000E+0	0.000000E+0	0.000000E+0	0.000000E+0	4.846766E-2	3.528098E-2	2.278288E-2
0.000000E+0	0.000000E+0	0.000000E+0	0.000000E+0	4.800282E-2	3.491455E-2	2.231629E-2
0.000000E+0	0.000000E+0	0.000000E+0	0.000000E+0	4.736984E-2	3.437975E-2	2.194897E-2
0.000000E+0	0.000000E+0	0.000000E+0	0.000000E+0	4.666764E-2	3.397371E-2	2.181991E-2
0.000000E+0	0.000000E+0	0.000000E+0	0.000000E+0	4.638082E-2	3.348843E-2	2.145259E-2
0.000000E+0	0.000000E+0	0.000000E+0	0.000000E+0	4.591597E-2	3.302296E-2	2.098600E-2
0.000000E+0	0.000000E+0	0.000000E+0	0.000000E+0	4.536212E-2	3.253768E-2	2.083709E-2
0.000000E+0	0.000000E+0	0.000000E+0	0.000000E+0	4.464013E-2	3.219106E-2	2.062861E-2
0.000000E+0	0.000000E+0	0.000000E+0	0.000000E+0	4.432364E-2	3.176520E-2	2.007267E-2
0.000000E+0	0.000000E+0	0.000000E+0	0.000000E+0	4.355220E-2	3.132945E-2	1.990390E-2
0.000000E+0	0.000000E+0	0.000000E+0	0.000000E+0	4.328516E-2	3.090359E-2	1.980462E-2
0.000000E+0	0.000000E+0	0.000000E+0	0.000000E+0	4.255328E-2	3.051735E-2	1.933803E-2
0.000000E+0	0.000000E+0	0.000000E+0	0.000000E+0	4.229614E-2	3.009150E-2	1.902035E-2
0.000000E+0	0.000000E+0	0.000000E+0	0.000000E+0	4.150492E-2	2.977458E-2	1.889129E-2
0.000000E+0	0.000000E+0	0.000000E+0	0.000000E+0	4.125766E-2	2.938834E-2	1.874238E-2
0.000000E+0	0.000000E+0	0.000000E+0	0.000000E+0	4.053567E-2	2.899220E-2	1.824600E-2
0.000000E+0	0.000000E+0	0.000000E+0	0.000000E+0	4.024885E-2	2.861586E-2	1.796803E-2
0.000000E+0	0.000000E+0	0.000000E+0	0.000000E+0	3.951697E-2	2.819991E-2	1.787868E-2
0.000000E+0	0.000000E+0	0.000000E+0	0.000000E+0	3.935873E-2	2.788300E-2	1.768013E-2
0.000000E+0	0.000000E+0	0.000000E+0	0.000000E+0	3.863674E-2	2.754627E-2	1.733267E-2
0.000000E+0	0.000000E+0	0.000000E+0	0.000000E+0	3.839937E-2	2.718974E-2	1.698520E-2
0.000000E+0	0.000000E+0	0.000000E+0	0.000000E+0	3.773673E-2	2.678370E-2	1.688593E-2
0.000000E+0	0.000000E+0	0.000000E+0	0.000000E+0	3.744991E-2	2.653611E-2	1.671716E-2
0.000000E+0	0.000000E+0	0.000000E+0	0.000000E+0	3.710375E-2	2.616967E-2	1.631013E-2
0.000000E+0	0.000000E+0	0.000000E+0	0.000000E+0	3.651033E-2	2.585276E-2	1.602223E-2
0.000000E+0	0.000000E+0	0.000000E+0	0.000000E+0	3.621363E-2	2.548633E-2	1.593288E-2
0.000000E+0	0.000000E+0	0.000000E+0	0.000000E+0	3.554109E-2	2.519912E-2	1.586339E-2
0.000000E+0	0.000000E+0	0.000000E+0	0.000000E+0	3.543229E-2	2.485250E-2	1.568469E-2
0.000000E+0	0.000000E+0	0.000000E+0	0.000000E+0	3.477954E-2	2.451577E-2	1.531737E-2
0.000000E+0	0.000000E+0	0.000000E+0	0.000000E+0	3.450261E-2	2.421867E-2	1.505926E-2
0.000000E+0	0.000000E+0	0.000000E+0	0.000000E+0	3.423557E-2	2.391165E-2	1.493020E-2
0.000000E+0	0.000000E+0	0.000000E+0	0.000000E+0	3.359270E-2	2.363435E-2	1.484085E-2
0.000000E+0	0.000000E+0	0.000000E+0	0.000000E+0	3.345424E-2	2.330754E-2	1.461252E-2
0.000000E+0	0.000000E+0	0.000000E+0	0.000000E+0	3.288061E-2	2.305004E-2	1.425513E-2
0.000000E+0	0.000000E+0	0.000000E+0	0.000000E+0	3.252456E-2	2.284207E-2	1.407643E-2
0.000000E+0	0.000000E+0	0.000000E+0	0.000000E+0	3.218829E-2	2.260438E-2	1.394737E-2
0.000000E+0	0.000000E+0	0.000000E+0	0.000000E+0	3.163444E-2	2.228747E-2	1.391759E-2
0.000000E+0	0.000000E+0	0.000000E+0	0.000000E+0	3.151575E-2	2.195074E-2	1.380839E-2
0.000000E+0	0.000000E+0	0.000000E+0	0.000000E+0	3.113003E-2	2.166354E-2	1.342122E-2
0.000000E+0	0.000000E+0	0.000000E+0	0.000000E+0	3.059596E-2	2.148527E-2	1.313332E-2
0.000000E+0	0.000000E+0	0.000000E+0	0.000000E+0	3.052672E-2	2.116836E-2	1.301419E-2
0.000000E+0	0.000000E+0	0.000000E+0	0.000000E+0	3.007177E-2	2.092077E-2	1.297448E-2
0.000000E+0	0.000000E+0	0.000000E+0	0.000000E+0	2.962671E-2	2.070289E-2	1.294469E-2
0.000000E+0	0.000000E+0	0.000000E+0	0.000000E+0	2.950803E-2	2.054443E-2	1.273622E-2
0.000000E+0	0.000000E+0	0.000000E+0	0.000000E+0	2.910253E-2	2.011858E-2	1.249795E-2
0.000000E+0	0.000000E+0	0.000000E+0	0.000000E+0	2.861790E-2	1.990070E-2	1.216042E-2
0.000000E+0	0.000000E+0	0.000000E+0	0.000000E+0	2.849922E-2	1.974224E-2	1.207107E-2
0.000000E+0	0.000000E+0	0.000000E+0	0.000000E+0	2.809372E-2	1.950455E-2	1.197180E-2
0.000000E+0	0.000000E+0	0.000000E+0	0.000000E+0	2.761899E-2	1.926687E-2	1.194201E-2
0.000000E+0	0.000000E+0	0.000000E+0	0.000000E+0	2.755965E-2	1.894995E-2	1.189237E-2
0.000000E+0	0.000000E+0	0.000000E+0	0.000000E+0	2.729261E-2	1.883111E-2	1.168390E-2
0.000000E+0	0.000000E+0	0.000000E+0	0.000000E+0	2.676842E-2	1.866275E-2	1.141585E-2
0.000000E+0	0.000000E+0	0.000000E+0	0.000000E+0	2.657062E-2	1.843497E-2	1.123716E-2
0.000000E+0	0.000000E+0	0.000000E+0	0.000000E+0	2.647172E-2	1.814776E-2	1.108824E-2
0.000000E+0	0.000000E+0	0.000000E+0	0.000000E+0	2.590797E-2	1.786056E-2	1.099890E-2
0.000000E+0	0.000000E+0	0.000000E+0	0.000000E+0	2.562115E-2	1.778133E-2	1.096911E-2
0.000000E+0	0.000000E+0	0.000000E+0	0.000000E+0	2.557170E-2	1.759316E-2	1.092940E-2
0.000000E+0	0.000000E+0	0.000000E+0	0.000000E+0	2.520576E-2	1.734557E-2	1.078049E-2
0.000000E+0	0.000000E+0	0.000000E+0	0.000000E+0	2.482993E-2	1.711779E-2	1.049259E-2
0.000000E+0	0.000000E+0	0.000000E+0	0.000000E+0	2.461235E-2	1.693952E-2	1.039332E-2
0.000000E+0	0.000000E+0	0.000000E+0	0.000000E+0	2.453323E-2	1.679097E-2	1.013520E-2
0.000000E+0	0.000000E+0	0.000000E+0	0.000000E+0	2.406838E-2	1.666222E-2	1.002600E-2
0.000000E+0	0.000000E+0	0.000000E+0	0.000000E+0	2.367277E-2	1.640473E-2	1.000614E-2
0.000000E+0	0.000000E+0	0.000000E+0	0.000000E+0	2.363321E-2	1.615714E-2	9.976360E-3
0.000000E+0	0.000000E+0	0.000000E+0	0.000000E+0	2.352442E-2	1.593926E-2	9.946577E-3
0.000000E+0	0.000000E+0	0.000000E+0	0.000000E+0	2.302990E-2	1.583032E-2	9.748027E-3
0.000000E+0	0.000000E+0	0.000000E+0	0.000000E+0	2.277276E-2	1.572138E-2	9.728171E-3
0.000000E+0	0.000000E+0	0.000000E+0	0.000000E+0	2.263429E-2	1.560254E-2	9.479983E-3
0.000000E+0	0.000000E+0	0.000000E+0	0.000000E+0	2.253539E-2	1.527572E-2	9.321142E-3
0.000000E+0	0.000000E+0	0.000000E+0	0.000000E+0	2.219912E-2	1.506775E-2	9.102737E-3
0.000000E+0	0.000000E+0	0.000000E+0	0.000000E+0	2.185296E-2	1.485977E-2	9.013388E-3
0.000000E+0	0.000000E+0	0.000000E+0	0.000000E+0	2.165516E-2	1.480035E-2	9.013388E-3
0.000000E+0	0.000000E+0	0.000000E+0	0.000000E+0	2.159582E-2	1.471122E-2	8.983606E-3
0.000000E+0	0.000000E+0	0.000000E+0	0.000000E+0	2.126944E-2	1.461218E-2	8.924041E-3
0.000000E+0	0.000000E+0	0.000000E+0	0.000000E+0	2.097273E-2	1.436459E-2	8.953824E-3
0.000000E+0	0.000000E+0	0.000000E+0	0.000000E+0	2.070569E-2	1.417642E-2	8.894258E-3
0.000000E+0	0.000000E+0	0.000000E+0	0.000000E+0	2.068591E-2	1.391893E-2	8.675853E-3
0.000000E+0	0.000000E+0	0.000000E+0	0.000000E+0	2.050789E-2	1.384960E-2	8.447519E-3
0.000000E+0	0.000000E+0	0.000000E+0	0.000000E+0	2.018151E-2	1.380009E-2	8.318461E-3
0.000000E+0	0.000000E+0	0.000000E+0	0.000000E+0	1.988480E-2	1.369115E-2	8.209258E-3
0.000000E+0	0.000000E+0	0.000000E+0	0.000000E+0	1.970678E-2	1.355250E-2	8.080200E-3
0.000000E+0	0.000000E+0	0.000000E+0	0.000000E+0	1.966722E-2	1.326529E-2	8.040490E-3
0.000000E+0	0.000000E+0	0.000000E+0	0.000000E+0	1.948919E-2	1.308703E-2	8.010708E-3
0.000000E+0	0.000000E+0	0.000000E+0	0.000000E+0	1.921226E-2	1.297809E-2	7.980925E-3
0.000000E+0	0.000000E+0	0.000000E+0	0.000000E+0	1.885621E-2	1.284934E-2	7.980925E-3
0.000000E+0	0.000000E+0	0.000000E+0	0.000000E+0	1.869797E-2	1.278992E-2	7.911432E-3
0.000000E+0	0.000000E+0	0.000000E+0	0.000000E+0	1.864852E-2	1.269088E-2	7.822084E-3
0.000000E+0	0.000000E+0	0.000000E+0	0.000000E+0	1.860896E-2	1.256214E-2	7.782374E-3
0.000000E+0	0.000000E+0	0.000000E+0	0.000000E+0	1.825291E-2	1.230464E-2	7.583823E-3
0.000000E+0	0.000000E+0	0.000000E+0	0.000000E+0	1.789686E-2	1.223532E-2	7.444838E-3
0.000000E+0	0.000000E+0	0.000000E+0	0.000000E+0	1.775839E-2	1.197782E-2	7.295925E-3
0.000000E+0	0.000000E+0	0.000000E+0	0.000000E+0	1.767927E-2	1.187879E-2	7.236360E-3
0.000000E+0	0.000000E+0	0.000000E+0	0.000000E+0	1.767927E-2	1.182927E-2	7.137084E-3
0.000000E+0	0.000000E+0	0.000000E+0	0.000000E+0	1.758037E-2	1.178966E-2	7.077519E-3
0.000000E+0	0.000000E+0	0.000000E+0	0.000000E+0	1.724410E-2	1.174014E-2	7.047736E-3
0.000000E+0	0.000000E+0	0.000000E+0	0.000000E+0	1.693750E-2	1.160149E-2	6.998098E-3
0.000000E+0	0.000000E+0	0.000000E+0	0.000000E+0	1.673970E-2	1.146284E-2	6.998098E-3
0.000000E+0	0.000000E+0	0.000000E+0	0.000000E+0	1.671003E-2	1.125486E-2	6.978244E-3
0.000000E+0	0.000000E+0	0.000000E+0	0.000000E+0	1.665068E-2	1.115583E-2	6.928606E-3
0.000000E+0	0.000000E+0	0.000000E+0	0.000000E+0	1.645288E-2	1.102708E-2	6.958388E-3
0.000000E+0	0.000000E+0	0.000000E+0	0.000000E+0	1.618584E-2	1.090824E-2	6.878968E-3
0.000000E+0	0.000000E+0	0.000000E+0	0.000000E+0	1.595837E-2	1.082901E-2	6.739982E-3
0.000000E+0	0.000000E+0	0.000000E+0	0.000000E+0	1.577045E-2	1.083891E-2	6.630780E-3
0.000000E+0	0.000000E+0	0.000000E+0	0.000000E+0	1.571111E-2	1.073988E-2	6.491794E-3
0.000000E+0	0.000000E+0	0.000000E+0	0.000000E+0	1.571111E-2	1.069036E-2	6.392519E-3
0.000000E+0	0.000000E+0	0.000000E+0	0.000000E+0	1.563199E-2	1.053190E-2	6.323026E-3
0.000000E+0	0.000000E+0	0.000000E+0	0.000000E+0	1.539462E-2	1.031402E-2	6.283316E-3
0.000000E+0	0.000000E+0	0.000000E+0	0.000000E+0	1.509791E-2	1.014566E-2	6.114548E-3
0.000000E+0	0.000000E+0	0.000000E+0	0.000000E+0	1.492978E-2	1.007633E-2	6.074837E-3
0.000000E+0	0.000000E+0	0.000000E+0	0.000000E+0	1.478143E-2	9.927779E-3	6.084765E-3
0.000000E+0	0.000000E+0	0.000000E+0	0.000000E+0	1.476164E-2	9.888166E-3	6.035128E-3
0.000000E+0	0.000000E+0	0.000000E+0	0.000000E+0	1.467263E-2	9.838647E-3	6.005345E-3
0.000000E+0	0.000000E+0	0.000000E+0	0.000000E+0	1.464296E-2	9.818841E-3	5.995417E-3
0.000000E+0	0.000000E+0	0.000000E+0	0.000000E+0	1.436603E-2	9.818841E-3	5.995417E-3
0.000000E+0	0.000000E+0	0.000000E+0	0.000000E+0	1.415834E-2	9.759419E-3	5.985490E-3
0.000000E+0	0.000000E+0	0.000000E+0	0.000000E+0	1.399020E-2	9.591058E-3	5.935852E-3
0.000000E+0	0.000000E+0	0.000000E+0	0.000000E+0	1.384185E-2	9.402890E-3	5.856432E-3
0.000000E+0	0.000000E+0	0.000000E+0	0.000000E+0	1.376273E-2	9.363275E-3	5.906070E-3
0.000000E+0	0.000000E+0	0.000000E+0	0.000000E+0	1.372317E-2	9.125588E-3	5.886214E-3
0.000000E+0	0.000000E+0	0.000000E+0	0.000000E+0	1.366383E-2	9.036456E-3	5.806794E-3
0.000000E+0	0.000000E+0	0.000000E+0	0.000000E+0	1.360448E-2	8.917613E-3	5.667808E-3
0.000000E+0	0.000000E+0	0.000000E+0	0.000000E+0	1.332756E-2	8.907709E-3	5.568533E-3
0.000000E+0	0.000000E+0	0.000000E+0	0.000000E+0	1.312975E-2	8.877999E-3	5.479185E-3
0.000000E+0	0.000000E+0	0.000000E+0	0.000000E+0	1.304074E-2	8.858192E-3	5.499040E-3
0.000000E+0	0.000000E+0	0.000000E+0	0.000000E+0	1.288249E-2	8.818577E-3	5.330272E-3
0.000000E+0	0.000000E+0	0.000000E+0	0.000000E+0	1.277370E-2	8.778963E-3	5.250852E-3
0.000000E+0	0.000000E+0	0.000000E+0	0.000000E+0	1.274403E-2	8.689831E-3	5.151577E-3
0.000000E+0	0.000000E+0	0.000000E+0	0.000000E+0	1.270447E-2	8.610602E-3	5.131721E-3
0.000000E+0	0.000000E+0	0.000000E+0	0.000000E+0	1.269458E-2	8.580891E-3	5.082084E-3
0.000000E+0	0.000000E+0	0.000000E+0	0.000000E+0	1.257590E-2	8.333301E-3	5.101939E-3
0.000000E+0	0.000000E+0	0.000000E+0	0.000000E+0	1.240776E-2	8.214458E-3	5.042374E-3
0.000000E+0	0.000000E+0	0.000000E+0	0.000000E+0	1.216051E-2	8.125326E-3	5.062229E-3
0.000000E+0	0.000000E+0	0.000000E+0	0.000000E+0	1.198248E-2	8.056001E-3	5.012591E-3
0.000000E+0	0.000000E+0	0.000000E+0	0.000000E+0	1.184402E-2	7.917350E-3	5.032446E-3
0.000000E+0	0.000000E+0	0.000000E+0	0.000000E+0	1.176490E-2	7.947061E-3	5.002663E-3
0.000000E+0	0.000000E+0	0.000000E+0	0.000000E+0	1.176490E-2	7.897543E-3	4.982809E-3
0.000000E+0	0.000000E+0	0.000000E+0	0.000000E+0	1.177478E-2	7.917350E-3	4.982809E-3
0.000000E+0	0.000000E+0	0.000000E+0	0.000000E+0	1.173522E-2	7.867833E-3	4.982809E-3
0.000000E+0	0.000000E+0	0.000000E+0	0.000000E+0	1.169566E-2	7.867833E-3	4.953026E-3
0.000000E+0	0.000000E+0	0.000000E+0	0.000000E+0	1.163632E-2	7.768796E-3	4.883533E-3
0.000000E+0	0.000000E+0	0.000000E+0	0.000000E+0	1.134950E-2	7.778700E-3	4.853751E-3
0.000000E+0	0.000000E+0	0.000000E+0	0.000000E+0	1.126049E-2	7.719278E-3	4.903388E-3
0.000000E+0	0.000000E+0	0.000000E+0	0.000000E+0	1.095389E-2	7.550917E-3	4.714765E-3
0.000000E+0	0.000000E+0	0.000000E+0	0.000000E+0	1.091433E-2	7.481592E-3	4.714765E-3
0.000000E+0	0.000000E+0	0.000000E+0	0.000000E+0	1.083521E-2	7.362749E-3	4.665127E-3
0.000000E+0	0.000000E+0	0.000000E+0	0.000000E+0	1.078576E-2	7.184484E-3	4.615490E-3
0.000000E+0	0.000000E+0	0.000000E+0	0.000000E+0	1.078576E-2	7.164677E-3	4.545997E-3
0.000000E+0	0.000000E+0	0.000000E+0	0.000000E+0	1.074620E-2	7.065641E-3	4.397084E-3
0.000000E+0	0.000000E+0	0.000000E+0	0.000000E+0	1.072642E-2	6.996316E-3	4.397084E-3
0.000000E+0	0.000000E+0	0.000000E+0	0.000000E+0	1.064730E-2	6.946798E-3	4.426866E-3
0.000000E+0	0.000000E+0	0.000000E+0	0.000000E+0	1.057806E-2	6.936894E-3	4.307736E-3
0.000000E+0	0.000000E+0	0.000000E+0	0.000000E+0	1.046927E-2	6.926991E-3	4.238243E-3
0.000000E+0	0.000000E+0	0.000000E+0	0.000000E+0	1.025169E-2	6.887376E-3	4.218388E-3
0.000000E+0	0.000000E+0	0.000000E+0	0.000000E+0	1.005388E-2	6.877473E-3	4.208460E-3
0.000000E+0	0.000000E+0	0.000000E+0	0.000000E+0	9.954977E-3	6.867569E-3	4.109185E-3
0.000000E+0	0.000000E+0	0.000000E+0	0.000000E+0	9.915416E-3	6.847762E-3	4.138968E-3
0.000000E+0	0.000000E+0	0.000000E+0	0.000000E+0	9.796733E-3	6.808148E-3	4.059548E-3
0.000000E+0	0.000000E+0	0.000000E+0	0.000000E+0	9.816513E-3	6.758630E-3	4.049620E-3
0.000000E+0	0.000000E+0	0.000000E+0	0.000000E+0	9.767062E-3	6.689304E-3	4.069475E-3
0.000000E+0	0.000000E+0	0.000000E+0	0.000000E+0	9.786842E-3	6.679401E-3	4.049620E-3
0.000000E+0	0.000000E+0	0.000000E+0	0.000000E+0	9.707720E-3	6.699208E-3	4.029765E-3
0.000000E+0	0.000000E+0	0.000000E+0	0.000000E+0	9.737391E-3	6.540751E-3	3.999982E-3
0.000000E+0	0.000000E+0	0.000000E+0	0.000000E+0	9.658269E-3	6.441715E-3	4.039693E-3
0.000000E+0	0.000000E+0	0.000000E+0	0.000000E+0	9.490134E-3	6.332775E-3	4.019837E-3
0.000000E+0	0.000000E+0	0.000000E+0	0.000000E+0	9.351671E-3	6.204029E-3	4.019837E-3
0.000000E+0	0.000000E+0	0.000000E+0	0.000000E+0	9.262659E-3	6.095089E-3	4.009910E-3
0.000000E+0	0.000000E+0	0.000000E+0	0.000000E+0	9.203317E-3	6.085185E-3	4.009910E-3
0.000000E+0	0.000000E+0	0.000000E+0	0.000000E+0	9.064853E-3	6.104993E-3	3.940417E-3
0.000000E+0	0.000000E+0	0.000000E+0	0.000000E+0	8.936279E-3	6.005956E-3	3.999982E-3
0.000000E+0	0.000000E+0	0.000000E+0	0.000000E+0	8.876938E-3	5.956438E-3	3.980127E-3
0.000000E+0	0.000000E+0	0.000000E+0	0.000000E+0	8.817596E-3	5.966342E-3	3.960272E-3
0.000000E+0	0.000000E+0	0.000000E+0	0.000000E+0	8.837377E-3	5.946535E-3	3.920562E-3
0.000000E+0	0.000000E+0	0.000000E+0	0.000000E+0	8.778036E-3	5.936631E-3	3.910635E-3
0.000000E+0	0.000000E+0	0.000000E+0	0.000000E+0	8.787925E-3	5.897017E-3	3.890780E-3
0.000000E+0	0.000000E+0	0.000000E+0	0.000000E+0	8.768145E-3	5.916824E-3	3.811359E-3
0.000000E+0	0.000000E+0	0.000000E+0	0.000000E+0	8.698913E-3	5.867306E-3	3.860997E-3
0.000000E+0	0.000000E+0	0.000000E+0	0.000000E+0	8.689024E-3	5.887114E-3	3.821287E-3
0.000000E+0	0.000000E+0	0.000000E+0	0.000000E+0	8.580230E-3	5.837596E-3	3.801432E-3
0.000000E+0	0.000000E+0	0.000000E+0	0.000000E+0	8.580230E-3	5.847499E-3	3.781577E-3
0.000000E+0	0.000000E+0	0.000000E+0	0.000000E+0	8.461547E-3	5.797981E-3	3.731939E-3
0.000000E+0	0.000000E+0	0.000000E+0	0.000000E+0	8.293413E-3	5.788078E-3	3.692229E-3
0.000000E+0	0.000000E+0	0.000000E+0	0.000000E+0	8.234071E-3	5.708849E-3	3.632664E-3
0.000000E+0	0.000000E+0	0.000000E+0	0.000000E+0	8.056046E-3	5.629620E-3	3.592953E-3
0.000000E+0	0.000000E+0	0.000000E+0	0.000000E+0	7.957144E-3	5.649427E-3	3.493678E-3
0.000000E+0	0.000000E+0	0.000000E+0	0.000000E+0	7.957144E-3	5.599909E-3	3.503605E-3
0.000000E+0	0.000000E+0	0.000000E+0	0.000000E+0	7.868132E-3	5.490970E-3	3.265345E-3
0.000000E+0	0.000000E+0	0.000000E+0	0.000000E+0	7.838461E-3	5.421645E-3	3.324910E-3
0.000000E+0	0.000000E+0	0.000000E+0	0.000000E+0	7.828570E-3	5.322609E-3	3.324910E-3
0.000000E+0	0.000000E+0	0.000000E+0	0.000000E+0	7.818680E-3	5.263187E-3	3.384475E-3
0.000000E+0	0.000000E+0	0.000000E+0	0.000000E+0	7.808790E-3	5.233476E-3	3.265345E-3
0.000000E+0	0.000000E+0	0.000000E+0	0.000000E+0	7.789009E-3	5.144344E-3	3.255417E-3
0.000000E+0	0.000000E+0	0.000000E+0	0.000000E+0	7.779119E-3	5.084922E-3	3.146214E-3
0.000000E+0	0.000000E+0	0.000000E+0	0.000000E+0	7.759338E-3	5.055211E-3	3.195852E-3
0.000000E+0	0.000000E+0	0.000000E+0	0.000000E+0	7.709887E-3	5.035404E-3	3.166069E-3
0.000000E+0	0.000000E+0	0.000000E+0	0.000000E+0	7.640655E-3	4.966079E-3	3.175997E-3
0.000000E+0	0.000000E+0	0.000000E+0	0.000000E+0	7.670326E-3	4.966079E-3	3.096577E-3
0.000000E+0	0.000000E+0	0.000000E+0	0.000000E+0	7.531862E-3	4.926465E-3	3.126359E-3
0.000000E+0	0.000000E+0	0.000000E+0	0.000000E+0	7.482411E-3	4.966079E-3	3.056866E-3
0.000000E+0	0.000000E+0	0.000000E+0	0.000000E+0	7.294496E-3	4.916561E-3	3.066794E-3
0.000000E+0	0.000000E+0	0.000000E+0	0.000000E+0	7.235155E-3	4.896754E-3	3.046939E-3
0.000000E+0	0.000000E+0	0.000000E+0	0.000000E+0	7.086800E-3	4.906658E-3	3.096577E-3
0.000000E+0	0.000000E+0	0.000000E+0	0.000000E+0	7.086800E-3	4.906658E-3	3.066794E-3
0.000000E+0	0.000000E+0	0.000000E+0	0.000000E+0	6.997788E-3	4.876947E-3	3.096577E-3
0.000000E+0	0.000000E+0	0.000000E+0	0.000000E+0	6.978007E-3	4.896754E-3	3.046939E-3
0.000000E+0	0.000000E+0	0.000000E+0	0.000000E+0	6.938446E-3	4.876947E-3	3.037011E-3
0.000000E+0	0.000000E+0	0.000000E+0	0.000000E+0	6.859324E-3	4.857140E-3	3.027084E-3
0.000000E+0	0.000000E+0	0.000000E+0	0.000000E+0	6.888995E-3	4.857140E-3	3.046939E-3
0.000000E+0	0.000000E+0	0.000000E+0	0.000000E+0	6.829653E-3	4.827429E-3	3.027084E-3
0.000000E+0	0.000000E+0	0.000000E+0	0.000000E+0	6.849434E-3	4.817525E-3	3.037011E-3
0.000000E+0	0.000000E+0	0.000000E+0	0.000000E+0	6.829653E-3	4.768007E-3	3.027084E-3
0.000000E+0	0.000000E+0	0.000000E+0	0.000000E+0	6.829653E-3	4.817525E-3	3.017156E-3
0.000000E+0	0.000000E+0	0.000000E+0	0.000000E+0	6.809873E-3	4.768007E-3	3.027084E-3
0.000000E+0	0.000000E+0	0.000000E+0	0.000000E+0	6.809873E-3	4.718489E-3	3.017156E-3
0.000000E+0	0.000000E+0	0.000000E+0	0.000000E+0	6.809873E-3	4.738296E-3	2.997301E-3
0.000000E+0	0.000000E+0	0.000000E+0	0.000000E+0	6.770312E-3	4.639260E-3	3.027084E-3
0.000000E+0	0.000000E+0	0.000000E+0	0.000000E+0	6.701080E-3	4.579839E-3	2.987374E-3
0.000000E+0	0.000000E+0	0.000000E+0	0.000000E+0	6.661519E-3	4.560032E-3	2.997301E-3
0.000000E+0	0.000000E+0	0.000000E+0	0.000000E+0	6.572507E-3	4.490707E-3	3.027084E-3
0.000000E+0	0.000000E+0	0.000000E+0	0.000000E+0	6.572507E-3	4.480803E-3	2.977446E-3
0.000000E+0	0.000000E+0	0.000000E+0	0.000000E+0	6.552726E-3	4.381767E-3	2.917881E-3
0.000000E+0	0.000000E+0	0.000000E+0	0.000000E+0	6.394482E-3	4.342153E-3	2.987374E-3
0.000000E+0	0.000000E+0	0.000000E+0	0.000000E+0	6.384592E-3	4.312442E-3	2.977446E-3
0.000000E+0	0.000000E+0	0.000000E+0	0.000000E+0	6.305470E-3	4.272827E-3	2.987374E-3
0.000000E+0	0.000000E+0	0.000000E+0	0.000000E+0	6.246128E-3	4.193599E-3	2.917881E-3
0.000000E+0	0.000000E+0	0.000000E+0	0.000000E+0	6.097774E-3	4.134177E-3	2.937736E-3
0.000000E+0	0.000000E+0	0.000000E+0	0.000000E+0	6.058213E-3	4.124274E-3	2.868243E-3
0.000000E+0	0.000000E+0	0.000000E+0	0.000000E+0	5.979091E-3	4.104467E-3	2.898026E-3
0.000000E+0	0.000000E+0	0.000000E+0	0.000000E+0	5.949420E-3	4.134177E-3	2.917881E-3
0.000000E+0	0.000000E+0	0.000000E+0	0.000000E+0	5.939530E-3	4.005431E-3	2.838460E-3
0.000000E+0	0.000000E+0	0.000000E+0	0.000000E+0	5.919749E-3	4.054949E-3	2.808678E-3
0.000000E+0	0.000000E+0	0.000000E+0	0.000000E+0	5.899969E-3	3.975720E-3	2.838460E-3
0.000000E+0	0.000000E+0	0.000000E+0	0.000000E+0	5.870298E-3	3.936105E-3	2.848388E-3
0.000000E+0	0.000000E+0	0.000000E+0	0.000000E+0	5.830737E-3	3.995527E-3	2.878171E-3
0.000000E+0	0.000000E+0	0.000000E+0	0.000000E+0	5.860408E-3	3.965816E-3	2.788823E-3
0.000000E+0	0.000000E+0	0.000000E+0	0.000000E+0	5.840627E-3	3.955912E-3	2.788823E-3
0.000000E+0	0.000000E+0	0.000000E+0	0.000000E+0	5.830737E-3	3.906394E-3	2.719330E-3
0.000000E+0	0.000000E+0	0.000000E+0	0.000000E+0	5.820847E-3	3.926202E-3	2.659765E-3
0.000000E+0	0.000000E+0	0.000000E+0	0.000000E+0	5.830737E-3	3.926202E-3	2.659765E-3
0.000000E+0	0.000000E+0	0.000000E+0	0.000000E+0	5.781286E-3	3.946009E-3	2.649837E-3
0.000000E+0	0.000000E+0	0.000000E+0	0.000000E+0	5.810956E-3	3.916298E-3	2.629982E-3
0.000000E+0	0.000000E+0	0.000000E+0	0.000000E+0	5.771395E-3	3.916298E-3	2.620055E-3
0.000000E+0	0.000000E+0	0.000000E+0	0.000000E+0	5.771395E-3	3.906394E-3	2.570417E-3
0.000000E+0	0.000000E+0	0.000000E+0	0.000000E+0	5.721944E-3	3.896491E-3	2.530707E-3
0.000000E+0	0.000000E+0	0.000000E+0	0.000000E+0	5.741725E-3	3.916298E-3	2.500924E-3
0.000000E+0	0.000000E+0	0.000000E+0	0.000000E+0	5.692273E-3	3.886587E-3	2.411576E-3
0.000000E+0	0.000000E+0	0.000000E+0	0.000000E+0	5.652712E-3	3.886587E-3	2.490997E-3
0.000000E+0	0.000000E+0	0.000000E+0	0.000000E+0	5.662602E-3	3.896491E-3	2.431432E-3
0.000000E+0	0.000000E+0	0.000000E+0	0.000000E+0	5.573590E-3	3.896491E-3	2.510852E-3
0.000000E+0	0.000000E+0	0.000000E+0	0.000000E+0	5.553809E-3	3.906394E-3	2.371866E-3
0.000000E+0	0.000000E+0	0.000000E+0	0.000000E+0	5.445017E-3	3.856877E-3	2.411576E-3
0.000000E+0	0.000000E+0	0.000000E+0	0.000000E+0	5.494468E-3	3.856877E-3	2.451287E-3
0.000000E+0	0.000000E+0	0.000000E+0	0.000000E+0	5.415346E-3	3.837069E-3	2.332156E-3
0.000000E+0	0.000000E+0	0.000000E+0	0.000000E+0	5.187870E-3	3.856877E-3	2.232881E-3
0.000000E+0	0.000000E+0	0.000000E+0	0.000000E+0	5.257102E-3	3.817262E-3	2.342084E-3
0.000000E+0	0.000000E+0	0.000000E+0	0.000000E+0	5.158199E-3	3.807359E-3	2.292446E-3
0.000000E+0	0.000000E+0	0.000000E+0	0.000000E+0	5.118638E-3	3.738033E-3	2.242808E-3
0.000000E+0	0.000000E+0	0.000000E+0	0.000000E+0	5.128528E-3	3.747937E-3	2.282518E-3
0.000000E+0	0.000000E+0	0.000000E+0	0.000000E+0	5.069187E-3	3.728130E-3	2.232881E-3
0.000000E+0	0.000000E+0	0.000000E+0	0.000000E+0	5.059297E-3	3.708323E-3	2.213026E-3
0.000000E+0	0.000000E+0	0.000000E+0	0.000000E+0	4.970284E-3	3.668708E-3	2.262663E-3
0.000000E+0	0.000000E+0	0.000000E+0	0.000000E+0	4.970284E-3	3.648901E-3	2.203098E-3
0.000000E+0	0.000000E+0	0.000000E+0	0.000000E+0	4.910943E-3	3.728130E-3	2.153460E-3
0.000000E+0	0.000000E+0	0.000000E+0	0.000000E+0	4.940613E-3	3.539962E-3	2.193171E-3
0.000000E+0	0.000000E+0	0.000000E+0	0.000000E+0	4.891162E-3	3.520154E-3	2.163388E-3
0.000000E+0	0.000000E+0	0.000000E+0	0.000000E+0	4.910943E-3	3.549865E-3	2.093895E-3
0.000000E+0	0.000000E+0	0.000000E+0	0.000000E+0	4.861491E-3	3.450829E-3	2.143533E-3
0.000000E+0	0.000000E+0	0.000000E+0	0.000000E+0	4.871381E-3	3.431022E-3	2.093895E-3
0.000000E+0	0.000000E+0	0.000000E+0	0.000000E+0	4.871381E-3	3.500347E-3	2.163388E-3
0.000000E+0	0.000000E+0	0.000000E+0	0.000000E+0	4.861491E-3	3.421118E-3	2.103823E-3
0.000000E+0	0.000000E+0	0.000000E+0	0.000000E+0	4.871381E-3	3.391408E-3	2.074040E-3
0.000000E+0	0.000000E+0	0.000000E+0	0.000000E+0	4.841711E-3	3.371601E-3	2.093895E-3
0.000000E+0	0.000000E+0	0.000000E+0	0.000000E+0	4.831820E-3	3.331986E-3	2.093895E-3
0.000000E+0	0.000000E+0	0.000000E+0	0.000000E+0	4.821930E-3	3.351793E-3	2.074040E-3
0.000000E+0	0.000000E+0	0.000000E+0	0.000000E+0	4.831820E-3	3.312179E-3	2.064113E-3
0.000000E+0	0.000000E+0	0.000000E+0	0.000000E+0	4.812040E-3	3.223047E-3	2.074040E-3
0.000000E+0	0.000000E+0	0.000000E+0	0.000000E+0	4.831820E-3	3.143818E-3	2.083968E-3
0.000000E+0	0.000000E+0	0.000000E+0	0.000000E+0	4.782369E-3	3.133914E-3	2.093895E-3
0.000000E+0	0.000000E+0	0.000000E+0	0.000000E+0	4.782369E-3	3.133914E-3	2.103823E-3
0.000000E+0	0.000000E+0	0.000000E+0	0.000000E+0	4.792260E-3	3.232950E-3	2.074040E-3
0.000000E+0	0.000000E+0	0.000000E+0	0.000000E+0	4.742808E-3	3.054685E-3	2.064113E-3
0.000000E+0	0.000000E+0	0.000000E+0	0.000000E+0	4.703247E-3	3.124011E-3	2.083968E-3
0.000000E+0	0.000000E+0	0.000000E+0	0.000000E+0	4.683467E-3	3.124011E-3	2.064113E-3
0.000000E+0	0.000000E+0	0.000000E+0	0.000000E+0	4.703247E-3	3.044782E-3	2.074040E-3
0.000000E+0	0.000000E+0	0.000000E+0	0.000000E+0	4.624125E-3	3.005167E-3	2.064113E-3
0.000000E+0	0.000000E+0	0.000000E+0	0.000000E+0	4.703247E-3	3.034878E-3	2.034330E-3
0.000000E+0	0.000000E+0	0.000000E+0	0.000000E+0	4.673576E-3	2.985360E-3	2.044257E-3
0.000000E+0	0.000000E+0	0.000000E+0	0.000000E+0	4.614234E-3	3.034878E-3	2.034330E-3
0.000000E+0	0.000000E+0	0.000000E+0	0.000000E+0	4.584564E-3	3.054685E-3	2.034330E-3
0.000000E+0	0.000000E+0	0.000000E+0	0.000000E+0	4.594454E-3	2.965553E-3	2.034330E-3
0.000000E+0	0.000000E+0	0.000000E+0	0.000000E+0	4.574674E-3	3.005167E-3	2.044257E-3
0.000000E+0	0.000000E+0	0.000000E+0	0.000000E+0	4.485661E-3	2.945746E-3	2.034330E-3
0.000000E+0	0.000000E+0	0.000000E+0	0.000000E+0	4.446100E-3	2.965553E-3	2.034330E-3
0.000000E+0	0.000000E+0	0.000000E+0	0.000000E+0	4.347198E-3	2.965553E-3	2.024402E-3
0.000000E+0	0.000000E+0	0.000000E+0	0.000000E+0	4.366978E-3	2.965553E-3	2.034330E-3
0.000000E+0	0.000000E+0	0.000000E+0	0.000000E+0	4.218624E-3	2.965553E-3	2.004548E-3
0.000000E+0	0.000000E+0	0.000000E+0	0.000000E+0	4.238405E-3	2.965553E-3	2.034330E-3
0.000000E+0	0.000000E+0	0.000000E+0	0.000000E+0	4.248295E-3	2.925939E-3	2.024402E-3
0.000000E+0	0.000000E+0	0.000000E+0	0.000000E+0	4.149392E-3	2.925939E-3	2.024402E-3
0.000000E+0	0.000000E+0	0.000000E+0	0.000000E+0	4.198844E-3	2.935842E-3	2.024402E-3
0.000000E+0	0.000000E+0	0.000000E+0	0.000000E+0	4.030709E-3	2.945746E-3	2.024402E-3
0.000000E+0	0.000000E+0	0.000000E+0	0.000000E+0	4.060380E-3	2.935842E-3	2.014475E-3
0.000000E+0	0.000000E+0	0.000000E+0	0.000000E+0	4.060380E-3	2.935842E-3	2.024402E-3
0.000000E+0	0.000000E+0	0.000000E+0	0.000000E+0	3.991148E-3	2.925939E-3	2.044257E-3
0.000000E+0	0.000000E+0	0.000000E+0	0.000000E+0	4.001038E-3	2.925939E-3	2.024402E-3
0.000000E+0	0.000000E+0	0.000000E+0	0.000000E+0	4.010929E-3	2.925939E-3	1.984692E-3
0.000000E+0	0.000000E+0	0.000000E+0	0.000000E+0	3.941697E-3	2.916035E-3	2.034330E-3
0.000000E+0	0.000000E+0	0.000000E+0	0.000000E+0	3.931806E-3	2.916035E-3	2.024402E-3
0.000000E+0	0.000000E+0	0.000000E+0	0.000000E+0	3.921916E-3	2.925939E-3	2.014475E-3
0.000000E+0	0.000000E+0	0.000000E+0	0.000000E+0	3.921916E-3	2.925939E-3	2.024402E-3
0.000000E+0	0.000000E+0	0.000000E+0	0.000000E+0	3.872465E-3	2.906132E-3	2.014475E-3
0.000000E+0	0.000000E+0	0.000000E+0	0.000000E+0	3.882355E-3	2.896228E-3	1.984692E-3
0.000000E+0	0.000000E+0	0.000000E+0	0.000000E+0	3.902136E-3	2.906132E-3	2.004548E-3
0.000000E+0	0.000000E+0	0.000000E+0	0.000000E+0	3.892245E-3	2.886324E-3	2.014475E-3
0.000000E+0	0.000000E+0	0.000000E+0	0.000000E+0	3.892245E-3	2.876421E-3	2.004548E-3
0.000000E+0	0.000000E+0	0.000000E+0	0.000000E+0	3.872465E-3	2.886324E-3	2.004548E-3
0.000000E+0	0.000000E+0	0.000000E+0	0.000000E+0	3.872465E-3	2.896228E-3	2.004548E-3
0.000000E+0	0.000000E+0	0.000000E+0	0.000000E+0	3.852684E-3	2.876421E-3	1.964837E-3
0.000000E+0	0.000000E+0	0.000000E+0	0.000000E+0	3.852684E-3	2.876421E-3	1.984692E-3
0.000000E+0	0.000000E+0	0.000000E+0	0.000000E+0	3.852684E-3	2.886324E-3	1.964837E-3
0.000000E+0	0.000000E+0	0.000000E+0	0.000000E+0	3.862575E-3	2.846710E-3	1.954910E-3
0.000000E+0	0.000000E+0	0.000000E+0	0.000000E+0	3.852684E-3	2.816999E-3	1.974765E-3
0.000000E+0	0.000000E+0	0.000000E+0	0.000000E+0	3.852684E-3	2.836806E-3	1.964837E-3
0.000000E+0	0.000000E+0	0.000000E+0	0.000000E+0	3.823014E-3	2.826903E-3	1.925127E-3
0.000000E+0	0.000000E+0	0.000000E+0	0.000000E+0	3.842794E-3	2.826903E-3	1.944982E-3
0.000000E+0	0.000000E+0	0.000000E+0	0.000000E+0	3.852684E-3	2.826903E-3	1.925127E-3
0.000000E+0	0.000000E+0	0.000000E+0	0.000000E+0	3.832904E-3	2.836806E-3	1.964837E-3
0.000000E+0	0.000000E+0	0.000000E+0	0.000000E+0	3.842794E-3	2.787289E-3	1.974765E-3
0.000000E+0	0.000000E+0	0.000000E+0	0.000000E+0	3.832904E-3	2.777385E-3	1.944982E-3
0.000000E+0	0.000000E+0	0.000000E+0	0.000000E+0	3.823014E-3	2.836806E-3	1.944982E-3
0.000000E+0	0.000000E+0	0.000000E+0	0.000000E+0	3.823014E-3	2.816999E-3	1.915200E-3
0.000000E+0	0.000000E+0	0.000000E+0	0.000000E+0	3.803233E-3	2.737771E-3	1.944982E-3
0.000000E+0	0.000000E+0	0.000000E+0	0.000000E+0	3.793343E-3	2.727867E-3	1.865562E-3
0.000000E+0	0.000000E+0	0.000000E+0	0.000000E+0	3.813123E-3	2.727867E-3	1.925127E-3
0.000000E+0	0.000000E+0	0.000000E+0	0.000000E+0	3.763672E-3	2.698156E-3	1.865562E-3
0.000000E+0	0.000000E+0	0.000000E+0	0.000000E+0	3.773562E-3	2.688252E-3	1.815924E-3
0.000000E+0	0.000000E+0	0.000000E+0	0.000000E+0	3.734001E-3	2.717963E-3	1.905272E-3
0.000000E+0	0.000000E+0	0.000000E+0	0.000000E+0	3.714221E-3	2.717963E-3	1.845707E-3
0.000000E+0	0.000000E+0	0.000000E+0	0.000000E+0	3.803233E-3	2.658542E-3	1.885417E-3
0.000000E+0	0.000000E+0	0.000000E+0	0.000000E+0	3.743891E-3	2.618927E-3	1.835779E-3
0.000000E+0	0.000000E+0	0.000000E+0	0.000000E+0	3.694440E-3	2.698156E-3	1.835779E-3
0.000000E+0	0.000000E+0	0.000000E+0	0.000000E+0	3.704330E-3	2.638734E-3	1.845707E-3
0.000000E+0	0.000000E+0	0.000000E+0	0.000000E+0	3.694440E-3	2.618927E-3	1.885417E-3
0.000000E+0	0.000000E+0	0.000000E+0	0.000000E+0	3.684550E-3	2.569409E-3	1.796069E-3
0.000000E+0	0.000000E+0	0.000000E+0	0.000000E+0	3.724111E-3	2.569409E-3	1.766287E-3
0.000000E+0	0.000000E+0	0.000000E+0	0.000000E+0	3.674660E-3	2.569409E-3	1.835779E-3
0.000000E+0	0.000000E+0	0.000000E+0	0.000000E+0	3.605428E-3	2.599120E-3	1.766287E-3
0.000000E+0	0.000000E+0	0.000000E+0	0.000000E+0	3.625208E-3	2.569409E-3	1.756359E-3
0.000000E+0	0.000000E+0	0.000000E+0	0.000000E+0	3.674660E-3	2.430759E-3	1.736504E-3
0.000000E+0	0.000000E+0	0.000000E+0	0.000000E+0	3.575757E-3	2.539699E-3	1.696794E-3
0.000000E+0	0.000000E+0	0.000000E+0	0.000000E+0	3.496635E-3	2.519891E-3	1.776214E-3
0.000000E+0	0.000000E+0	0.000000E+0	0.000000E+0	3.575757E-3	2.490181E-3	1.786142E-3
0.000000E+0	0.000000E+0	0.000000E+0	0.000000E+0	3.536196E-3	2.529795E-3	1.736504E-3
0.000000E+0	0.000000E+0	0.000000E+0	0.000000E+0	3.486745E-3	2.500084E-3	1.726576E-3
0.000000E+0	0.000000E+0	0.000000E+0	0.000000E+0	3.476854E-3	2.410952E-3	1.706721E-3
0.000000E+0	0.000000E+0	0.000000E+0	0.000000E+0	3.466964E-3	2.440663E-3	1.736504E-3
0.000000E+0	0.000000E+0	0.000000E+0	0.000000E+0	3.427403E-3	2.391145E-3	1.587591E-3
0.000000E+0	0.000000E+0	0.000000E+0	0.000000E+0	3.407622E-3	2.401048E-3	1.637229E-3
0.000000E+0	0.000000E+0	0.000000E+0	0.000000E+0	3.417513E-3	2.361434E-3	1.647156E-3
0.000000E+0	0.000000E+0	0.000000E+0	0.000000E+0	3.269159E-3	2.341627E-3	1.796069E-3
0.000000E+0	0.000000E+0	0.000000E+0	0.000000E+0	3.249378E-3	2.292109E-3	1.647156E-3
0.000000E+0	0.000000E+0	0.000000E+0	0.000000E+0	3.328500E-3	2.341627E-3	1.657084E-3
0.000000E+0	0.000000E+0	0.000000E+0	0.000000E+0	3.229598E-3	2.381241E-3	1.617373E-3
0.000000E+0	0.000000E+0	0.000000E+0	0.000000E+0	3.288939E-3	2.212880E-3	1.647156E-3
0.000000E+0	0.000000E+0	0.000000E+0	0.000000E+0	3.239488E-3	2.371337E-3	1.617373E-3
0.000000E+0	0.000000E+0	0.000000E+0	0.000000E+0	3.209817E-3	2.242591E-3	1.627301E-3
0.000000E+0	0.000000E+0	0.000000E+0	0.000000E+0	3.190037E-3	2.212880E-3	1.627301E-3
0.000000E+0	0.000000E+0	0.000000E+0	0.000000E+0	3.071354E-3	2.232687E-3	1.547881E-3
0.000000E+0	0.000000E+0	0.000000E+0	0.000000E+0	3.150476E-3	2.212880E-3	1.547881E-3
0.000000E+0	0.000000E+0	0.000000E+0	0.000000E+0	3.041683E-3	2.272302E-3	1.587591E-3
0.000000E+0	0.000000E+0	0.000000E+0	0.000000E+0	3.110915E-3	2.183169E-3	1.547881E-3
0.000000E+0	0.000000E+0	0.000000E+0	0.000000E+0	3.031793E-3	2.262398E-3	1.528026E-3
0.000000E+0	0.000000E+0	0.000000E+0	0.000000E+0	2.982341E-3	2.202976E-3	1.537953E-3
0.000000E+0	0.000000E+0	0.000000E+0	0.000000E+0	3.071354E-3	2.113844E-3	1.478388E-3
0.000000E+0	0.000000E+0	0.000000E+0	0.000000E+0	3.031793E-3	2.143555E-3	1.478388E-3
0.000000E+0	0.000000E+0	0.000000E+0	0.000000E+0	3.021902E-3	2.153458E-3	1.488316E-3
0.000000E+0	0.000000E+0	0.000000E+0	0.000000E+0	3.041683E-3	2.133651E-3	1.537953E-3
0.000000E+0	0.000000E+0	0.000000E+0	0.000000E+0	2.952670E-3	2.143555E-3	1.438678E-3
0.000000E+0	0.000000E+0	0.000000E+0	0.000000E+0	3.041683E-3	2.084133E-3	1.528026E-3
0.000000E+0	0.000000E+0	0.000000E+0	0.000000E+0	2.972451E-3	2.123747E-3	1.508171E-3
0.000000E+0	0.000000E+0	0.000000E+0	0.000000E+0	2.992231E-3	2.143555E-3	1.498243E-3
0.000000E+0	0.000000E+0	0.000000E+0	0.000000E+0	2.972451E-3	2.074230E-3	1.458533E-3
0.000000E+0	0.000000E+0	0.000000E+0	0.000000E+0	2.893329E-3	2.094037E-3	1.398968E-3
0.000000E+0	0.000000E+0	0.000000E+0	0.000000E+0	2.942780E-3	2.133651E-3	1.379113E-3
0.000000E+0	0.000000E+0	0.000000E+0	0.000000E+0	2.942780E-3	2.084133E-3	1.498243E-3
0.000000E+0	0.000000E+0	0.000000E+0	0.000000E+0	2.923000E-3	2.014808E-3	1.398968E-3
0.000000E+0	0.000000E+0	0.000000E+0	0.000000E+0	2.903219E-3	2.074230E-3	1.369185E-3
0.000000E+0	0.000000E+0	0.000000E+0	0.000000E+0	2.932890E-3	2.044519E-3	1.329475E-3
0.000000E+0	0.000000E+0	0.000000E+0	0.000000E+0	2.923000E-3	2.054422E-3	1.418823E-3
0.000000E+0	0.000000E+0	0.000000E+0	0.000000E+0	2.883438E-3	2.044519E-3	1.329475E-3
0.000000E+0	0.000000E+0	0.000000E+0	0.000000E+0	2.913109E-3	2.004904E-3	1.349330E-3
0.000000E+0	0.000000E+0	0.000000E+0	0.000000E+0	2.883438E-3	1.985097E-3	1.319547E-3
0.000000E+0	0.000000E+0	0.000000E+0	0.000000E+0	2.883438E-3	2.064326E-3	1.359257E-3
0.000000E+0	0.000000E+0	0.000000E+0	0.000000E+0	2.883438E-3	2.004904E-3	1.329475E-3
0.000000E+0	0.000000E+0	0.000000E+0	0.000000E+0	2.873548E-3	2.024712E-3	1.359257E-3
0.000000E+0	0.000000E+0	0.000000E+0	0.000000E+0	2.883438E-3	2.024712E-3	1.299692E-3
0.000000E+0	0.000000E+0	0.000000E+0	0.000000E+0	2.873548E-3	1.985097E-3	1.438678E-3
0.000000E+0	0.000000E+0	0.000000E+0	0.000000E+0	2.883438E-3	2.024712E-3	1.398968E-3
0.000000E+0	0.000000E+0	0.000000E+0	0.000000E+0	2.863658E-3	1.975194E-3	1.299692E-3
0.000000E+0	0.000000E+0	0.000000E+0	0.000000E+0	2.863658E-3	1.965290E-3	1.299692E-3
0.000000E+0	0.000000E+0	0.000000E+0	0.000000E+0	2.873548E-3	1.985097E-3	1.309620E-3
0.000000E+0	0.000000E+0	0.000000E+0	0.000000E+0	2.873548E-3	2.014808E-3	1.269910E-3
0.000000E+0	0.000000E+0	0.000000E+0	0.000000E+0	2.863658E-3	1.995001E-3	1.240127E-3
0.000000E+0	0.000000E+0	0.000000E+0	0.000000E+0	2.873548E-3	1.965290E-3	1.259982E-3
0.000000E+0	0.000000E+0	0.000000E+0	0.000000E+0	2.843878E-3	1.975194E-3	1.250055E-3
0.000000E+0	0.000000E+0	0.000000E+0	0.000000E+0	2.853768E-3	1.985097E-3	1.259982E-3
0.000000E+0	0.000000E+0	0.000000E+0	0.000000E+0	2.853768E-3	1.945483E-3	1.269910E-3
0.000000E+0	0.000000E+0	0.000000E+0	0.000000E+0	2.873548E-3	1.965290E-3	1.250055E-3
0.000000E+0	0.000000E+0	0.000000E+0	0.000000E+0	2.863658E-3	1.935579E-3	1.210344E-3
0.000000E+0	0.000000E+0	0.000000E+0	0.000000E+0	2.873548E-3	1.965290E-3	1.230199E-3
0.000000E+0	0.000000E+0	0.000000E+0	0.000000E+0	2.863658E-3	1.945483E-3	1.230199E-3
0.000000E+0	0.000000E+0	0.000000E+0	0.000000E+0	2.833987E-3	1.955386E-3	1.240127E-3
0.000000E+0	0.000000E+0	0.000000E+0	0.000000E+0	2.843878E-3	1.975194E-3	1.240127E-3
0.000000E+0	0.000000E+0	0.000000E+0	0.000000E+0	2.863658E-3	1.955386E-3	1.160707E-3
0.000000E+0	0.000000E+0	0.000000E+0	0.000000E+0	2.833987E-3	1.945483E-3	1.200417E-3
0.000000E+0	0.000000E+0	0.000000E+0	0.000000E+0	2.843878E-3	1.975194E-3	1.190489E-3
0.000000E+0	0.000000E+0	0.000000E+0	0.000000E+0	2.843878E-3	1.935579E-3	1.220272E-3
0.000000E+0	0.000000E+0	0.000000E+0	0.000000E+0	2.833987E-3	1.925676E-3	1.170634E-3
0.000000E+0	0.000000E+0	0.000000E+0	0.000000E+0	2.843878E-3	1.945483E-3	1.190489E-3
0.000000E+0	0.000000E+0	0.000000E+0	0.000000E+0	2.853768E-3	1.955386E-3	1.160707E-3
0.000000E+0	0.000000E+0	0.000000E+0	0.000000E+0	2.824097E-3	1.935579E-3	1.170634E-3
0.000000E+0	0.000000E+0	0.000000E+0	0.000000E+0	2.824097E-3	1.955386E-3	1.160707E-3
0.000000E+0	0.000000E+0	0.000000E+0	0.000000E+0	2.824097E-3	1.945483E-3	1.130924E-3
0.000000E+0	0.000000E+0	0.000000E+0	0.000000E+0	2.794426E-3	1.955386E-3	1.120997E-3
0.000000E+0	0.000000E+0	0.000000E+0	0.000000E+0	2.824097E-3	1.935579E-3	1.170634E-3
0.000000E+0	0.000000E+0	0.000000E+0	0.000000E+0	2.814207E-3	1.945483E-3	1.120997E-3
0.000000E+0	0.000000E+0	0.000000E+0	0.000000E+0	2.833987E-3	1.945483E-3	1.111069E-3
0.000000E+0	0.000000E+0	0.000000E+0	0.000000E+0	2.814207E-3	1.945483E-3	1.150779E-3
0.000000E+0	0.000000E+0	0.000000E+0	0.000000E+0	2.794426E-3	1.945483E-3	1.160707E-3
0.000000E+0	0.000000E+0	0.000000E+0	0.000000E+0	2.754865E-3	1.915772E-3	1.140852E-3
0.000000E+0	0.000000E+0	0.000000E+0	0.000000E+0	2.715304E-3	1.925676E-3	1.130924E-3
0.000000E+0	0.000000E+0	0.000000E+0	0.000000E+0	2.824097E-3	1.945483E-3	1.150779E-3
0.000000E+0	0.000000E+0	0.000000E+0	0.000000E+0	2.744975E-3	1.955386E-3	1.130924E-3
0.000000E+0	0.000000E+0	0.000000E+0	0.000000E+0	2.764755E-3	1.925676E-3	1.150779E-3
0.000000E+0	0.000000E+0	0.000000E+0	0.000000E+0	2.804317E-3	1.915772E-3	1.120997E-3
0.000000E+0	0.000000E+0	0.000000E+0	0.000000E+0	2.764755E-3	1.915772E-3	1.111069E-3
0.000000E+0	0.000000E+0	0.000000E+0	0.000000E+0	2.804317E-3	1.925676E-3	1.140852E-3
0.000000E+0	0.000000E+0	0.000000E+0	0.000000E+0	2.695524E-3	1.935579E-3	1.111069E-3
0.000000E+0	0.000000E+0	0.000000E+0	0.000000E+0	2.794426E-3	1.935579E-3	1.061431E-3
0.000000E+0	0.000000E+0	0.000000E+0	0.000000E+0	2.705414E-3	1.925676E-3	1.120997E-3
0.000000E+0	0.000000E+0	0.000000E+0	0.000000E+0	2.725194E-3	1.905869E-3	1.091214E-3
0.000000E+0	0.000000E+0	0.000000E+0	0.000000E+0	2.705414E-3	1.915772E-3	1.111069E-3
0.000000E+0	0.000000E+0	0.000000E+0	0.000000E+0	2.735085E-3	1.925676E-3	1.071359E-3
0.000000E+0	0.000000E+0	0.000000E+0	0.000000E+0	2.685633E-3	1.925676E-3	1.091214E-3
0.000000E+0	0.000000E+0	0.000000E+0	0.000000E+0	2.774646E-3	1.895965E-3	1.140852E-3
0.000000E+0	0.000000E+0	0.000000E+0	0.000000E+0	2.655962E-3	1.925676E-3	1.101142E-3
0.000000E+0	0.000000E+0	0.000000E+0	0.000000E+0	2.646072E-3	1.935579E-3	1.101142E-3
0.000000E+0	0.000000E+0	0.000000E+0	0.000000E+0	2.636182E-3	1.905869E-3	1.111069E-3
0.000000E+0	0.000000E+0	0.000000E+0	0.000000E+0	2.586731E-3	1.925676E-3	1.130924E-3
0.000000E+0	0.000000E+0	0.000000E+0	0.000000E+0	2.596621E-3	1.905869E-3	1.061431E-3
0.000000E+0	0.000000E+0	0.000000E+0	0.000000E+0	2.655962E-3	1.895965E-3	1.130924E-3
0.000000E+0	0.000000E+0	0.000000E+0	0.000000E+0	2.566950E-3	1.886061E-3	1.111069E-3
0.000000E+0	0.000000E+0	0.000000E+0	0.000000E+0	2.586731E-3	1.886061E-3	1.081286E-3
0.000000E+0	0.000000E+0	0.000000E+0	0.000000E+0	2.507609E-3	1.915772E-3	1.091214E-3
0.000000E+0	0.000000E+0	0.000000E+0	0.000000E+0	2.537279E-3	1.895965E-3	1.081286E-3
0.000000E+0	0.000000E+0	0.000000E+0	0.000000E+0	2.636182E-3	1.905869E-3	1.091214E-3
0.000000E+0	0.000000E+0	0.000000E+0	0.000000E+0	2.458157E-3	1.876158E-3	1.051504E-3
0.000000E+0	0.000000E+0	0.000000E+0	0.000000E+0	2.517499E-3	1.876158E-3	1.101142E-3
0.000000E+0	0.000000E+0	0.000000E+0	0.000000E+0	2.487828E-3	1.915772E-3	1.101142E-3
0.000000E+0	0.000000E+0	0.000000E+0	0.000000E+0	2.458157E-3	1.886061E-3	1.071359E-3
0.000000E+0	0.000000E+0	0.000000E+0	0.000000E+0	2.458157E-3	1.895965E-3	1.071359E-3
0.000000E+0	0.000000E+0	0.000000E+0	0.000000E+0	2.547170E-3	1.905869E-3	1.071359E-3
0.000000E+0	0.000000E+0	0.000000E+0	0.000000E+0	2.418596E-3	1.905869E-3	1.071359E-3
0.000000E+0	0.000000E+0	0.000000E+0	0.000000E+0	2.359255E-3	1.866254E-3	1.061431E-3
0.000000E+0	0.000000E+0	0.000000E+0	0.000000E+0	2.388926E-3	1.886061E-3	1.061431E-3
0.000000E+0	0.000000E+0	0.000000E+0	0.000000E+0	2.388926E-3	1.886061E-3	1.081286E-3
0.000000E+0	0.000000E+0	0.000000E+0	0.000000E+0	2.428486E-3	1.886061E-3	1.081286E-3
0.000000E+0	0.000000E+0	0.000000E+0	0.000000E+0	2.517499E-3	1.886061E-3	1.051504E-3
0.000000E+0	0.000000E+0	0.000000E+0	0.000000E+0	2.408706E-3	1.846447E-3	1.051504E-3
0.000000E+0	0.000000E+0	0.000000E+0	0.000000E+0	2.379035E-3	1.866254E-3	1.061431E-3
0.000000E+0	0.000000E+0	0.000000E+0	0.000000E+0	2.448267E-3	1.856351E-3	1.051504E-3
0.000000E+0	0.000000E+0	0.000000E+0	0.000000E+0	2.299913E-3	1.876158E-3	1.061431E-3
0.000000E+0	0.000000E+0	0.000000E+0	0.000000E+0	2.319694E-3	1.876158E-3	1.091214E-3
0.000000E+0	0.000000E+0	0.000000E+0	0.000000E+0	2.290023E-3	1.806833E-3	1.041576E-3
0.000000E+0	0.000000E+0	0.000000E+0	0.000000E+0	2.220791E-3	1.866254E-3	1.051504E-3
0.000000E+0	0.000000E+0	0.000000E+0	0.000000E+0	2.299913E-3	1.866254E-3	1.101142E-3
0.000000E+0	0.000000E+0	0.000000E+0	0.000000E+0	2.240571E-3	1.846447E-3	1.051504E-3
0.000000E+0	0.000000E+0	0.000000E+0	0.000000E+0	2.290023E-3	1.846447E-3	1.051504E-3
0.000000E+0	0.000000E+0	0.000000E+0	0.000000E+0	2.210901E-3	1.846447E-3	1.061431E-3
0.000000E+0	0.000000E+0	0.000000E+0	0.000000E+0	2.280133E-3	1.826640E-3	1.061431E-3
0.000000E+0	0.000000E+0	0.000000E+0	0.000000E+0	2.220791E-3	1.836543E-3	1.061431E-3
0.000000E+0	0.000000E+0	0.000000E+0	0.000000E+0	2.220791E-3	1.876158E-3	1.021721E-3
0.000000E+0	0.000000E+0	0.000000E+0	0.000000E+0	2.171340E-3	1.826640E-3	1.031649E-3
0.000000E+0	0.000000E+0	0.000000E+0	0.000000E+0	2.210901E-3	1.777122E-3	1.051504E-3
0.000000E+0	0.000000E+0	0.000000E+0	0.000000E+0	2.220791E-3	1.846447E-3	1.051504E-3
0.000000E+0	0.000000E+0	0.000000E+0	0.000000E+0	2.131779E-3	1.816736E-3	1.071359E-3
0.000000E+0	0.000000E+0	0.000000E+0	0.000000E+0	2.131779E-3	1.826640E-3	1.051504E-3
0.000000E+0	0.000000E+0	0.000000E+0	0.000000E+0	2.102108E-3	1.787025E-3	1.061431E-3
0.000000E+0	0.000000E+0	0.000000E+0	0.000000E+0	2.161449E-3	1.806833E-3	1.041576E-3
0.000000E+0	0.000000E+0	0.000000E+0	0.000000E+0	2.131779E-3	1.757315E-3	1.041576E-3
0.000000E+0	0.000000E+0	0.000000E+0	0.000000E+0	2.082327E-3	1.787025E-3	1.051504E-3
0.000000E+0	0.000000E+0	0.000000E+0	0.000000E+0	2.052656E-3	1.836543E-3	1.041576E-3
0.000000E+0	0.000000E+0	0.000000E+0	0.000000E+0	2.102108E-3	1.757315E-3	1.051504E-3
0.000000E+0	0.000000E+0	0.000000E+0	0.000000E+0	2.082327E-3	1.757315E-3	1.031649E-3
0.000000E+0	0.000000E+0	0.000000E+0	0.000000E+0	2.082327E-3	1.737507E-3	1.021721E-3
0.000000E+0	0.000000E+0	0.000000E+0	0.000000E+0	2.161449E-3	1.737507E-3	1.051504E-3
0.000000E+0	0.000000E+0	0.000000E+0	0.000000E+0	2.082327E-3	1.707797E-3	1.051504E-3
0.000000E+0	0.000000E+0	0.000000E+0	0.000000E+0	2.062547E-3	1.737507E-3	1.031649E-3
0.000000E+0	0.000000E+0	0.000000E+0	0.000000E+0	2.052656E-3	1.697893E-3	1.061431E-3
0.000000E+0	0.000000E+0	0.000000E+0	0.000000E+0	1.993315E-3	1.737507E-3	1.031649E-3
0.000000E+0	0.000000E+0	0.000000E+0	0.000000E+0	2.032876E-3	1.727604E-3	1.041576E-3
0.000000E+0	0.000000E+0	0.000000E+0	0.000000E+0	2.003205E-3	1.747411E-3	1.021721E-3
0.000000E+0	0.000000E+0	0.000000E+0	0.000000E+0	1.993315E-3	1.707797E-3	1.051504E-3
0.000000E+0	0.000000E+0	0.000000E+0	0.000000E+0	2.062547E-3	1.737507E-3	1.051504E-3
0.000000E+0	0.000000E+0	0.000000E+0	0.000000E+0	1.993315E-3	1.777122E-3	1.041576E-3
0.000000E+0	0.000000E+0	0.000000E+0	0.000000E+0	2.032876E-3	1.717700E-3	1.021721E-3
0.000000E+0	0.000000E+0	0.000000E+0	0.000000E+0	2.042766E-3	1.747411E-3	1.041576E-3
0.000000E+0	0.000000E+0	0.000000E+0	0.000000E+0	2.032876E-3	1.668182E-3	1.041576E-3
0.000000E+0	0.000000E+0	0.000000E+0	0.000000E+0	1.983425E-3	1.628568E-3	1.021721E-3
0.000000E+0	0.000000E+0	0.000000E+0	0.000000E+0	2.062547E-3	1.697893E-3	1.051504E-3
0.000000E+0	0.000000E+0	0.000000E+0	0.000000E+0	2.013095E-3	1.648375E-3	1.051504E-3
0.000000E+0	0.000000E+0	0.000000E+0	0.000000E+0	1.983425E-3	1.628568E-3	1.031649E-3
0.000000E+0	0.000000E+0	0.000000E+0	0.000000E+0	2.003205E-3	1.668182E-3	1.031649E-3
0.000000E+0	0.000000E+0	0.000000E+0	0.000000E+0	1.953754E-3	1.658279E-3	1.011794E-3
0.000000E+0	0.000000E+0	0.000000E+0	0.000000E+0	1.953754E-3	1.579050E-3	1.041576E-3
0.000000E+0	0.000000E+0	0.000000E+0	0.000000E+0	2.013095E-3	1.727604E-3	1.041576E-3
0.000000E+0	0.000000E+0	0.000000E+0	0.000000E+0	2.013095E-3	1.658279E-3	1.031649E-3
0.000000E+0	0.000000E+0	0.000000E+0	0.000000E+0	1.943864E-3	1.588954E-3	1.041576E-3
0.000000E+0	0.000000E+0	0.000000E+0	0.000000E+0	2.013095E-3	1.539436E-3	1.031649E-3
0.000000E+0	0.000000E+0	0.000000E+0	0.000000E+0	1.933973E-3	1.668182E-3	1.031649E-3
0.000000E+0	0.000000E+0	0.000000E+0	0.000000E+0	1.963644E-3	1.579050E-3	1.001866E-3
0.000000E+0	0.000000E+0	0.000000E+0	0.000000E+0	1.953754E-3	1.628568E-3	1.041576E-3
0.000000E+0	0.000000E+0	0.000000E+0	0.000000E+0	1.933973E-3	1.588954E-3	1.011794E-3
0.000000E+0	0.000000E+0	0.000000E+0	0.000000E+0	1.924083E-3	1.588954E-3	1.011794E-3
0.000000E+0	0.000000E+0	0.000000E+0	0.000000E+0	1.924083E-3	1.529532E-3	1.051504E-3
0.000000E+0	0.000000E+0	0.000000E+0	0.000000E+0	1.933973E-3	1.598857E-3	1.001866E-3
0.000000E+0	0.000000E+0	0.000000E+0	0.000000E+0	1.914193E-3	1.559243E-3	1.021721E-3
0.000000E+0	0.000000E+0	0.000000E+0	0.000000E+0	1.884522E-3	1.489918E-3	1.021721E-3
0.000000E+0	0.000000E+0	0.000000E+0	0.000000E+0	1.904303E-3	1.588954E-3	1.041576E-3
0.000000E+0	0.000000E+0	0.000000E+0	0.000000E+0	1.933973E-3	1.608761E-3	1.001866E-3
0.000000E+0	0.000000E+0	0.000000E+0	0.000000E+0	1.943864E-3	1.499821E-3	1.021721E-3
0.000000E+0	0.000000E+0	0.000000E+0	0.000000E+0	1.884522E-3	1.489918E-3	1.001866E-3
0.000000E+0	0.000000E+0	0.000000E+0	0.000000E+0	1.874632E-3	1.499821E-3	1.011794E-3
0.000000E+0	0.000000E+0	0.000000E+0	0.000000E+0	1.924083E-3	1.470110E-3	1.011794E-3
0.000000E+0	0.000000E+0	0.000000E+0	0.000000E+0	1.904303E-3	1.569146E-3	9.720835E-4
0.000000E+0	0.000000E+0	0.000000E+0	0.000000E+0	1.874632E-3	1.549339E-3	1.001866E-3
0.000000E+0	0.000000E+0	0.000000E+0	0.000000E+0	1.884522E-3	1.390882E-3	9.919386E-4
0.000000E+0	0.000000E+0	0.000000E+0	0.000000E+0	1.894412E-3	1.450303E-3	1.021721E-3
0.000000E+0	0.000000E+0	0.000000E+0	0.000000E+0	1.904303E-3	1.539436E-3	1.021721E-3
0.000000E+0	0.000000E+0	0.000000E+0	0.000000E+0	1.884522E-3	1.519628E-3	9.919386E-4
0.000000E+0	0.000000E+0	0.000000E+0	0.000000E+0	1.894412E-3	1.529532E-3	9.919386E-4
0.000000E+0	0.000000E+0	0.000000E+0	0.000000E+0	1.884522E-3	1.400785E-3	1.041576E-3
0.000000E+0	0.000000E+0	0.000000E+0	0.000000E+0	1.904303E-3	1.371074E-3	1.001866E-3
0.000000E+0	0.000000E+0	0.000000E+0	0.000000E+0	1.874632E-3	1.450303E-3	9.720835E-4
0.000000E+0	0.000000E+0	0.000000E+0	0.000000E+0	1.904303E-3	1.371074E-3	9.919386E-4
0.000000E+0	0.000000E+0	0.000000E+0	0.000000E+0	1.884522E-3	1.509725E-3	9.720835E-4
0.000000E+0	0.000000E+0	0.000000E+0	0.000000E+0	1.884522E-3	1.430496E-3	1.011794E-3
0.000000E+0	0.000000E+0	0.000000E+0	0.000000E+0	1.884522E-3	1.480014E-3	1.031649E-3
0.000000E+0	0.000000E+0	0.000000E+0	0.000000E+0	1.874632E-3	1.420592E-3	1.001866E-3
0.000000E+0	0.000000E+0	0.000000E+0	0.000000E+0	1.884522E-3	1.341364E-3	1.031649E-3
0.000000E+0	0.000000E+0	0.000000E+0	0.000000E+0	1.884522E-3	1.430496E-3	1.001866E-3
0.000000E+0	0.000000E+0	0.000000E+0	0.000000E+0	1.894412E-3	1.480014E-3	9.423009E-4
0.000000E+0	0.000000E+0	0.000000E+0	0.000000E+0	1.884522E-3	1.460207E-3	9.919386E-4
0.000000E+0	0.000000E+0	0.000000E+0	0.000000E+0	1.904303E-3	1.440400E-3	1.001866E-3
0.000000E+0	0.000000E+0	0.000000E+0	0.000000E+0	1.894412E-3	1.380978E-3	9.919386E-4
0.000000E+0	0.000000E+0	0.000000E+0	0.000000E+0	1.894412E-3	1.410689E-3	9.820111E-4
0.000000E+0	0.000000E+0	0.000000E+0	0.000000E+0	1.894412E-3	1.351267E-3	9.720835E-4
0.000000E+0	0.000000E+0	0.000000E+0	0.000000E+0	1.874632E-3	1.380978E-3	9.820111E-4
0.000000E+0	0.000000E+0	0.000000E+0	0.000000E+0	1.894412E-3	1.410689E-3	9.720835E-4
0.000000E+0	0.000000E+0	0.000000E+0	0.000000E+0	1.874632E-3	1.311653E-3	1.011794E-3
0.000000E+0	0.000000E+0	0.000000E+0	0.000000E+0	1.874632E-3	1.301749E-3	1.031649E-3
0.000000E+0	0.000000E+0	0.000000E+0	0.000000E+0	1.884522E-3	1.331460E-3	9.720835E-4
0.000000E+0	0.000000E+0	0.000000E+0	0.000000E+0	1.884522E-3	1.331460E-3	9.423009E-4
0.000000E+0	0.000000E+0	0.000000E+0	0.000000E+0	1.894412E-3	1.321557E-3	9.522284E-4
0.000000E+0	0.000000E+0	0.000000E+0	0.000000E+0	1.884522E-3	1.252231E-3	9.820111E-4
0.000000E+0	0.000000E+0	0.000000E+0	0.000000E+0	1.864741E-3	1.311653E-3	9.919386E-4
0.000000E+0	0.000000E+0	0.000000E+0	0.000000E+0	1.884522E-3	1.291846E-3	9.522284E-4
0.000000E+0	0.000000E+0	0.000000E+0	0.000000E+0	1.874632E-3	1.291846E-3	9.423009E-4
0.000000E+0	0.000000E+0	0.000000E+0	0.000000E+0	1.854851E-3	1.341364E-3	9.423009E-4
0.000000E+0	0.000000E+0	0.000000E+0	0.000000E+0	1.864741E-3	1.311653E-3	9.820111E-4
0.000000E+0	0.000000E+0	0.000000E+0	0.000000E+0	1.854851E-3	1.262135E-3	9.025907E-4
0.000000E+0	0.000000E+0	0.000000E+0	0.000000E+0	1.864741E-3	1.301749E-3	9.522284E-4
0.000000E+0	0.000000E+0	0.000000E+0	0.000000E+0	1.854851E-3	1.311653E-3	9.919386E-4
0.000000E+0	0.000000E+0	0.000000E+0	0.000000E+0	1.884522E-3	1.272038E-3	9.720835E-4
0.000000E+0	0.000000E+0	0.000000E+0	0.000000E+0	1.864741E-3	1.242328E-3	9.224458E-4
0.000000E+0	0.000000E+0	0.000000E+0	0.000000E+0	1.874632E-3	1.212617E-3	9.820111E-4
0.000000E+0	0.000000E+0	0.000000E+0	0.000000E+0	1.874632E-3	1.272038E-3	9.323734E-4
0.000000E+0	0.000000E+0	0.000000E+0	0.000000E+0	1.844961E-3	1.272038E-3	9.025907E-4
0.000000E+0	0.000000E+0	0.000000E+0	0.000000E+0	1.874632E-3	1.202713E-3	9.323734E-4
0.000000E+0	0.000000E+0	0.000000E+0	0.000000E+0	1.854851E-3	1.301749E-3	9.522284E-4
0.000000E+0	0.000000E+0	0.000000E+0	0.000000E+0	1.854851E-3	1.143292E-3	9.621560E-4
0.000000E+0	0.000000E+0	0.000000E+0	0.000000E+0	1.874632E-3	1.252231E-3	9.621560E-4
0.000000E+0	0.000000E+0	0.000000E+0	0.000000E+0	1.854851E-3	1.192810E-3	9.621560E-4
0.000000E+0	0.000000E+0	0.000000E+0	0.000000E+0	1.835071E-3	1.242328E-3	9.224458E-4
0.000000E+0	0.000000E+0	0.000000E+0	0.000000E+0	1.844961E-3	1.262135E-3	9.423009E-4
0.000000E+0	0.000000E+0	0.000000E+0	0.000000E+0	1.874632E-3	1.143292E-3	8.926633E-4
0.000000E+0	0.000000E+0	0.000000E+0	0.000000E+0	1.874632E-3	1.103677E-3	8.628806E-4
0.000000E+0	0.000000E+0	0.000000E+0	0.000000E+0	1.825180E-3	1.202713E-3	8.926633E-4
0.000000E+0	0.000000E+0	0.000000E+0	0.000000E+0	1.864741E-3	1.192810E-3	9.720835E-4
0.000000E+0	0.000000E+0	0.000000E+0	0.000000E+0	1.844961E-3	1.192810E-3	9.522284E-4
0.000000E+0	0.000000E+0	0.000000E+0	0.000000E+0	1.874632E-3	1.163099E-3	9.125183E-4
0.000000E+0	0.000000E+0	0.000000E+0	0.000000E+0	1.854851E-3	1.163099E-3	9.025907E-4
0.000000E+0	0.000000E+0	0.000000E+0	0.000000E+0	1.825180E-3	1.182906E-3	9.224458E-4
0.000000E+0	0.000000E+0	0.000000E+0	0.000000E+0	1.854851E-3	1.163099E-3	9.423009E-4
0.000000E+0	0.000000E+0	0.000000E+0	0.000000E+0	1.854851E-3	1.192810E-3	9.125183E-4
0.000000E+0	0.000000E+0	0.000000E+0	0.000000E+0	1.874632E-3	1.123485E-3	8.728082E-4
0.000000E+0	0.000000E+0	0.000000E+0	0.000000E+0	1.874632E-3	1.163099E-3	9.621560E-4
0.000000E+0	0.000000E+0	0.000000E+0	0.000000E+0	1.854851E-3	1.143292E-3	9.224458E-4
0.000000E+0	0.000000E+0	0.000000E+0	0.000000E+0	1.864741E-3	1.182906E-3	9.125183E-4
0.000000E+0	0.000000E+0	0.000000E+0	0.000000E+0	1.864741E-3	1.143292E-3	9.224458E-4
0.000000E+0	0.000000E+0	0.000000E+0	0.000000E+0	1.815290E-3	1.173003E-3	8.926633E-4
0.000000E+0	0.000000E+0	0.000000E+0	0.000000E+0	1.854851E-3	1.133388E-3	8.827357E-4
0.000000E+0	0.000000E+0	0.000000E+0	0.000000E+0	1.844961E-3	1.113581E-3	9.423009E-4
0.000000E+0	0.000000E+0	0.000000E+0	0.000000E+0	1.854851E-3	1.113581E-3	8.728082E-4
0.000000E+0	0.000000E+0	0.000000E+0	0.000000E+0	1.844961E-3	1.073967E-3	8.827357E-4
0.000000E+0	0.000000E+0	0.000000E+0	0.000000E+0	1.835071E-3	1.133388E-3	8.529531E-4
0.000000E+0	0.000000E+0	0.000000E+0	0.000000E+0	1.844961E-3	1.083870E-3	8.827357E-4
0.000000E+0	0.000000E+0	0.000000E+0	0.000000E+0	1.815290E-3	1.133388E-3	9.125183E-4
0.000000E+0	0.000000E+0	0.000000E+0	0.000000E+0	1.815290E-3	1.113581E-3	9.224458E-4
0.000000E+0	0.000000E+0	0.000000E+0	0.000000E+0	1.835071E-3	1.093774E-3	9.224458E-4
0.000000E+0	0.000000E+0	0.000000E+0	0.000000E+0	1.805400E-3	1.113581E-3	8.330980E-4
0.000000E+0	0.000000E+0	0.000000E+0	0.000000E+0	1.795510E-3	1.073967E-3	8.827357E-4
0.000000E+0	0.000000E+0	0.000000E+0	0.000000E+0	1.815290E-3	1.064063E-3	8.628806E-4
0.000000E+0	0.000000E+0	0.000000E+0	0.000000E+0	1.825180E-3	1.143292E-3	9.125183E-4
0.000000E+0	0.000000E+0	0.000000E+0	0.000000E+0	1.815290E-3	1.143292E-3	8.926633E-4
0.000000E+0	0.000000E+0	0.000000E+0	0.000000E+0	1.874632E-3	1.044256E-3	9.025907E-4
0.000000E+0	0.000000E+0	0.000000E+0	0.000000E+0	1.795510E-3	1.083870E-3	8.728082E-4
0.000000E+0	0.000000E+0	0.000000E+0	0.000000E+0	1.835071E-3	1.073967E-3	8.231705E-4
0.000000E+0	0.000000E+0	0.000000E+0	0.000000E+0	1.805400E-3	1.044256E-3	8.529531E-4
0.000000E+0	0.000000E+0	0.000000E+0	0.000000E+0	1.815290E-3	1.073967E-3	8.827357E-4
0.000000E+0	0.000000E+0	0.000000E+0	0.000000E+0	1.746058E-3	1.083870E-3	8.430256E-4
0.000000E+0	0.000000E+0	0.000000E+0	0.000000E+0	1.795510E-3	1.083870E-3	8.529531E-4
0.000000E+0	0.000000E+0	0.000000E+0	0.000000E+0	1.795510E-3	9.848343E-4	9.125183E-4
0.000000E+0	0.000000E+0	0.000000E+0	0.000000E+0	1.795510E-3	1.044256E-3	8.926633E-4
0.000000E+0	0.000000E+0	0.000000E+0	0.000000E+0	1.785619E-3	1.103677E-3	9.025907E-4
0.000000E+0	0.000000E+0	0.000000E+0	0.000000E+0	1.775729E-3	1.024449E-3	8.728082E-4
0.000000E+0	0.000000E+0	0.000000E+0	0.000000E+0	1.785619E-3	1.034352E-3	8.231705E-4
0.000000E+0	0.000000E+0	0.000000E+0	0.000000E+0	1.765839E-3	1.034352E-3	7.735328E-4
0.000000E+0	0.000000E+0	0.000000E+0	0.000000E+0	1.805400E-3	1.064063E-3	7.933879E-4
0.000000E+0	0.000000E+0	0.000000E+0	0.000000E+0	1.785619E-3	1.044256E-3	8.430256E-4
0.000000E+0	0.000000E+0	0.000000E+0	0.000000E+0	1.795510E-3	1.044256E-3	8.132429E-4
0.000000E+0	0.000000E+0	0.000000E+0	0.000000E+0	1.746058E-3	1.034352E-3	8.330980E-4
0.000000E+0	0.000000E+0	0.000000E+0	0.000000E+0	1.755949E-3	9.947378E-4	8.628806E-4
0.000000E+0	0.000000E+0	0.000000E+0	0.000000E+0	1.736168E-3	1.034352E-3	8.827357E-4
0.000000E+0	0.000000E+0	0.000000E+0	0.000000E+0	1.736168E-3	1.054159E-3	8.033154E-4
0.000000E+0	0.000000E+0	0.000000E+0	0.000000E+0	1.765839E-3	1.024449E-3	8.430256E-4
0.000000E+0	0.000000E+0	0.000000E+0	0.000000E+0	1.785619E-3	1.073967E-3	7.933879E-4
0.000000E+0	0.000000E+0	0.000000E+0	0.000000E+0	1.795510E-3	1.004641E-3	7.933879E-4
0.000000E+0	0.000000E+0	0.000000E+0	0.000000E+0	1.755949E-3	1.034352E-3	9.025907E-4
0.000000E+0	0.000000E+0	0.000000E+0	0.000000E+0	1.716388E-3	1.014545E-3	7.735328E-4
0.000000E+0	0.000000E+0	0.000000E+0	0.000000E+0	1.696607E-3	1.093774E-3	8.231705E-4
0.000000E+0	0.000000E+0	0.000000E+0	0.000000E+0	1.765839E-3	1.014545E-3	8.728082E-4
0.000000E+0	0.000000E+0	0.000000E+0	0.000000E+0	1.666936E-3	1.014545E-3	7.933879E-4
0.000000E+0	0.000000E+0	0.000000E+0	0.000000E+0	1.726278E-3	1.034352E-3	7.338226E-4
0.000000E+0	0.000000E+0	0.000000E+0	0.000000E+0	1.706497E-3	1.034352E-3	7.536777E-4
0.000000E+0	0.000000E+0	0.000000E+0	0.000000E+0	1.706497E-3	1.034352E-3	8.231705E-4
0.000000E+0	0.000000E+0	0.000000E+0	0.000000E+0	1.696607E-3	1.024449E-3	7.834603E-4
0.000000E+0	0.000000E+0	0.000000E+0	0.000000E+0	1.706497E-3	1.024449E-3	7.338226E-4
0.000000E+0	0.000000E+0	0.000000E+0	0.000000E+0	1.716388E-3	9.947378E-4	7.536777E-4
0.000000E+0	0.000000E+0	0.000000E+0	0.000000E+0	1.716388E-3	1.014545E-3	8.430256E-4
0.000000E+0	0.000000E+0	0.000000E+0	0.000000E+0	1.716388E-3	1.034352E-3	7.834603E-4
0.000000E+0	0.000000E+0	0.000000E+0	0.000000E+0	1.617485E-3	9.749306E-4	7.437502E-4
0.000000E+0	0.000000E+0	0.000000E+0	0.000000E+0	1.696607E-3	9.848343E-4	7.536777E-4
0.000000E+0	0.000000E+0	0.000000E+0	0.000000E+0	1.686717E-3	9.848343E-4	7.139675E-4
0.000000E+0	0.000000E+0	0.000000E+0	0.000000E+0	1.686717E-3	9.848343E-4	7.536777E-4
0.000000E+0	0.000000E+0	0.000000E+0	0.000000E+0	1.587814E-3	1.024449E-3	7.238951E-4
0.000000E+0	0.000000E+0	0.000000E+0	0.000000E+0	1.627375E-3	1.004641E-3	6.941125E-4
0.000000E+0	0.000000E+0	0.000000E+0	0.000000E+0	1.597704E-3	9.749306E-4	7.536777E-4
0.000000E+0	0.000000E+0	0.000000E+0	0.000000E+0	1.627375E-3	1.054159E-3	7.536777E-4
0.000000E+0	0.000000E+0	0.000000E+0	0.000000E+0	1.607595E-3	1.044256E-3	6.941125E-4
0.000000E+0	0.000000E+0	0.000000E+0	0.000000E+0	1.617485E-3	9.848343E-4	7.139675E-4
0.000000E+0	0.000000E+0	0.000000E+0	0.000000E+0	1.696607E-3	9.947378E-4	7.338226E-4
0.000000E+0	0.000000E+0	0.000000E+0	0.000000E+0	1.676827E-3	9.551235E-4	6.742574E-4
0.000000E+0	0.000000E+0	0.000000E+0	0.000000E+0	1.706497E-3	9.947378E-4	7.536777E-4
0.000000E+0	0.000000E+0	0.000000E+0	0.000000E+0	1.666936E-3	9.650271E-4	7.338226E-4
0.000000E+0	0.000000E+0	0.000000E+0	0.000000E+0	1.587814E-3	9.749306E-4	6.941125E-4
0.000000E+0	0.000000E+0	0.000000E+0	0.000000E+0	1.716388E-3	9.650271E-4	7.834603E-4
0.000000E+0	0.000000E+0	0.000000E+0	0.000000E+0	1.607595E-3	1.004641E-3	7.139675E-4
0.000000E+0	0.000000E+0	0.000000E+0	0.000000E+0	1.597704E-3	1.004641E-3	6.643299E-4
0.000000E+0	0.000000E+0	0.000000E+0	0.000000E+0	1.597704E-3	9.749306E-4	7.139675E-4
0.000000E+0	0.000000E+0	0.000000E+0	0.000000E+0	1.617485E-3	9.749306E-4	6.544024E-4
0.000000E+0	0.000000E+0	0.000000E+0	0.000000E+0	1.597704E-3	9.551235E-4	6.841850E-4
0.000000E+0	0.000000E+0	0.000000E+0	0.000000E+0	1.686717E-3	9.947378E-4	6.841850E-4
0.000000E+0	0.000000E+0	0.000000E+0	0.000000E+0	1.597704E-3	9.551235E-4	6.246197E-4
0.000000E+0	0.000000E+0	0.000000E+0	0.000000E+0	1.568034E-3	9.749306E-4	6.246197E-4
0.000000E+0	0.000000E+0	0.000000E+0	0.000000E+0	1.577924E-3	1.004641E-3	7.040401E-4
0.000000E+0	0.000000E+0	0.000000E+0	0.000000E+0	1.568034E-3	9.551235E-4	6.742574E-4
0.000000E+0	0.000000E+0	0.000000E+0	0.000000E+0	1.518582E-3	9.650271E-4	6.941125E-4
0.000000E+0	0.000000E+0	0.000000E+0	0.000000E+0	1.518582E-3	9.947378E-4	6.246197E-4
0.000000E+0	0.000000E+0	0.000000E+0	0.000000E+0	1.548253E-3	9.749306E-4	5.749820E-4
0.000000E+0	0.000000E+0	0.000000E+0	0.000000E+0	1.597704E-3	9.551235E-4	6.444748E-4
0.000000E+0	0.000000E+0	0.000000E+0	0.000000E+0	1.548253E-3	1.004641E-3	5.849096E-4
0.000000E+0	0.000000E+0	0.000000E+0	0.000000E+0	1.528473E-3	9.650271E-4	5.948371E-4
0.000000E+0	0.000000E+0	0.000000E+0	0.000000E+0	1.617485E-3	9.650271E-4	5.948371E-4
0.000000E+0	0.000000E+0	0.000000E+0	0.000000E+0	1.479021E-3	9.650271E-4	6.444748E-4
0.000000E+0	0.000000E+0	0.000000E+0	0.000000E+0	1.498802E-3	9.650271E-4	6.146922E-4
0.000000E+0	0.000000E+0	0.000000E+0	0.000000E+0	1.528473E-3	9.650271E-4	5.849096E-4
0.000000E+0	0.000000E+0	0.000000E+0	0.000000E+0	1.479021E-3	9.749306E-4	5.849096E-4
0.000000E+0	0.000000E+0	0.000000E+0	0.000000E+0	1.548253E-3	9.551235E-4	7.139675E-4
0.000000E+0	0.000000E+0	0.000000E+0	0.000000E+0	1.538363E-3	9.452199E-4	6.643299E-4
0.000000E+0	0.000000E+0	0.000000E+0	0.000000E+0	1.558143E-3	9.551235E-4	5.948371E-4
0.000000E+0	0.000000E+0	0.000000E+0	0.000000E+0	1.508692E-3	9.749306E-4	6.643299E-4
0.000000E+0	0.000000E+0	0.000000E+0	0.000000E+0	1.577924E-3	9.650271E-4	6.444748E-4
0.000000E+0	0.000000E+0	0.000000E+0	0.000000E+0	1.518582E-3	9.650271E-4	6.146922E-4
0.000000E+0	0.000000E+0	0.000000E+0	0.000000E+0	1.568034E-3	9.749306E-4	5.849096E-4
0.000000E+0	0.000000E+0	0.000000E+0	0.000000E+0	1.469131E-3	9.848343E-4	6.146922E-4
0.000000E+0	0.000000E+0	0.000000E+0	0.000000E+0	1.548253E-3	9.947378E-4	6.841850E-4
0.000000E+0	0.000000E+0	0.000000E+0	0.000000E+0	1.518582E-3	9.551235E-4	6.246197E-4
0.000000E+0	0.000000E+0	0.000000E+0	0.000000E+0	1.479021E-3	9.452199E-4	6.643299E-4
0.000000E+0	0.000000E+0	0.000000E+0	0.000000E+0	1.380119E-3	9.749306E-4	6.444748E-4
0.000000E+0	0.000000E+0	0.000000E+0	0.000000E+0	1.548253E-3	9.551235E-4	6.841850E-4
0.000000E+0	0.000000E+0	0.000000E+0	0.000000E+0	1.459241E-3	9.650271E-4	5.551270E-4
0.000000E+0	0.000000E+0	0.000000E+0	0.000000E+0	1.479021E-3	9.749306E-4	6.047647E-4
0.000000E+0	0.000000E+0	0.000000E+0	0.000000E+0	1.419680E-3	9.650271E-4	6.047647E-4
0.000000E+0	0.000000E+0	0.000000E+0	0.000000E+0	1.479021E-3	9.650271E-4	5.551270E-4
0.000000E+0	0.000000E+0	0.000000E+0	0.000000E+0	1.330667E-3	9.452199E-4	5.154168E-4
0.000000E+0	0.000000E+0	0.000000E+0	0.000000E+0	1.330667E-3	9.551235E-4	5.451994E-4
0.000000E+0	0.000000E+0	0.000000E+0	0.000000E+0	1.469131E-3	9.551235E-4	5.352719E-4
0.000000E+0	0.000000E+0	0.000000E+0	0.000000E+0	1.488911E-3	9.254127E-4	5.551270E-4
0.000000E+0	0.000000E+0	0.000000E+0	0.000000E+0	1.390009E-3	9.452199E-4	5.948371E-4
0.000000E+0	0.000000E+0	0.000000E+0	0.000000E+0	1.528473E-3	9.551235E-4	5.154168E-4
0.000000E+0	0.000000E+0	0.000000E+0	0.000000E+0	1.399899E-3	9.452199E-4	5.253443E-4
0.000000E+0	0.000000E+0	0.000000E+0	0.000000E+0	1.310887E-3	9.551235E-4	5.551270E-4
0.000000E+0	0.000000E+0	0.000000E+0	0.000000E+0	1.390009E-3	9.749306E-4	5.650545E-4
0.000000E+0	0.000000E+0	0.000000E+0	0.000000E+0	1.380119E-3	9.749306E-4	5.352719E-4
0.000000E+0	0.000000E+0	0.000000E+0	0.000000E+0	1.380119E-3	9.353163E-4	6.345473E-4
0.000000E+0	0.000000E+0	0.000000E+0	0.000000E+0	1.370228E-3	9.551235E-4	4.955617E-4
0.000000E+0	0.000000E+0	0.000000E+0	0.000000E+0	1.390009E-3	9.452199E-4	6.146922E-4
0.000000E+0	0.000000E+0	0.000000E+0	0.000000E+0	1.370228E-3	9.551235E-4	5.650545E-4
0.000000E+0	0.000000E+0	0.000000E+0	0.000000E+0	1.390009E-3	9.452199E-4	4.757067E-4
0.000000E+0	0.000000E+0	0.000000E+0	0.000000E+0	1.281216E-3	9.650271E-4	6.444748E-4
0.000000E+0	0.000000E+0	0.000000E+0	0.000000E+0	1.399899E-3	9.452199E-4	5.253443E-4
0.000000E+0	0.000000E+0	0.000000E+0	0.000000E+0	1.271326E-3	9.353163E-4	5.352719E-4
0.000000E+0	0.000000E+0	0.000000E+0	0.000000E+0	1.350448E-3	9.452199E-4	4.359965E-4
0.000000E+0	0.000000E+0	0.000000E+0	0.000000E+0	1.271326E-3	9.551235E-4	5.253443E-4
0.000000E+0	0.000000E+0	0.000000E+0	0.000000E+0	1.380119E-3	9.353163E-4	5.253443E-4
0.000000E+0	0.000000E+0	0.000000E+0	0.000000E+0	1.291106E-3	9.452199E-4	5.551270E-4
0.000000E+0	0.000000E+0	0.000000E+0	0.000000E+0	1.261435E-3	9.452199E-4	5.551270E-4
0.000000E+0	0.000000E+0	0.000000E+0	0.000000E+0	1.380119E-3	9.452199E-4	5.451994E-4
0.000000E+0	0.000000E+0	0.000000E+0	0.000000E+0	1.291106E-3	9.452199E-4	4.558516E-4
0.000000E+0	0.000000E+0	0.000000E+0	0.000000E+0	1.291106E-3	9.353163E-4	4.459241E-4
0.000000E+0	0.000000E+0	0.000000E+0	0.000000E+0	1.261435E-3	9.353163E-4	5.054893E-4
0.000000E+0	0.000000E+0	0.000000E+0	0.000000E+0	1.231765E-3	9.551235E-4	5.749820E-4
0.000000E+0	0.000000E+0	0.000000E+0	0.000000E+0	1.350448E-3	9.452199E-4	4.359965E-4
0.000000E+0	0.000000E+0	0.000000E+0	0.000000E+0	1.231765E-3	9.452199E-4	4.459241E-4
0.000000E+0	0.000000E+0	0.000000E+0	0.000000E+0	1.251545E-3	9.353163E-4	5.054893E-4
0.000000E+0	0.000000E+0	0.000000E+0	0.000000E+0	1.152643E-3	9.551235E-4	6.146922E-4
0.000000E+0	0.000000E+0	0.000000E+0	0.000000E+0	1.251545E-3	9.551235E-4	4.161415E-4
0.000000E+0	0.000000E+0	0.000000E+0	0.000000E+0	1.202094E-3	9.452199E-4	4.558516E-4
0.000000E+0	0.000000E+0	0.000000E+0	0.000000E+0	1.300997E-3	9.551235E-4	4.856342E-4
0.000000E+0	0.000000E+0	0.000000E+0	0.000000E+0	1.271326E-3	9.353163E-4	5.451994E-4
0.000000E+0	0.000000E+0	0.000000E+0	0.000000E+0	1.291106E-3	9.452199E-4	4.856342E-4
0.000000E+0	0.000000E+0	0.000000E+0	0.000000E+0	1.211984E-3	9.452199E-4	4.955617E-4
0.000000E+0	0.000000E+0	0.000000E+0	0.000000E+0	1.231765E-3	9.650271E-4	4.856342E-4
0.000000E+0	0.000000E+0	0.000000E+0	0.000000E+0	1.251545E-3	9.452199E-4	4.260690E-4
0.000000E+0	0.000000E+0	0.000000E+0	0.000000E+0	1.192204E-3	9.452199E-4	3.665038E-4
0.000000E+0	0.000000E+0	0.000000E+0	0.000000E+0	1.182313E-3	9.551235E-4	4.260690E-4
0.000000E+0	0.000000E+0	0.000000E+0	0.000000E+0	1.152643E-3	9.650271E-4	4.161415E-4
0.000000E+0	0.000000E+0	0.000000E+0	0.000000E+0	1.221874E-3	9.353163E-4	4.260690E-4
0.000000E+0	0.000000E+0	0.000000E+0	0.000000E+0	1.221874E-3	9.452199E-4	5.154168E-4
0.000000E+0	0.000000E+0	0.000000E+0	0.000000E+0	1.231765E-3	9.155091E-4	4.260690E-4
0.000000E+0	0.000000E+0	0.000000E+0	0.000000E+0	1.202094E-3	9.551235E-4	5.352719E-4
0.000000E+0	0.000000E+0	0.000000E+0	0.000000E+0	1.122972E-3	9.650271E-4	5.054893E-4
0.000000E+0	0.000000E+0	0.000000E+0	0.000000E+0	1.172423E-3	9.155091E-4	3.367212E-4
0.000000E+0	0.000000E+0	0.000000E+0	0.000000E+0	1.300997E-3	9.452199E-4	4.260690E-4
0.000000E+0	0.000000E+0	0.000000E+0	0.000000E+0	1.152643E-3	9.452199E-4	4.856342E-4
0.000000E+0	0.000000E+0	0.000000E+0	0.000000E+0	1.142752E-3	9.452199E-4	4.955617E-4
0.000000E+0	0.000000E+0	0.000000E+0	0.000000E+0	1.142752E-3	9.155091E-4	4.657791E-4
0.000000E+0	0.000000E+0	0.000000E+0	0.000000E+0	1.162533E-3	9.551235E-4	3.367212E-4
0.000000E+0	0.000000E+0	0.000000E+0	0.000000E+0	1.122972E-3	9.353163E-4	3.665038E-4
0.000000E+0	0.000000E+0	0.000000E+0	0.000000E+0	1.231765E-3	9.353163E-4	4.062139E-4
0.000000E+0	0.000000E+0	0.000000E+0	0.000000E+0	1.083411E-3	9.650271E-4	3.565762E-4
0.000000E+0	0.000000E+0	0.000000E+0	0.000000E+0	1.053740E-3	9.353163E-4	4.161415E-4
0.000000E+0	0.000000E+0	0.000000E+0	0.000000E+0	1.182313E-3	9.452199E-4	4.359965E-4
0.000000E+0	0.000000E+0	0.000000E+0	0.000000E+0	1.152643E-3	9.353163E-4	4.459241E-4
0.000000E+0	0.000000E+0	0.000000E+0	0.000000E+0	1.162533E-3	9.254127E-4	4.062139E-4
0.000000E+0	0.000000E+0	0.000000E+0	0.000000E+0	1.172423E-3	9.353163E-4	4.359965E-4
0.000000E+0	0.000000E+0	0.000000E+0	0.000000E+0	1.221874E-3	9.452199E-4	3.962864E-4
0.000000E+0	0.000000E+0	0.000000E+0	0.000000E+0	1.063630E-3	9.353163E-4	3.962864E-4
0.000000E+0	0.000000E+0	0.000000E+0	0.000000E+0	1.202094E-3	9.452199E-4	3.962864E-4
0.000000E+0	0.000000E+0	0.000000E+0	0.000000E+0	1.132862E-3	9.452199E-4	2.970110E-4
0.000000E+0	0.000000E+0	0.000000E+0	0.000000E+0	1.152643E-3	9.353163E-4	3.962864E-4
0.000000E+0	0.000000E+0	0.000000E+0	0.000000E+0	1.142752E-3	9.056055E-4	3.565762E-4
0.000000E+0	0.000000E+0	0.000000E+0	0.000000E+0	1.113081E-3	9.452199E-4	3.863588E-4
0.000000E+0	0.000000E+0	0.000000E+0	0.000000E+0	1.142752E-3	9.254127E-4	3.863588E-4
0.000000E+0	0.000000E+0	0.000000E+0	0.000000E+0	1.083411E-3	9.254127E-4	3.962864E-4
0.000000E+0	0.000000E+0	0.000000E+0	0.000000E+0	1.113081E-3	9.452199E-4	4.260690E-4
0.000000E+0	0.000000E+0	0.000000E+0	0.000000E+0	1.113081E-3	9.254127E-4	2.275182E-4
0.000000E+0	0.000000E+0	0.000000E+0	0.000000E+0	1.073520E-3	9.353163E-4	3.962864E-4
0.000000E+0	0.000000E+0	0.000000E+0	0.000000E+0	1.103191E-3	9.254127E-4	3.367212E-4
0.000000E+0	0.000000E+0	0.000000E+0	0.000000E+0	1.103191E-3	9.155091E-4	3.863588E-4
0.000000E+0	0.000000E+0	0.000000E+0	0.000000E+0	9.845081E-4	9.353163E-4	3.466487E-4
0.000000E+0	0.000000E+0	0.000000E+0	0.000000E+0	1.122972E-3	9.155091E-4	3.168661E-4
0.000000E+0	0.000000E+0	0.000000E+0	0.000000E+0	1.033959E-3	9.452199E-4	2.771559E-4
0.000000E+0	0.000000E+0	0.000000E+0	0.000000E+0	1.063630E-3	9.155091E-4	3.565762E-4
0.000000E+0	0.000000E+0	0.000000E+0	0.000000E+0	1.142752E-3	9.353163E-4	3.665038E-4
0.000000E+0	0.000000E+0	0.000000E+0	0.000000E+0	1.142752E-3	9.452199E-4	3.466487E-4
0.000000E+0	0.000000E+0	0.000000E+0	0.000000E+0	1.093301E-3	9.353163E-4	3.665038E-4
