This is a C(T) experiment being done in Physics 350.
It records the decay response of an RC circuit where the capacitance is a strong function of temperature.

2/16/2004
9:47 AM

Start temp = 40.0
Temp step = 10.0
End temp = 60.0
Num temps = 3
Num avg cycles = 100
Num points per meas = 1000
Meas time interval = 1.00E-5

DDD

1.000000E+2	3.000000E+0	4.000000E+1	1.025070E-8	1.000000E+0	1.000000E+0	1.000000E+0
1.000000E+3	0.000000E+0	5.000000E+1	9.109145E-9	9.897178E-1	9.888597E-1	9.863154E-1
1.000000E-5	0.000000E+0	6.000000E+1	7.317873E-9	9.803730E-1	9.779148E-1	9.724937E-1
0.000000E+0	0.000000E+0	0.000000E+0	0.000000E+0	9.704325E-1	9.669015E-1	9.588581E-1
0.000000E+0	0.000000E+0	0.000000E+0	0.000000E+0	9.607752E-1	9.557416E-1	9.453009E-1
0.000000E+0	0.000000E+0	0.000000E+0	0.000000E+0	9.510984E-1	9.451779E-1	9.321551E-1
0.000000E+0	0.000000E+0	0.000000E+0	0.000000E+0	9.414607E-1	9.344968E-1	9.192836E-1
0.000000E+0	0.000000E+0	0.000000E+0	0.000000E+0	9.320279E-1	9.242458E-1	9.065198E-1
0.000000E+0	0.000000E+0	0.000000E+0	0.000000E+0	9.229077E-1	9.138482E-1	8.938638E-1
0.000000E+0	0.000000E+0	0.000000E+0	0.000000E+0	9.139144E-1	9.036753E-1	8.815702E-1
0.000000E+0	0.000000E+0	0.000000E+0	0.000000E+0	9.046478E-1	8.934438E-1	8.693158E-1
0.000000E+0	0.000000E+0	0.000000E+0	0.000000E+0	8.956056E-1	8.835347E-1	8.575022E-1
0.000000E+0	0.000000E+0	0.000000E+0	0.000000E+0	8.867295E-1	8.735573E-1	8.456298E-1
0.000000E+0	0.000000E+0	0.000000E+0	0.000000E+0	8.779706E-1	8.638046E-1	8.339534E-1
0.000000E+0	0.000000E+0	0.000000E+0	0.000000E+0	8.691726E-1	8.545308E-1	8.223847E-1
0.000000E+0	0.000000E+0	0.000000E+0	0.000000E+0	8.607652E-1	8.450322E-1	8.110315E-1
0.000000E+0	0.000000E+0	0.000000E+0	0.000000E+0	8.523187E-1	8.354456E-1	8.000113E-1
0.000000E+0	0.000000E+0	0.000000E+0	0.000000E+0	8.438039E-1	8.263184E-1	7.890794E-1
0.000000E+0	0.000000E+0	0.000000E+0	0.000000E+0	8.354063E-1	8.170251E-1	7.781768E-1
0.000000E+0	0.000000E+0	0.000000E+0	0.000000E+0	8.271649E-1	8.079467E-1	7.674799E-1
0.000000E+0	0.000000E+0	0.000000E+0	0.000000E+0	8.190211E-1	7.991712E-1	7.568712E-1
0.000000E+0	0.000000E+0	0.000000E+0	0.000000E+0	8.109164E-1	7.903371E-1	7.465367E-1
0.000000E+0	0.000000E+0	0.000000E+0	0.000000E+0	8.029094E-1	7.816203E-1	7.366332E-1
0.000000E+0	0.000000E+0	0.000000E+0	0.000000E+0	7.951269E-1	7.728937E-1	7.265045E-1
0.000000E+0	0.000000E+0	0.000000E+0	0.000000E+0	7.873151E-1	7.642844E-1	7.165129E-1
0.000000E+0	0.000000E+0	0.000000E+0	0.000000E+0	7.795718E-1	7.559975E-1	7.067369E-1
0.000000E+0	0.000000E+0	0.000000E+0	0.000000E+0	7.718967E-1	7.475348E-1	6.970783E-1
0.000000E+0	0.000000E+0	0.000000E+0	0.000000E+0	7.642998E-1	7.392871E-1	6.874982E-1
0.000000E+0	0.000000E+0	0.000000E+0	0.000000E+0	7.568102E-1	7.314205E-1	6.781922E-1
0.000000E+0	0.000000E+0	0.000000E+0	0.000000E+0	7.493891E-1	7.233681E-1	6.690921E-1
0.000000E+0	0.000000E+0	0.000000E+0	0.000000E+0	7.420265E-1	7.154527E-1	6.599625E-1
0.000000E+0	0.000000E+0	0.000000E+0	0.000000E+0	7.350545E-1	7.075274E-1	6.509113E-1
0.000000E+0	0.000000E+0	0.000000E+0	0.000000E+0	7.278482E-1	6.996803E-1	6.419678E-1
0.000000E+0	0.000000E+0	0.000000E+0	0.000000E+0	7.206711E-1	6.920873E-1	6.332203E-1
0.000000E+0	0.000000E+0	0.000000E+0	0.000000E+0	7.136307E-1	6.844161E-1	6.247176E-1
0.000000E+0	0.000000E+0	0.000000E+0	0.000000E+0	7.065416E-1	6.769013E-1	6.162149E-1
0.000000E+0	0.000000E+0	0.000000E+0	0.000000E+0	6.996282E-1	6.696503E-1	6.079768E-1
0.000000E+0	0.000000E+0	0.000000E+0	0.000000E+0	6.928222E-1	6.622723E-1	5.996896E-1
0.000000E+0	0.000000E+0	0.000000E+0	0.000000E+0	6.860064E-1	6.550115E-1	5.916082E-1
0.000000E+0	0.000000E+0	0.000000E+0	0.000000E+0	6.793762E-1	6.479266E-1	5.835757E-1
0.000000E+0	0.000000E+0	0.000000E+0	0.000000E+0	6.729217E-1	6.407538E-1	5.755824E-1
0.000000E+0	0.000000E+0	0.000000E+0	0.000000E+0	6.663794E-1	6.337374E-1	5.677655E-1
0.000000E+0	0.000000E+0	0.000000E+0	0.000000E+0	6.598663E-1	6.267405E-1	5.600955E-1
0.000000E+0	0.000000E+0	0.000000E+0	0.000000E+0	6.533533E-1	6.199097E-1	5.526410E-1
0.000000E+0	0.000000E+0	0.000000E+0	0.000000E+0	6.470258E-1	6.132646E-1	5.452648E-1
0.000000E+0	0.000000E+0	0.000000E+0	0.000000E+0	6.407373E-1	6.066195E-1	5.379083E-1
0.000000E+0	0.000000E+0	0.000000E+0	0.000000E+0	6.344196E-1	5.999255E-1	5.306594E-1
0.000000E+0	0.000000E+0	0.000000E+0	0.000000E+0	6.283264E-1	5.934270E-1	5.233812E-1
0.000000E+0	0.000000E+0	0.000000E+0	0.000000E+0	6.221160E-1	5.869089E-1	5.164165E-1
0.000000E+0	0.000000E+0	0.000000E+0	0.000000E+0	6.161205E-1	5.804983E-1	5.094420E-1
0.000000E+0	0.000000E+0	0.000000E+0	0.000000E+0	6.103300E-1	5.742344E-1	5.025556E-1
0.000000E+0	0.000000E+0	0.000000E+0	0.000000E+0	6.043540E-1	5.679704E-1	4.957770E-1
0.000000E+0	0.000000E+0	0.000000E+0	0.000000E+0	5.984855E-1	5.617748E-1	4.891845E-1
0.000000E+0	0.000000E+0	0.000000E+0	0.000000E+0	5.926950E-1	5.556672E-1	4.827782E-1
0.000000E+0	0.000000E+0	0.000000E+0	0.000000E+0	5.869533E-1	5.497159E-1	4.761955E-1
0.000000E+0	0.000000E+0	0.000000E+0	0.000000E+0	5.812312E-1	5.437744E-1	4.698185E-1
0.000000E+0	0.000000E+0	0.000000E+0	0.000000E+0	5.755970E-1	5.378329E-1	4.634708E-1
0.000000E+0	0.000000E+0	0.000000E+0	0.000000E+0	5.699628E-1	5.320184E-1	4.572996E-1
0.000000E+0	0.000000E+0	0.000000E+0	0.000000E+0	5.644652E-1	5.262235E-1	4.511381E-1
0.000000E+0	0.000000E+0	0.000000E+0	0.000000E+0	5.590263E-1	5.205263E-1	4.450844E-1
0.000000E+0	0.000000E+0	0.000000E+0	0.000000E+0	5.536167E-1	5.148681E-1	4.391090E-1
0.000000E+0	0.000000E+0	0.000000E+0	0.000000E+0	5.484023E-1	5.092785E-1	4.332120E-1
0.000000E+0	0.000000E+0	0.000000E+0	0.000000E+0	5.431684E-1	5.037083E-1	4.274913E-1
0.000000E+0	0.000000E+0	0.000000E+0	0.000000E+0	5.377979E-1	4.983238E-1	4.218490E-1
0.000000E+0	0.000000E+0	0.000000E+0	0.000000E+0	5.326909E-1	4.928807E-1	4.161969E-1
0.000000E+0	0.000000E+0	0.000000E+0	0.000000E+0	5.275547E-1	4.877600E-1	4.106721E-1
0.000000E+0	0.000000E+0	0.000000E+0	0.000000E+0	5.224380E-1	4.824537E-1	4.051474E-1
0.000000E+0	0.000000E+0	0.000000E+0	0.000000E+0	5.173115E-1	4.772744E-1	3.998087E-1
0.000000E+0	0.000000E+0	0.000000E+0	0.000000E+0	5.123608E-1	4.721343E-1	3.944015E-1
0.000000E+0	0.000000E+0	0.000000E+0	0.000000E+0	5.074980E-1	4.670820E-1	3.890824E-1
0.000000E+0	0.000000E+0	0.000000E+0	0.000000E+0	5.024985E-1	4.619907E-1	3.839593E-1
0.000000E+0	0.000000E+0	0.000000E+0	0.000000E+0	4.976552E-1	4.569189E-1	3.787774E-1
0.000000E+0	0.000000E+0	0.000000E+0	0.000000E+0	4.928803E-1	4.519644E-1	3.737326E-1
0.000000E+0	0.000000E+0	0.000000E+0	0.000000E+0	4.881346E-1	4.470588E-1	3.687466E-1
0.000000E+0	0.000000E+0	0.000000E+0	0.000000E+0	4.837210E-1	4.423290E-1	3.639467E-1
0.000000E+0	0.000000E+0	0.000000E+0	0.000000E+0	4.790632E-1	4.375308E-1	3.591566E-1
0.000000E+0	0.000000E+0	0.000000E+0	0.000000E+0	4.743176E-1	4.328695E-1	3.543665E-1
0.000000E+0	0.000000E+0	0.000000E+0	0.000000E+0	4.699332E-1	4.281886E-1	3.497332E-1
0.000000E+0	0.000000E+0	0.000000E+0	0.000000E+0	4.653145E-1	4.237129E-1	3.450998E-1
0.000000E+0	0.000000E+0	0.000000E+0	0.000000E+0	4.608228E-1	4.192177E-1	3.404763E-1
0.000000E+0	0.000000E+0	0.000000E+0	0.000000E+0	4.564384E-1	4.146834E-1	3.359703E-1
0.000000E+0	0.000000E+0	0.000000E+0	0.000000E+0	4.520052E-1	4.102468E-1	3.315230E-1
0.000000E+0	0.000000E+0	0.000000E+0	0.000000E+0	4.477576E-1	4.058005E-1	3.270954E-1
0.000000E+0	0.000000E+0	0.000000E+0	0.000000E+0	4.434123E-1	4.015105E-1	3.227951E-1
0.000000E+0	0.000000E+0	0.000000E+0	0.000000E+0	4.391354E-1	3.971032E-1	3.185339E-1
0.000000E+0	0.000000E+0	0.000000E+0	0.000000E+0	4.349756E-1	3.928914E-1	3.142238E-1
0.000000E+0	0.000000E+0	0.000000E+0	0.000000E+0	4.308061E-1	3.886307E-1	3.100607E-1
0.000000E+0	0.000000E+0	0.000000E+0	0.000000E+0	4.266854E-1	3.844286E-1	3.059465E-1
0.000000E+0	0.000000E+0	0.000000E+0	0.000000E+0	4.227991E-1	3.803829E-1	3.020478E-1
0.000000E+0	0.000000E+0	0.000000E+0	0.000000E+0	4.187174E-1	3.763079E-1	2.981197E-1
0.000000E+0	0.000000E+0	0.000000E+0	0.000000E+0	4.146943E-1	3.722915E-1	2.941525E-1
0.000000E+0	0.000000E+0	0.000000E+0	0.000000E+0	4.107103E-1	3.682458E-1	2.903714E-1
0.000000E+0	0.000000E+0	0.000000E+0	0.000000E+0	4.067947E-1	3.642783E-1	2.864531E-1
0.000000E+0	0.000000E+0	0.000000E+0	0.000000E+0	4.029084E-1	3.606431E-1	2.827111E-1
0.000000E+0	0.000000E+0	0.000000E+0	0.000000E+0	3.991294E-1	3.567439E-1	2.789790E-1
0.000000E+0	0.000000E+0	0.000000E+0	0.000000E+0	3.953016E-1	3.529328E-1	2.753448E-1
0.000000E+0	0.000000E+0	0.000000E+0	0.000000E+0	3.915032E-1	3.490630E-1	2.717302E-1
0.000000E+0	0.000000E+0	0.000000E+0	0.000000E+0	3.878707E-1	3.453788E-1	2.680862E-1
0.000000E+0	0.000000E+0	0.000000E+0	0.000000E+0	3.841406E-1	3.417045E-1	2.645793E-1
0.000000E+0	0.000000E+0	0.000000E+0	0.000000E+0	3.804105E-1	3.381083E-1	2.611116E-1
0.000000E+0	0.000000E+0	0.000000E+0	0.000000E+0	3.767585E-1	3.344731E-1	2.577027E-1
0.000000E+0	0.000000E+0	0.000000E+0	0.000000E+0	3.732334E-1	3.308476E-1	2.542841E-1
0.000000E+0	0.000000E+0	0.000000E+0	0.000000E+0	3.696400E-1	3.273785E-1	2.509437E-1
0.000000E+0	0.000000E+0	0.000000E+0	0.000000E+0	3.661833E-1	3.238604E-1	2.475936E-1
0.000000E+0	0.000000E+0	0.000000E+0	0.000000E+0	3.627169E-1	3.204499E-1	2.444394E-1
0.000000E+0	0.000000E+0	0.000000E+0	0.000000E+0	3.594359E-1	3.169808E-1	2.411676E-1
0.000000E+0	0.000000E+0	0.000000E+0	0.000000E+0	3.559597E-1	3.137169E-1	2.382779E-1
0.000000E+0	0.000000E+0	0.000000E+0	0.000000E+0	3.526299E-1	3.103064E-1	2.352510E-1
0.000000E+0	0.000000E+0	0.000000E+0	0.000000E+0	3.492025E-1	3.069350E-1	2.322046E-1
0.000000E+0	0.000000E+0	0.000000E+0	0.000000E+0	3.459997E-1	3.037590E-1	2.291679E-1
0.000000E+0	0.000000E+0	0.000000E+0	0.000000E+0	3.426113E-1	3.006123E-1	2.261411E-1
0.000000E+0	0.000000E+0	0.000000E+0	0.000000E+0	3.393695E-1	2.975243E-1	2.232219E-1
0.000000E+0	0.000000E+0	0.000000E+0	0.000000E+0	3.362252E-1	2.942897E-1	2.202636E-1
0.000000E+0	0.000000E+0	0.000000E+0	0.000000E+0	3.330126E-1	2.913385E-1	2.174425E-1
0.000000E+0	0.000000E+0	0.000000E+0	0.000000E+0	3.297708E-1	2.882407E-1	2.145528E-1
0.000000E+0	0.000000E+0	0.000000E+0	0.000000E+0	3.267144E-1	2.851527E-1	2.117708E-1
0.000000E+0	0.000000E+0	0.000000E+0	0.000000E+0	3.236190E-1	2.821038E-1	2.090084E-1
0.000000E+0	0.000000E+0	0.000000E+0	0.000000E+0	3.206017E-1	2.790451E-1	2.062754E-1
0.000000E+0	0.000000E+0	0.000000E+0	0.000000E+0	3.175258E-1	2.760939E-1	2.036306E-1
0.000000E+0	0.000000E+0	0.000000E+0	0.000000E+0	3.145671E-1	2.731524E-1	2.009661E-1
0.000000E+0	0.000000E+0	0.000000E+0	0.000000E+0	3.115987E-1	2.702892E-1	1.983409E-1
0.000000E+0	0.000000E+0	0.000000E+0	0.000000E+0	3.084837E-1	2.674259E-1	1.957842E-1
0.000000E+0	0.000000E+0	0.000000E+0	0.000000E+0	3.056715E-1	2.645822E-1	1.931982E-1
0.000000E+0	0.000000E+0	0.000000E+0	0.000000E+0	3.028105E-1	2.619046E-1	1.907199E-1
0.000000E+0	0.000000E+0	0.000000E+0	0.000000E+0	2.999982E-1	2.591097E-1	1.882612E-1
0.000000E+0	0.000000E+0	0.000000E+0	0.000000E+0	2.973422E-1	2.562758E-1	1.858808E-1
0.000000E+0	0.000000E+0	0.000000E+0	0.000000E+0	2.944714E-1	2.535884E-1	1.834025E-1
0.000000E+0	0.000000E+0	0.000000E+0	0.000000E+0	2.916982E-1	2.509402E-1	1.810123E-1
0.000000E+0	0.000000E+0	0.000000E+0	0.000000E+0	2.889153E-1	2.482724E-1	1.786712E-1
0.000000E+0	0.000000E+0	0.000000E+0	0.000000E+0	2.862398E-1	2.457218E-1	1.764573E-1
0.000000E+0	0.000000E+0	0.000000E+0	0.000000E+0	2.836131E-1	2.430638E-1	1.743219E-1
0.000000E+0	0.000000E+0	0.000000E+0	0.000000E+0	2.808887E-1	2.405719E-1	1.720395E-1
0.000000E+0	0.000000E+0	0.000000E+0	0.000000E+0	2.782034E-1	2.381972E-1	1.698257E-1
0.000000E+0	0.000000E+0	0.000000E+0	0.000000E+0	2.757427E-1	2.357932E-1	1.677098E-1
0.000000E+0	0.000000E+0	0.000000E+0	0.000000E+0	2.730281E-1	2.333209E-1	1.655547E-1
0.000000E+0	0.000000E+0	0.000000E+0	0.000000E+0	2.703916E-1	2.309267E-1	1.633997E-1
0.000000E+0	0.000000E+0	0.000000E+0	0.000000E+0	2.679895E-1	2.284836E-1	1.613622E-1
0.000000E+0	0.000000E+0	0.000000E+0	0.000000E+0	2.654117E-1	2.261090E-1	1.591582E-1
0.000000E+0	0.000000E+0	0.000000E+0	0.000000E+0	2.629217E-1	2.237148E-1	1.571501E-1
0.000000E+0	0.000000E+0	0.000000E+0	0.000000E+0	2.604414E-1	2.213010E-1	1.551125E-1
0.000000E+0	0.000000E+0	0.000000E+0	0.000000E+0	2.580784E-1	2.190828E-1	1.531534E-1
0.000000E+0	0.000000E+0	0.000000E+0	0.000000E+0	2.555396E-1	2.167667E-1	1.511943E-1
0.000000E+0	0.000000E+0	0.000000E+0	0.000000E+0	2.531960E-1	2.144703E-1	1.492939E-1
0.000000E+0	0.000000E+0	0.000000E+0	0.000000E+0	2.508037E-1	2.122422E-1	1.473250E-1
0.000000E+0	0.000000E+0	0.000000E+0	0.000000E+0	2.484992E-1	2.100239E-1	1.454638E-1
0.000000E+0	0.000000E+0	0.000000E+0	0.000000E+0	2.461557E-1	2.078643E-1	1.436418E-1
0.000000E+0	0.000000E+0	0.000000E+0	0.000000E+0	2.438805E-1	2.055678E-1	1.417708E-1
0.000000E+0	0.000000E+0	0.000000E+0	0.000000E+0	2.416346E-1	2.035058E-1	1.399684E-1
0.000000E+0	0.000000E+0	0.000000E+0	0.000000E+0	2.393302E-1	2.013657E-1	1.381660E-1
0.000000E+0	0.000000E+0	0.000000E+0	0.000000E+0	2.372991E-1	1.992061E-1	1.363636E-1
0.000000E+0	0.000000E+0	0.000000E+0	0.000000E+0	2.351313E-1	1.972028E-1	1.346102E-1
0.000000E+0	0.000000E+0	0.000000E+0	0.000000E+0	2.329929E-1	1.951799E-1	1.329547E-1
0.000000E+0	0.000000E+0	0.000000E+0	0.000000E+0	2.308153E-1	1.930887E-1	1.312601E-1
0.000000E+0	0.000000E+0	0.000000E+0	0.000000E+0	2.286671E-1	1.911342E-1	1.295164E-1
0.000000E+0	0.000000E+0	0.000000E+0	0.000000E+0	2.265189E-1	1.890821E-1	1.279393E-1
0.000000E+0	0.000000E+0	0.000000E+0	0.000000E+0	2.243218E-1	1.872058E-1	1.263133E-1
0.000000E+0	0.000000E+0	0.000000E+0	0.000000E+0	2.223201E-1	1.852220E-1	1.246578E-1
0.000000E+0	0.000000E+0	0.000000E+0	0.000000E+0	2.202695E-1	1.832676E-1	1.231297E-1
0.000000E+0	0.000000E+0	0.000000E+0	0.000000E+0	2.182189E-1	1.814011E-1	1.215330E-1
0.000000E+0	0.000000E+0	0.000000E+0	0.000000E+0	2.161976E-1	1.795053E-1	1.200832E-1
0.000000E+0	0.000000E+0	0.000000E+0	0.000000E+0	2.142642E-1	1.776681E-1	1.184473E-1
0.000000E+0	0.000000E+0	0.000000E+0	0.000000E+0	2.122038E-1	1.758309E-1	1.170171E-1
0.000000E+0	0.000000E+0	0.000000E+0	0.000000E+0	2.102411E-1	1.741892E-1	1.155478E-1
0.000000E+0	0.000000E+0	0.000000E+0	0.000000E+0	2.083370E-1	1.724204E-1	1.141764E-1
0.000000E+0	0.000000E+0	0.000000E+0	0.000000E+0	2.062962E-1	1.706028E-1	1.127168E-1
0.000000E+0	0.000000E+0	0.000000E+0	0.000000E+0	2.044604E-1	1.688340E-1	1.114728E-1
0.000000E+0	0.000000E+0	0.000000E+0	0.000000E+0	2.025661E-1	1.670359E-1	1.099545E-1
0.000000E+0	0.000000E+0	0.000000E+0	0.000000E+0	2.006034E-1	1.653160E-1	1.086027E-1
0.000000E+0	0.000000E+0	0.000000E+0	0.000000E+0	1.987578E-1	1.636743E-1	1.072508E-1
0.000000E+0	0.000000E+0	0.000000E+0	0.000000E+0	1.969026E-1	1.619837E-1	1.058892E-1
0.000000E+0	0.000000E+0	0.000000E+0	0.000000E+0	1.950375E-1	1.603322E-1	1.046256E-1
0.000000E+0	0.000000E+0	0.000000E+0	0.000000E+0	1.933189E-1	1.586318E-1	1.032836E-1
0.000000E+0	0.000000E+0	0.000000E+0	0.000000E+0	1.915027E-1	1.570292E-1	1.019024E-1
0.000000E+0	0.000000E+0	0.000000E+0	0.000000E+0	1.897548E-1	1.553484E-1	1.007073E-1
0.000000E+0	0.000000E+0	0.000000E+0	0.000000E+0	1.880167E-1	1.537555E-1	9.948287E-2
0.000000E+0	0.000000E+0	0.000000E+0	0.000000E+0	1.862297E-1	1.521919E-1	9.815066E-2
0.000000E+0	0.000000E+0	0.000000E+0	0.000000E+0	1.845209E-1	1.506284E-1	9.691640E-2
0.000000E+0	0.000000E+0	0.000000E+0	0.000000E+0	1.829097E-1	1.490941E-1	9.569194E-2
0.000000E+0	0.000000E+0	0.000000E+0	0.000000E+0	1.811521E-1	1.475208E-1	9.459483E-2
0.000000E+0	0.000000E+0	0.000000E+0	0.000000E+0	1.794237E-1	1.460550E-1	9.336057E-2
0.000000E+0	0.000000E+0	0.000000E+0	0.000000E+0	1.778712E-1	1.444914E-1	9.218509E-2
0.000000E+0	0.000000E+0	0.000000E+0	0.000000E+0	1.762405E-1	1.430451E-1	9.107818E-2
0.000000E+0	0.000000E+0	0.000000E+0	0.000000E+0	1.747269E-1	1.415598E-1	8.992229E-2
0.000000E+0	0.000000E+0	0.000000E+0	0.000000E+0	1.731646E-1	1.401526E-1	8.880558E-2
0.000000E+0	0.000000E+0	0.000000E+0	0.000000E+0	1.715143E-1	1.387063E-1	8.772805E-2
0.000000E+0	0.000000E+0	0.000000E+0	0.000000E+0	1.700692E-1	1.373186E-1	8.670931E-2
0.000000E+0	0.000000E+0	0.000000E+0	0.000000E+0	1.684092E-1	1.358821E-1	8.560239E-2
0.000000E+0	0.000000E+0	0.000000E+0	0.000000E+0	1.668371E-1	1.345336E-1	8.449548E-2
0.000000E+0	0.000000E+0	0.000000E+0	0.000000E+0	1.653430E-1	1.330580E-1	8.342775E-2
0.000000E+0	0.000000E+0	0.000000E+0	0.000000E+0	1.638198E-1	1.316507E-1	8.229145E-2
0.000000E+0	0.000000E+0	0.000000E+0	0.000000E+0	1.623941E-1	1.303022E-1	8.141963E-2
0.000000E+0	0.000000E+0	0.000000E+0	0.000000E+0	1.608415E-1	1.290709E-1	8.038129E-2
0.000000E+0	0.000000E+0	0.000000E+0	0.000000E+0	1.593866E-1	1.277907E-1	7.945070E-2
0.000000E+0	0.000000E+0	0.000000E+0	0.000000E+0	1.579219E-1	1.264617E-1	7.836338E-2
0.000000E+0	0.000000E+0	0.000000E+0	0.000000E+0	1.564572E-1	1.252011E-1	7.731524E-2
0.000000E+0	0.000000E+0	0.000000E+0	0.000000E+0	1.550120E-1	1.239307E-1	7.648261E-2
0.000000E+0	0.000000E+0	0.000000E+0	0.000000E+0	1.536938E-1	1.226408E-1	7.558141E-2
0.000000E+0	0.000000E+0	0.000000E+0	0.000000E+0	1.522584E-1	1.213704E-1	7.459204E-2
0.000000E+0	0.000000E+0	0.000000E+0	0.000000E+0	1.508230E-1	1.201684E-1	7.370064E-2
0.000000E+0	0.000000E+0	0.000000E+0	0.000000E+0	1.494559E-1	1.189566E-1	7.277004E-2
0.000000E+0	0.000000E+0	0.000000E+0	0.000000E+0	1.480986E-1	1.177644E-1	7.194721E-2
0.000000E+0	0.000000E+0	0.000000E+0	0.000000E+0	1.467706E-1	1.165331E-1	7.101662E-2
0.000000E+0	0.000000E+0	0.000000E+0	0.000000E+0	1.453450E-1	1.153018E-1	7.012521E-2
0.000000E+0	0.000000E+0	0.000000E+0	0.000000E+0	1.440853E-1	1.141487E-1	6.927299E-2
0.000000E+0	0.000000E+0	0.000000E+0	0.000000E+0	1.427964E-1	1.131226E-1	6.841096E-2
0.000000E+0	0.000000E+0	0.000000E+0	0.000000E+0	1.413902E-1	1.120672E-1	6.754895E-2
0.000000E+0	0.000000E+0	0.000000E+0	0.000000E+0	1.401404E-1	1.109825E-1	6.683386E-2
0.000000E+0	0.000000E+0	0.000000E+0	0.000000E+0	1.389100E-1	1.097903E-1	6.601103E-2
0.000000E+0	0.000000E+0	0.000000E+0	0.000000E+0	1.375527E-1	1.086763E-1	6.517839E-2
0.000000E+0	0.000000E+0	0.000000E+0	0.000000E+0	1.363614E-1	1.075427E-1	6.435555E-2
0.000000E+0	0.000000E+0	0.000000E+0	0.000000E+0	1.351409E-1	1.064384E-1	6.358170E-2
0.000000E+0	0.000000E+0	0.000000E+0	0.000000E+0	1.339788E-1	1.053928E-1	6.291559E-2
0.000000E+0	0.000000E+0	0.000000E+0	0.000000E+0	1.326801E-1	1.043081E-1	6.210255E-2
0.000000E+0	0.000000E+0	0.000000E+0	0.000000E+0	1.314400E-1	1.033602E-1	6.129930E-2
0.000000E+0	0.000000E+0	0.000000E+0	0.000000E+0	1.303171E-1	1.023341E-1	6.057442E-2
0.000000E+0	0.000000E+0	0.000000E+0	0.000000E+0	1.291844E-1	1.013080E-1	5.983974E-2
0.000000E+0	0.000000E+0	0.000000E+0	0.000000E+0	1.279833E-1	1.003210E-1	5.919323E-2
0.000000E+0	0.000000E+0	0.000000E+0	0.000000E+0	1.268116E-1	9.921677E-2	5.841937E-2
0.000000E+0	0.000000E+0	0.000000E+0	0.000000E+0	1.255812E-1	9.830794E-2	5.770428E-2
0.000000E+0	0.000000E+0	0.000000E+0	0.000000E+0	1.244680E-1	9.731118E-2	5.699899E-2
0.000000E+0	0.000000E+0	0.000000E+0	0.000000E+0	1.233549E-1	9.634373E-2	5.637207E-2
0.000000E+0	0.000000E+0	0.000000E+0	0.000000E+0	1.222026E-1	9.542514E-2	5.567658E-2
0.000000E+0	0.000000E+0	0.000000E+0	0.000000E+0	1.211871E-1	9.441861E-2	5.505945E-2
0.000000E+0	0.000000E+0	0.000000E+0	0.000000E+0	1.200153E-1	9.347070E-2	5.434437E-2
0.000000E+0	0.000000E+0	0.000000E+0	0.000000E+0	1.189510E-1	9.251302E-2	5.380560E-2
0.000000E+0	0.000000E+0	0.000000E+0	0.000000E+0	1.179355E-1	9.162375E-2	5.308072E-2
0.000000E+0	0.000000E+0	0.000000E+0	0.000000E+0	1.168125E-1	9.064654E-2	5.235584E-2
0.000000E+0	0.000000E+0	0.000000E+0	0.000000E+0	1.157482E-1	8.969863E-2	5.177790E-2
0.000000E+0	0.000000E+0	0.000000E+0	0.000000E+0	1.147033E-1	8.883867E-2	5.121954E-2
0.000000E+0	0.000000E+0	0.000000E+0	0.000000E+0	1.137269E-1	8.788099E-2	5.071996E-2
0.000000E+0	0.000000E+0	0.000000E+0	0.000000E+0	1.126527E-1	8.707967E-2	5.021059E-2
0.000000E+0	0.000000E+0	0.000000E+0	0.000000E+0	1.118325E-1	8.621972E-2	4.948571E-2
0.000000E+0	0.000000E+0	0.000000E+0	0.000000E+0	1.108072E-1	8.541840E-2	4.897633E-2
0.000000E+0	0.000000E+0	0.000000E+0	0.000000E+0	1.098112E-1	8.458776E-2	4.834941E-2
0.000000E+0	0.000000E+0	0.000000E+0	0.000000E+0	1.089129E-1	8.374735E-2	4.782044E-2
0.000000E+0	0.000000E+0	0.000000E+0	0.000000E+0	1.078876E-1	8.277990E-2	4.730127E-2
0.000000E+0	0.000000E+0	0.000000E+0	0.000000E+0	1.069209E-1	8.191995E-2	4.667434E-2
0.000000E+0	0.000000E+0	0.000000E+0	0.000000E+0	1.059444E-1	8.112840E-2	4.618456E-2
0.000000E+0	0.000000E+0	0.000000E+0	0.000000E+0	1.050461E-1	8.043457E-2	4.558703E-2
0.000000E+0	0.000000E+0	0.000000E+0	0.000000E+0	1.040794E-1	7.963324E-2	4.510704E-2
0.000000E+0	0.000000E+0	0.000000E+0	0.000000E+0	1.031322E-1	7.891010E-2	4.452909E-2
0.000000E+0	0.000000E+0	0.000000E+0	0.000000E+0	1.022436E-1	7.803060E-2	4.407849E-2
0.000000E+0	0.000000E+0	0.000000E+0	0.000000E+0	1.013452E-1	7.720973E-2	4.352993E-2
0.000000E+0	0.000000E+0	0.000000E+0	0.000000E+0	1.004957E-1	7.646704E-2	4.305974E-2
0.000000E+0	0.000000E+0	0.000000E+0	0.000000E+0	9.951924E-2	7.585140E-2	4.251118E-2
0.000000E+0	0.000000E+0	0.000000E+0	0.000000E+0	9.866971E-2	7.499144E-2	4.213895E-2
0.000000E+0	0.000000E+0	0.000000E+0	0.000000E+0	9.778112E-2	7.419989E-2	4.146304E-2
0.000000E+0	0.000000E+0	0.000000E+0	0.000000E+0	9.689254E-2	7.351584E-2	4.104183E-2
0.000000E+0	0.000000E+0	0.000000E+0	0.000000E+0	9.603324E-2	7.290996E-2	4.053245E-2
0.000000E+0	0.000000E+0	0.000000E+0	0.000000E+0	9.512512E-2	7.212818E-2	4.013083E-2
0.000000E+0	0.000000E+0	0.000000E+0	0.000000E+0	9.434395E-2	7.130732E-2	3.961166E-2
0.000000E+0	0.000000E+0	0.000000E+0	0.000000E+0	9.354324E-2	7.076985E-2	3.926881E-2
0.000000E+0	0.000000E+0	0.000000E+0	0.000000E+0	9.271324E-2	7.004670E-2	3.869087E-2
0.000000E+0	0.000000E+0	0.000000E+0	0.000000E+0	9.189301E-2	6.925515E-2	3.832842E-2
0.000000E+0	0.000000E+0	0.000000E+0	0.000000E+0	9.099466E-2	6.866882E-2	3.790721E-2
0.000000E+0	0.000000E+0	0.000000E+0	0.000000E+0	9.015489E-2	6.806295E-2	3.740763E-2
0.000000E+0	0.000000E+0	0.000000E+0	0.000000E+0	8.937372E-2	6.726162E-2	3.700601E-2
0.000000E+0	0.000000E+0	0.000000E+0	0.000000E+0	8.863160E-2	6.665574E-2	3.652602E-2
0.000000E+0	0.000000E+0	0.000000E+0	0.000000E+0	8.788949E-2	6.604009E-2	3.610481E-2
0.000000E+0	0.000000E+0	0.000000E+0	0.000000E+0	8.710831E-2	6.530718E-2	3.568359E-2
0.000000E+0	0.000000E+0	0.000000E+0	0.000000E+0	8.621972E-2	6.475016E-2	3.539952E-2
0.000000E+0	0.000000E+0	0.000000E+0	0.000000E+0	8.553619E-2	6.418338E-2	3.493912E-2
0.000000E+0	0.000000E+0	0.000000E+0	0.000000E+0	8.478431E-2	6.336251E-2	3.451790E-2
0.000000E+0	0.000000E+0	0.000000E+0	0.000000E+0	8.407149E-2	6.292276E-2	3.412608E-2
0.000000E+0	0.000000E+0	0.000000E+0	0.000000E+0	8.327078E-2	6.228757E-2	3.369506E-2
0.000000E+0	0.000000E+0	0.000000E+0	0.000000E+0	8.258725E-2	6.151556E-2	3.339140E-2
0.000000E+0	0.000000E+0	0.000000E+0	0.000000E+0	8.190373E-2	6.118330E-2	3.299957E-2
0.000000E+0	0.000000E+0	0.000000E+0	0.000000E+0	8.119090E-2	6.040153E-2	3.255877E-2
0.000000E+0	0.000000E+0	0.000000E+0	0.000000E+0	8.031208E-2	5.985428E-2	3.227469E-2
0.000000E+0	0.000000E+0	0.000000E+0	0.000000E+0	7.968714E-2	5.932658E-2	3.186327E-2
0.000000E+0	0.000000E+0	0.000000E+0	0.000000E+0	7.899384E-2	5.861321E-2	3.159879E-2
0.000000E+0	0.000000E+0	0.000000E+0	0.000000E+0	7.830055E-2	5.820278E-2	3.123635E-2
0.000000E+0	0.000000E+0	0.000000E+0	0.000000E+0	7.760726E-2	5.750895E-2	3.077595E-2
0.000000E+0	0.000000E+0	0.000000E+0	0.000000E+0	7.690420E-2	5.709852E-2	3.050167E-2
0.000000E+0	0.000000E+0	0.000000E+0	0.000000E+0	7.626949E-2	5.645355E-2	3.016862E-2
0.000000E+0	0.000000E+0	0.000000E+0	0.000000E+0	7.556643E-2	5.591608E-2	2.983557E-2
0.000000E+0	0.000000E+0	0.000000E+0	0.000000E+0	7.496102E-2	5.541770E-2	2.946333E-2
0.000000E+0	0.000000E+0	0.000000E+0	0.000000E+0	7.426773E-2	5.489000E-2	2.909110E-2
0.000000E+0	0.000000E+0	0.000000E+0	0.000000E+0	7.361349E-2	5.442093E-2	2.873845E-2
0.000000E+0	0.000000E+0	0.000000E+0	0.000000E+0	7.300808E-2	5.373688E-2	2.851315E-2
0.000000E+0	0.000000E+0	0.000000E+0	0.000000E+0	7.242221E-2	5.339485E-2	2.817030E-2
0.000000E+0	0.000000E+0	0.000000E+0	0.000000E+0	7.166056E-2	5.268148E-2	2.780786E-2
0.000000E+0	0.000000E+0	0.000000E+0	0.000000E+0	7.111374E-2	5.227104E-2	2.756297E-2
0.000000E+0	0.000000E+0	0.000000E+0	0.000000E+0	7.045950E-2	5.171403E-2	2.734746E-2
0.000000E+0	0.000000E+0	0.000000E+0	0.000000E+0	6.983456E-2	5.127428E-2	2.696543E-2
0.000000E+0	0.000000E+0	0.000000E+0	0.000000E+0	6.934632E-2	5.069772E-2	2.665197E-2
0.000000E+0	0.000000E+0	0.000000E+0	0.000000E+0	6.862374E-2	5.057068E-2	2.639728E-2
0.000000E+0	0.000000E+0	0.000000E+0	0.000000E+0	6.807692E-2	5.000389E-2	2.610341E-2
0.000000E+0	0.000000E+0	0.000000E+0	0.000000E+0	6.747150E-2	4.957391E-2	2.575077E-2
0.000000E+0	0.000000E+0	0.000000E+0	0.000000E+0	6.676845E-2	4.906576E-2	2.553526E-2
0.000000E+0	0.000000E+0	0.000000E+0	0.000000E+0	6.628998E-2	4.863578E-2	2.530017E-2
0.000000E+0	0.000000E+0	0.000000E+0	0.000000E+0	6.568456E-2	4.813740E-2	2.494752E-2
0.000000E+0	0.000000E+0	0.000000E+0	0.000000E+0	6.518656E-2	4.768787E-2	2.467324E-2
0.000000E+0	0.000000E+0	0.000000E+0	0.000000E+0	6.460068E-2	4.738494E-2	2.444794E-2
0.000000E+0	0.000000E+0	0.000000E+0	0.000000E+0	6.406362E-2	4.671065E-2	2.417366E-2
0.000000E+0	0.000000E+0	0.000000E+0	0.000000E+0	6.355586E-2	4.651521E-2	2.387000E-2
0.000000E+0	0.000000E+0	0.000000E+0	0.000000E+0	6.292115E-2	4.585070E-2	2.364470E-2
0.000000E+0	0.000000E+0	0.000000E+0	0.000000E+0	6.251103E-2	4.563571E-2	2.341940E-2
0.000000E+0	0.000000E+0	0.000000E+0	0.000000E+0	6.180798E-2	4.502006E-2	2.307655E-2
0.000000E+0	0.000000E+0	0.000000E+0	0.000000E+0	6.132951E-2	4.470735E-2	2.289043E-2
0.000000E+0	0.000000E+0	0.000000E+0	0.000000E+0	6.074363E-2	4.421874E-2	2.258676E-2
0.000000E+0	0.000000E+0	0.000000E+0	0.000000E+0	6.024563E-2	4.377899E-2	2.247901E-2
0.000000E+0	0.000000E+0	0.000000E+0	0.000000E+0	5.976716E-2	4.352491E-2	2.223412E-2
0.000000E+0	0.000000E+0	0.000000E+0	0.000000E+0	5.922033E-2	4.287017E-2	2.187168E-2
0.000000E+0	0.000000E+0	0.000000E+0	0.000000E+0	5.875163E-2	4.267473E-2	2.168556E-2
0.000000E+0	0.000000E+0	0.000000E+0	0.000000E+0	5.825363E-2	4.210794E-2	2.147005E-2
0.000000E+0	0.000000E+0	0.000000E+0	0.000000E+0	5.778492E-2	4.177568E-2	2.119577E-2
0.000000E+0	0.000000E+0	0.000000E+0	0.000000E+0	5.720881E-2	4.150206E-2	2.096068E-2
0.000000E+0	0.000000E+0	0.000000E+0	0.000000E+0	5.677916E-2	4.092550E-2	2.070599E-2
0.000000E+0	0.000000E+0	0.000000E+0	0.000000E+0	5.616399E-2	4.076914E-2	2.055906E-2
0.000000E+0	0.000000E+0	0.000000E+0	0.000000E+0	5.576363E-2	4.019259E-2	2.040233E-2
0.000000E+0	0.000000E+0	0.000000E+0	0.000000E+0	5.525587E-2	3.985056E-2	2.013784E-2
0.000000E+0	0.000000E+0	0.000000E+0	0.000000E+0	5.483599E-2	3.967466E-2	1.986356E-2
0.000000E+0	0.000000E+0	0.000000E+0	0.000000E+0	5.430869E-2	3.908832E-2	1.965785E-2
0.000000E+0	0.000000E+0	0.000000E+0	0.000000E+0	5.385952E-2	3.882448E-2	1.953051E-2
0.000000E+0	0.000000E+0	0.000000E+0	0.000000E+0	5.346893E-2	3.853131E-2	1.942276E-2
0.000000E+0	0.000000E+0	0.000000E+0	0.000000E+0	5.293187E-2	3.796452E-2	1.904072E-2
0.000000E+0	0.000000E+0	0.000000E+0	0.000000E+0	5.258034E-2	3.782771E-2	1.882522E-2
0.000000E+0	0.000000E+0	0.000000E+0	0.000000E+0	5.204328E-2	3.755409E-2	1.865869E-2
0.000000E+0	0.000000E+0	0.000000E+0	0.000000E+0	5.175034E-2	3.697753E-2	1.854114E-2
0.000000E+0	0.000000E+0	0.000000E+0	0.000000E+0	5.113516E-2	3.680163E-2	1.838441E-2
0.000000E+0	0.000000E+0	0.000000E+0	0.000000E+0	5.083246E-2	3.631302E-2	1.811014E-2
0.000000E+0	0.000000E+0	0.000000E+0	0.000000E+0	5.030517E-2	3.595144E-2	1.783586E-2
0.000000E+0	0.000000E+0	0.000000E+0	0.000000E+0	4.995364E-2	3.587327E-2	1.765953E-2
0.000000E+0	0.000000E+0	0.000000E+0	0.000000E+0	4.975834E-2	3.538465E-2	1.759096E-2
0.000000E+0	0.000000E+0	0.000000E+0	0.000000E+0	4.923105E-2	3.498400E-2	1.743423E-2
0.000000E+0	0.000000E+0	0.000000E+0	0.000000E+0	4.889905E-2	3.486673E-2	1.729709E-2
0.000000E+0	0.000000E+0	0.000000E+0	0.000000E+0	4.840105E-2	3.443675E-2	1.709138E-2
0.000000E+0	0.000000E+0	0.000000E+0	0.000000E+0	4.803976E-2	3.401655E-2	1.679751E-2
0.000000E+0	0.000000E+0	0.000000E+0	0.000000E+0	4.772729E-2	3.391882E-2	1.664078E-2
0.000000E+0	0.000000E+0	0.000000E+0	0.000000E+0	4.719999E-2	3.352793E-2	1.655262E-2
0.000000E+0	0.000000E+0	0.000000E+0	0.000000E+0	4.685823E-2	3.309796E-2	1.641548E-2
0.000000E+0	0.000000E+0	0.000000E+0	0.000000E+0	4.643835E-2	3.296115E-2	1.620977E-2
0.000000E+0	0.000000E+0	0.000000E+0	0.000000E+0	4.606729E-2	3.265821E-2	1.592570E-2
0.000000E+0	0.000000E+0	0.000000E+0	0.000000E+0	4.571576E-2	3.216960E-2	1.585713E-2
0.000000E+0	0.000000E+0	0.000000E+0	0.000000E+0	4.520800E-2	3.201324E-2	1.565142E-2
0.000000E+0	0.000000E+0	0.000000E+0	0.000000E+0	4.500294E-2	3.185689E-2	1.558285E-2
0.000000E+0	0.000000E+0	0.000000E+0	0.000000E+0	4.453423E-2	3.142691E-2	1.546530E-2
0.000000E+0	0.000000E+0	0.000000E+0	0.000000E+0	4.411435E-2	3.107511E-2	1.524980E-2
0.000000E+0	0.000000E+0	0.000000E+0	0.000000E+0	4.383117E-2	3.099693E-2	1.513225E-2
0.000000E+0	0.000000E+0	0.000000E+0	0.000000E+0	4.334294E-2	3.064513E-2	1.484817E-2
0.000000E+0	0.000000E+0	0.000000E+0	0.000000E+0	4.308905E-2	3.023470E-2	1.474042E-2
0.000000E+0	0.000000E+0	0.000000E+0	0.000000E+0	4.276682E-2	3.005880E-2	1.462287E-2
0.000000E+0	0.000000E+0	0.000000E+0	0.000000E+0	4.225906E-2	2.983404E-2	1.456410E-2
0.000000E+0	0.000000E+0	0.000000E+0	0.000000E+0	4.206376E-2	2.950178E-2	1.444655E-2
0.000000E+0	0.000000E+0	0.000000E+0	0.000000E+0	4.176106E-2	2.918907E-2	1.426043E-2
0.000000E+0	0.000000E+0	0.000000E+0	0.000000E+0	4.129235E-2	2.906203E-2	1.396656E-2
0.000000E+0	0.000000E+0	0.000000E+0	0.000000E+0	4.108729E-2	2.878841E-2	1.383922E-2
0.000000E+0	0.000000E+0	0.000000E+0	0.000000E+0	4.061859E-2	2.833889E-2	1.376085E-2
0.000000E+0	0.000000E+0	0.000000E+0	0.000000E+0	4.026706E-2	2.813367E-2	1.366290E-2
0.000000E+0	0.000000E+0	0.000000E+0	0.000000E+0	4.004247E-2	2.805549E-2	1.357473E-2
0.000000E+0	0.000000E+0	0.000000E+0	0.000000E+0	3.968118E-2	2.775256E-2	1.354535E-2
0.000000E+0	0.000000E+0	0.000000E+0	0.000000E+0	3.922224E-2	2.737144E-2	1.328086E-2
0.000000E+0	0.000000E+0	0.000000E+0	0.000000E+0	3.907577E-2	2.713691E-2	1.301638E-2
0.000000E+0	0.000000E+0	0.000000E+0	0.000000E+0	3.874376E-2	2.708804E-2	1.295761E-2
0.000000E+0	0.000000E+0	0.000000E+0	0.000000E+0	3.828482E-2	2.684374E-2	1.275190E-2
0.000000E+0	0.000000E+0	0.000000E+0	0.000000E+0	3.810906E-2	2.651148E-2	1.272251E-2
0.000000E+0	0.000000E+0	0.000000E+0	0.000000E+0	3.770871E-2	2.619877E-2	1.267353E-2
0.000000E+0	0.000000E+0	0.000000E+0	0.000000E+0	3.730835E-2	2.610105E-2	1.259517E-2
0.000000E+0	0.000000E+0	0.000000E+0	0.000000E+0	3.713259E-2	2.592515E-2	1.255598E-2
0.000000E+0	0.000000E+0	0.000000E+0	0.000000E+0	3.682989E-2	2.558312E-2	1.235027E-2
0.000000E+0	0.000000E+0	0.000000E+0	0.000000E+0	3.646859E-2	2.522155E-2	1.218375E-2
0.000000E+0	0.000000E+0	0.000000E+0	0.000000E+0	3.624400E-2	2.519223E-2	1.194865E-2
0.000000E+0	0.000000E+0	0.000000E+0	0.000000E+0	3.607800E-2	2.501634E-2	1.183110E-2
0.000000E+0	0.000000E+0	0.000000E+0	0.000000E+0	3.553118E-2	2.485021E-2	1.174294E-2
0.000000E+0	0.000000E+0	0.000000E+0	0.000000E+0	3.529683E-2	2.441046E-2	1.170376E-2
0.000000E+0	0.000000E+0	0.000000E+0	0.000000E+0	3.516012E-2	2.426388E-2	1.165478E-2
0.000000E+0	0.000000E+0	0.000000E+0	0.000000E+0	3.467189E-2	2.418570E-2	1.163519E-2
0.000000E+0	0.000000E+0	0.000000E+0	0.000000E+0	3.436918E-2	2.405866E-2	1.150784E-2
0.000000E+0	0.000000E+0	0.000000E+0	0.000000E+0	3.426177E-2	2.359936E-2	1.140009E-2
0.000000E+0	0.000000E+0	0.000000E+0	0.000000E+0	3.400789E-2	2.335506E-2	1.114540E-2
0.000000E+0	0.000000E+0	0.000000E+0	0.000000E+0	3.363683E-2	2.321825E-2	1.103765E-2
0.000000E+0	0.000000E+0	0.000000E+0	0.000000E+0	3.337318E-2	2.316939E-2	1.084174E-2
0.000000E+0	0.000000E+0	0.000000E+0	0.000000E+0	3.326577E-2	2.288599E-2	1.080255E-2
0.000000E+0	0.000000E+0	0.000000E+0	0.000000E+0	3.292401E-2	2.263192E-2	1.072419E-2
0.000000E+0	0.000000E+0	0.000000E+0	0.000000E+0	3.250413E-2	2.230943E-2	1.070460E-2
0.000000E+0	0.000000E+0	0.000000E+0	0.000000E+0	3.234789E-2	2.224103E-2	1.070460E-2
0.000000E+0	0.000000E+0	0.000000E+0	0.000000E+0	3.217212E-2	2.220194E-2	1.064582E-2
0.000000E+0	0.000000E+0	0.000000E+0	0.000000E+0	3.183036E-2	2.202604E-2	1.051848E-2
0.000000E+0	0.000000E+0	0.000000E+0	0.000000E+0	3.144954E-2	2.170355E-2	1.038134E-2
0.000000E+0	0.000000E+0	0.000000E+0	0.000000E+0	3.138119E-2	2.137130E-2	1.026379E-2
0.000000E+0	0.000000E+0	0.000000E+0	0.000000E+0	3.107848E-2	2.130289E-2	1.003849E-2
0.000000E+0	0.000000E+0	0.000000E+0	0.000000E+0	3.079530E-2	2.123449E-2	9.930739E-3
0.000000E+0	0.000000E+0	0.000000E+0	0.000000E+0	3.051213E-2	2.106836E-2	9.871965E-3
0.000000E+0	0.000000E+0	0.000000E+0	0.000000E+0	3.036566E-2	2.081428E-2	9.803396E-3
0.000000E+0	0.000000E+0	0.000000E+0	0.000000E+0	3.019966E-2	2.050157E-2	9.734826E-3
0.000000E+0	0.000000E+0	0.000000E+0	0.000000E+0	2.976025E-2	2.033545E-2	9.734826E-3
0.000000E+0	0.000000E+0	0.000000E+0	0.000000E+0	2.948683E-2	2.028658E-2	9.705439E-3
0.000000E+0	0.000000E+0	0.000000E+0	0.000000E+0	2.942825E-2	2.019863E-2	9.676052E-3
0.000000E+0	0.000000E+0	0.000000E+0	0.000000E+0	2.925248E-2	1.998365E-2	9.519321E-3
0.000000E+0	0.000000E+0	0.000000E+0	0.000000E+0	2.891072E-2	1.977843E-2	9.440956E-3
0.000000E+0	0.000000E+0	0.000000E+0	0.000000E+0	2.857872E-2	1.943640E-2	9.264633E-3
0.000000E+0	0.000000E+0	0.000000E+0	0.000000E+0	2.843225E-2	1.933868E-2	9.068719E-3
0.000000E+0	0.000000E+0	0.000000E+0	0.000000E+0	2.827601E-2	1.928982E-2	9.000150E-3
0.000000E+0	0.000000E+0	0.000000E+0	0.000000E+0	2.800260E-2	1.920187E-2	8.823828E-3
0.000000E+0	0.000000E+0	0.000000E+0	0.000000E+0	2.766084E-2	1.912369E-2	8.823828E-3
0.000000E+0	0.000000E+0	0.000000E+0	0.000000E+0	2.751436E-2	1.870348E-2	8.774849E-3
0.000000E+0	0.000000E+0	0.000000E+0	0.000000E+0	2.741672E-2	1.848850E-2	8.765053E-3
0.000000E+0	0.000000E+0	0.000000E+0	0.000000E+0	2.722142E-2	1.838100E-2	8.755257E-3
0.000000E+0	0.000000E+0	0.000000E+0	0.000000E+0	2.686013E-2	1.831260E-2	8.745462E-3
0.000000E+0	0.000000E+0	0.000000E+0	0.000000E+0	2.658672E-2	1.825396E-2	8.706279E-3
0.000000E+0	0.000000E+0	0.000000E+0	0.000000E+0	2.647931E-2	1.814647E-2	8.676892E-3
0.000000E+0	0.000000E+0	0.000000E+0	0.000000E+0	2.633284E-2	1.790216E-2	8.578936E-3
0.000000E+0	0.000000E+0	0.000000E+0	0.000000E+0	2.606919E-2	1.760900E-2	8.412409E-3
0.000000E+0	0.000000E+0	0.000000E+0	0.000000E+0	2.572742E-2	1.747219E-2	8.216495E-3
0.000000E+0	0.000000E+0	0.000000E+0	0.000000E+0	2.555166E-2	1.739401E-2	8.206699E-3
0.000000E+0	0.000000E+0	0.000000E+0	0.000000E+0	2.549307E-2	1.729629E-2	8.108743E-3
0.000000E+0	0.000000E+0	0.000000E+0	0.000000E+0	2.537590E-2	1.727674E-2	7.903033E-3
0.000000E+0	0.000000E+0	0.000000E+0	0.000000E+0	2.512201E-2	1.717902E-2	7.893237E-3
0.000000E+0	0.000000E+0	0.000000E+0	0.000000E+0	2.481931E-2	1.681745E-2	7.824668E-3
0.000000E+0	0.000000E+0	0.000000E+0	0.000000E+0	2.460449E-2	1.656337E-2	7.814872E-3
0.000000E+0	0.000000E+0	0.000000E+0	0.000000E+0	2.454590E-2	1.645588E-2	7.765894E-3
0.000000E+0	0.000000E+0	0.000000E+0	0.000000E+0	2.440919E-2	1.640701E-2	7.775689E-3
0.000000E+0	0.000000E+0	0.000000E+0	0.000000E+0	2.415531E-2	1.637770E-2	7.756098E-3
0.000000E+0	0.000000E+0	0.000000E+0	0.000000E+0	2.391119E-2	1.636793E-2	7.716915E-3
0.000000E+0	0.000000E+0	0.000000E+0	0.000000E+0	2.366707E-2	1.614316E-2	7.716915E-3
0.000000E+0	0.000000E+0	0.000000E+0	0.000000E+0	2.355966E-2	1.602590E-2	7.658141E-3
0.000000E+0	0.000000E+0	0.000000E+0	0.000000E+0	2.346202E-2	1.571319E-2	7.521002E-3
0.000000E+0	0.000000E+0	0.000000E+0	0.000000E+0	2.322766E-2	1.556660E-2	7.481819E-3
0.000000E+0	0.000000E+0	0.000000E+0	0.000000E+0	2.305190E-2	1.546888E-2	7.354475E-3
0.000000E+0	0.000000E+0	0.000000E+0	0.000000E+0	2.271014E-2	1.540048E-2	7.207540E-3
0.000000E+0	0.000000E+0	0.000000E+0	0.000000E+0	2.262225E-2	1.538093E-2	7.050809E-3
0.000000E+0	0.000000E+0	0.000000E+0	0.000000E+0	2.254413E-2	1.527344E-2	6.962648E-3
0.000000E+0	0.000000E+0	0.000000E+0	0.000000E+0	2.242696E-2	1.516594E-2	6.962648E-3
0.000000E+0	0.000000E+0	0.000000E+0	0.000000E+0	2.221213E-2	1.501936E-2	6.933261E-3
0.000000E+0	0.000000E+0	0.000000E+0	0.000000E+0	2.192896E-2	1.480437E-2	6.894078E-3
0.000000E+0	0.000000E+0	0.000000E+0	0.000000E+0	2.174343E-2	1.456984E-2	6.815712E-3
0.000000E+0	0.000000E+0	0.000000E+0	0.000000E+0	2.162625E-2	1.446234E-2	6.805917E-3
0.000000E+0	0.000000E+0	0.000000E+0	0.000000E+0	2.155790E-2	1.442325E-2	6.805917E-3
0.000000E+0	0.000000E+0	0.000000E+0	0.000000E+0	2.137237E-2	1.441348E-2	6.786325E-3
0.000000E+0	0.000000E+0	0.000000E+0	0.000000E+0	2.125520E-2	1.437439E-2	6.776530E-3
0.000000E+0	0.000000E+0	0.000000E+0	0.000000E+0	2.095249E-2	1.423758E-2	6.737347E-3
0.000000E+0	0.000000E+0	0.000000E+0	0.000000E+0	2.080602E-2	1.405191E-2	6.717755E-3
0.000000E+0	0.000000E+0	0.000000E+0	0.000000E+0	2.063025E-2	1.389555E-2	6.707960E-3
0.000000E+0	0.000000E+0	0.000000E+0	0.000000E+0	2.064002E-2	1.366102E-2	6.698164E-3
0.000000E+0	0.000000E+0	0.000000E+0	0.000000E+0	2.049355E-2	1.362193E-2	6.610003E-3
0.000000E+0	0.000000E+0	0.000000E+0	0.000000E+0	2.028849E-2	1.350467E-2	6.512046E-3
0.000000E+0	0.000000E+0	0.000000E+0	0.000000E+0	1.992720E-2	1.343626E-2	6.414089E-3
0.000000E+0	0.000000E+0	0.000000E+0	0.000000E+0	1.983931E-2	1.344603E-2	6.276950E-3
0.000000E+0	0.000000E+0	0.000000E+0	0.000000E+0	1.970261E-2	1.336785E-2	6.267154E-3
0.000000E+0	0.000000E+0	0.000000E+0	0.000000E+0	1.965378E-2	1.327991E-2	6.110423E-3
0.000000E+0	0.000000E+0	0.000000E+0	0.000000E+0	1.959520E-2	1.308446E-2	6.061445E-3
0.000000E+0	0.000000E+0	0.000000E+0	0.000000E+0	1.936084E-2	1.296719E-2	6.061445E-3
0.000000E+0	0.000000E+0	0.000000E+0	0.000000E+0	1.912649E-2	1.281084E-2	5.963488E-3
0.000000E+0	0.000000E+0	0.000000E+0	0.000000E+0	1.894096E-2	1.263494E-2	5.914510E-3
0.000000E+0	0.000000E+0	0.000000E+0	0.000000E+0	1.876520E-2	1.255676E-2	5.875327E-3
0.000000E+0	0.000000E+0	0.000000E+0	0.000000E+0	1.869684E-2	1.246881E-2	5.845940E-3
0.000000E+0	0.000000E+0	0.000000E+0	0.000000E+0	1.864802E-2	1.244927E-2	5.836144E-3
0.000000E+0	0.000000E+0	0.000000E+0	0.000000E+0	1.856014E-2	1.244927E-2	5.816553E-3
0.000000E+0	0.000000E+0	0.000000E+0	0.000000E+0	1.845273E-2	1.242972E-2	5.826348E-3
0.000000E+0	0.000000E+0	0.000000E+0	0.000000E+0	1.815002E-2	1.236132E-2	5.747983E-3
0.000000E+0	0.000000E+0	0.000000E+0	0.000000E+0	1.793520E-2	1.221473E-2	5.777370E-3
0.000000E+0	0.000000E+0	0.000000E+0	0.000000E+0	1.775943E-2	1.208770E-2	5.747983E-3
0.000000E+0	0.000000E+0	0.000000E+0	0.000000E+0	1.772038E-2	1.194111E-2	5.738187E-3
0.000000E+0	0.000000E+0	0.000000E+0	0.000000E+0	1.770085E-2	1.172612E-2	5.718596E-3
0.000000E+0	0.000000E+0	0.000000E+0	0.000000E+0	1.763249E-2	1.164795E-2	5.728391E-3
0.000000E+0	0.000000E+0	0.000000E+0	0.000000E+0	1.759343E-2	1.155022E-2	5.679413E-3
0.000000E+0	0.000000E+0	0.000000E+0	0.000000E+0	1.736885E-2	1.149159E-2	5.601048E-3
0.000000E+0	0.000000E+0	0.000000E+0	0.000000E+0	1.708567E-2	1.149159E-2	5.454112E-3
0.000000E+0	0.000000E+0	0.000000E+0	0.000000E+0	1.691967E-2	1.148182E-2	5.473704E-3
0.000000E+0	0.000000E+0	0.000000E+0	0.000000E+0	1.680249E-2	1.143296E-2	5.307177E-3
0.000000E+0	0.000000E+0	0.000000E+0	0.000000E+0	1.672438E-2	1.142318E-2	5.385543E-3
0.000000E+0	0.000000E+0	0.000000E+0	0.000000E+0	1.672438E-2	1.122774E-2	5.307177E-3
0.000000E+0	0.000000E+0	0.000000E+0	0.000000E+0	1.661696E-2	1.109093E-2	5.199425E-3
0.000000E+0	0.000000E+0	0.000000E+0	0.000000E+0	1.650955E-2	1.094435E-2	5.150446E-3
0.000000E+0	0.000000E+0	0.000000E+0	0.000000E+0	1.631426E-2	1.078799E-2	5.042694E-3
0.000000E+0	0.000000E+0	0.000000E+0	0.000000E+0	1.606038E-2	1.068050E-2	4.983920E-3
0.000000E+0	0.000000E+0	0.000000E+0	0.000000E+0	1.595297E-2	1.057300E-2	4.964328E-3
0.000000E+0	0.000000E+0	0.000000E+0	0.000000E+0	1.577720E-2	1.053391E-2	4.954533E-3
0.000000E+0	0.000000E+0	0.000000E+0	0.000000E+0	1.577720E-2	1.050460E-2	4.905554E-3
0.000000E+0	0.000000E+0	0.000000E+0	0.000000E+0	1.571861E-2	1.051437E-2	4.866371E-3
0.000000E+0	0.000000E+0	0.000000E+0	0.000000E+0	1.571861E-2	1.049482E-2	4.866371E-3
0.000000E+0	0.000000E+0	0.000000E+0	0.000000E+0	1.562096E-2	1.048505E-2	4.866371E-3
0.000000E+0	0.000000E+0	0.000000E+0	0.000000E+0	1.545496E-2	1.038733E-2	4.856576E-3
0.000000E+0	0.000000E+0	0.000000E+0	0.000000E+0	1.524014E-2	1.041665E-2	4.836984E-3
0.000000E+0	0.000000E+0	0.000000E+0	0.000000E+0	1.504485E-2	1.026029E-2	4.827189E-3
0.000000E+0	0.000000E+0	0.000000E+0	0.000000E+0	1.498626E-2	1.013325E-2	4.827189E-3
0.000000E+0	0.000000E+0	0.000000E+0	0.000000E+0	1.484955E-2	9.976896E-3	4.836984E-3
0.000000E+0	0.000000E+0	0.000000E+0	0.000000E+0	1.476167E-2	9.879175E-3	4.817393E-3
0.000000E+0	0.000000E+0	0.000000E+0	0.000000E+0	1.475191E-2	9.810769E-3	4.807597E-3
0.000000E+0	0.000000E+0	0.000000E+0	0.000000E+0	1.471285E-2	9.644642E-3	4.758619E-3
0.000000E+0	0.000000E+0	0.000000E+0	0.000000E+0	1.468355E-2	9.586008E-3	4.719436E-3
0.000000E+0	0.000000E+0	0.000000E+0	0.000000E+0	1.453708E-2	9.537147E-3	4.758619E-3
0.000000E+0	0.000000E+0	0.000000E+0	0.000000E+0	1.434179E-2	9.537147E-3	4.709641E-3
0.000000E+0	0.000000E+0	0.000000E+0	0.000000E+0	1.406838E-2	9.507830E-3	4.709641E-3
0.000000E+0	0.000000E+0	0.000000E+0	0.000000E+0	1.398050E-2	9.517603E-3	4.650867E-3
0.000000E+0	0.000000E+0	0.000000E+0	0.000000E+0	1.395120E-2	9.478514E-3	4.582297E-3
0.000000E+0	0.000000E+0	0.000000E+0	0.000000E+0	1.382426E-2	9.468742E-3	4.484340E-3
0.000000E+0	0.000000E+0	0.000000E+0	0.000000E+0	1.379497E-2	9.371019E-3	4.572501E-3
0.000000E+0	0.000000E+0	0.000000E+0	0.000000E+0	1.379497E-2	9.302614E-3	4.513727E-3
0.000000E+0	0.000000E+0	0.000000E+0	0.000000E+0	1.370708E-2	9.185347E-3	4.445157E-3
0.000000E+0	0.000000E+0	0.000000E+0	0.000000E+0	1.362897E-2	8.911725E-3	4.288426E-3
0.000000E+0	0.000000E+0	0.000000E+0	0.000000E+0	1.345320E-2	8.872637E-3	4.317813E-3
0.000000E+0	0.000000E+0	0.000000E+0	0.000000E+0	1.340438E-2	8.755370E-3	4.190470E-3
0.000000E+0	0.000000E+0	0.000000E+0	0.000000E+0	1.326767E-2	8.716281E-3	4.190470E-3
0.000000E+0	0.000000E+0	0.000000E+0	0.000000E+0	1.307238E-2	8.647875E-3	4.170878E-3
0.000000E+0	0.000000E+0	0.000000E+0	0.000000E+0	1.293567E-2	8.608786E-3	4.141491E-3
0.000000E+0	0.000000E+0	0.000000E+0	0.000000E+0	1.287709E-2	8.569698E-3	4.043534E-3
0.000000E+0	0.000000E+0	0.000000E+0	0.000000E+0	1.283803E-2	8.589242E-3	4.033738E-3
0.000000E+0	0.000000E+0	0.000000E+0	0.000000E+0	1.279897E-2	8.550153E-3	3.984760E-3
0.000000E+0	0.000000E+0	0.000000E+0	0.000000E+0	1.279897E-2	8.550153E-3	3.945577E-3
0.000000E+0	0.000000E+0	0.000000E+0	0.000000E+0	1.275991E-2	8.550153E-3	3.935782E-3
0.000000E+0	0.000000E+0	0.000000E+0	0.000000E+0	1.264273E-2	8.520837E-3	3.965169E-3
0.000000E+0	0.000000E+0	0.000000E+0	0.000000E+0	1.252556E-2	8.452431E-3	3.906395E-3
0.000000E+0	0.000000E+0	0.000000E+0	0.000000E+0	1.239862E-2	8.364481E-3	3.877008E-3
0.000000E+0	0.000000E+0	0.000000E+0	0.000000E+0	1.221309E-2	8.335165E-3	3.906395E-3
0.000000E+0	0.000000E+0	0.000000E+0	0.000000E+0	1.210567E-2	8.266759E-3	3.857416E-3
0.000000E+0	0.000000E+0	0.000000E+0	0.000000E+0	1.192014E-2	8.081087E-3	3.877008E-3
0.000000E+0	0.000000E+0	0.000000E+0	0.000000E+0	1.194944E-2	8.032226E-3	3.867212E-3
0.000000E+0	0.000000E+0	0.000000E+0	0.000000E+0	1.186156E-2	7.905187E-3	3.857416E-3
0.000000E+0	0.000000E+0	0.000000E+0	0.000000E+0	1.184203E-2	7.866099E-3	3.867212E-3
0.000000E+0	0.000000E+0	0.000000E+0	0.000000E+0	1.182250E-2	7.768376E-3	3.857416E-3
0.000000E+0	0.000000E+0	0.000000E+0	0.000000E+0	1.179320E-2	7.621793E-3	3.847620E-3
0.000000E+0	0.000000E+0	0.000000E+0	0.000000E+0	1.178344E-2	7.690198E-3	3.857416E-3
0.000000E+0	0.000000E+0	0.000000E+0	0.000000E+0	1.173462E-2	7.602248E-3	3.847620E-3
0.000000E+0	0.000000E+0	0.000000E+0	0.000000E+0	1.153932E-2	7.602248E-3	3.828029E-3
0.000000E+0	0.000000E+0	0.000000E+0	0.000000E+0	1.150026E-2	7.582704E-3	3.837825E-3
0.000000E+0	0.000000E+0	0.000000E+0	0.000000E+0	1.133426E-2	7.572932E-3	3.788846E-3
0.000000E+0	0.000000E+0	0.000000E+0	0.000000E+0	1.109991E-2	7.553387E-3	3.818233E-3
0.000000E+0	0.000000E+0	0.000000E+0	0.000000E+0	1.096321E-2	7.572932E-3	3.730072E-3
0.000000E+0	0.000000E+0	0.000000E+0	0.000000E+0	1.095344E-2	7.543615E-3	3.769255E-3
0.000000E+0	0.000000E+0	0.000000E+0	0.000000E+0	1.090462E-2	7.445893E-3	3.749664E-3
0.000000E+0	0.000000E+0	0.000000E+0	0.000000E+0	1.088509E-2	7.465438E-3	3.739868E-3
0.000000E+0	0.000000E+0	0.000000E+0	0.000000E+0	1.085579E-2	7.484982E-3	3.681094E-3
0.000000E+0	0.000000E+0	0.000000E+0	0.000000E+0	1.084603E-2	7.367715E-3	3.710481E-3
0.000000E+0	0.000000E+0	0.000000E+0	0.000000E+0	1.084603E-2	7.289538E-3	3.681094E-3
0.000000E+0	0.000000E+0	0.000000E+0	0.000000E+0	1.079721E-2	7.211360E-3	3.730072E-3
0.000000E+0	0.000000E+0	0.000000E+0	0.000000E+0	1.068979E-2	7.123410E-3	3.641911E-3
0.000000E+0	0.000000E+0	0.000000E+0	0.000000E+0	1.068003E-2	6.976827E-3	3.612524E-3
0.000000E+0	0.000000E+0	0.000000E+0	0.000000E+0	1.051403E-2	6.918193E-3	3.543954E-3
0.000000E+0	0.000000E+0	0.000000E+0	0.000000E+0	1.041638E-2	6.888877E-3	3.573341E-3
0.000000E+0	0.000000E+0	0.000000E+0	0.000000E+0	1.024062E-2	6.830243E-3	3.553750E-3
0.000000E+0	0.000000E+0	0.000000E+0	0.000000E+0	1.013321E-2	6.830243E-3	3.475385E-3
0.000000E+0	0.000000E+0	0.000000E+0	0.000000E+0	1.007462E-2	6.703204E-3	3.543954E-3
0.000000E+0	0.000000E+0	0.000000E+0	0.000000E+0	9.967206E-3	6.634799E-3	3.397019E-3
0.000000E+0	0.000000E+0	0.000000E+0	0.000000E+0	9.928147E-3	6.644571E-3	3.367632E-3
0.000000E+0	0.000000E+0	0.000000E+0	0.000000E+0	9.908617E-3	6.615255E-3	3.348041E-3
0.000000E+0	0.000000E+0	0.000000E+0	0.000000E+0	9.898853E-3	6.615255E-3	3.279471E-3
0.000000E+0	0.000000E+0	0.000000E+0	0.000000E+0	9.918382E-3	6.615255E-3	3.191310E-3
0.000000E+0	0.000000E+0	0.000000E+0	0.000000E+0	9.869559E-3	6.605483E-3	3.230493E-3
0.000000E+0	0.000000E+0	0.000000E+0	0.000000E+0	9.859794E-3	6.595710E-3	3.093353E-3
0.000000E+0	0.000000E+0	0.000000E+0	0.000000E+0	9.762147E-3	6.576166E-3	3.152127E-3
0.000000E+0	0.000000E+0	0.000000E+0	0.000000E+0	9.781676E-3	6.537077E-3	3.171718E-3
0.000000E+0	0.000000E+0	0.000000E+0	0.000000E+0	9.664500E-3	6.537077E-3	3.073761E-3
0.000000E+0	0.000000E+0	0.000000E+0	0.000000E+0	9.596148E-3	6.488216E-3	3.044375E-3
0.000000E+0	0.000000E+0	0.000000E+0	0.000000E+0	9.283677E-3	6.488216E-3	3.093353E-3
0.000000E+0	0.000000E+0	0.000000E+0	0.000000E+0	9.391089E-3	6.478444E-3	3.005192E-3
0.000000E+0	0.000000E+0	0.000000E+0	0.000000E+0	9.234854E-3	6.370949E-3	3.014988E-3
0.000000E+0	0.000000E+0	0.000000E+0	0.000000E+0	9.156736E-3	6.322088E-3	3.005192E-3
0.000000E+0	0.000000E+0	0.000000E+0	0.000000E+0	9.000501E-3	6.243911E-3	3.024783E-3
0.000000E+0	0.000000E+0	0.000000E+0	0.000000E+0	9.000501E-3	6.224366E-3	2.985600E-3
0.000000E+0	0.000000E+0	0.000000E+0	0.000000E+0	8.941913E-3	6.126644E-3	2.936622E-3
0.000000E+0	0.000000E+0	0.000000E+0	0.000000E+0	8.941913E-3	6.107099E-3	2.926826E-3
0.000000E+0	0.000000E+0	0.000000E+0	0.000000E+0	8.873560E-3	5.980061E-3	2.917031E-3
0.000000E+0	0.000000E+0	0.000000E+0	0.000000E+0	8.922383E-3	5.901883E-3	2.926826E-3
0.000000E+0	0.000000E+0	0.000000E+0	0.000000E+0	8.912618E-3	5.872566E-3	2.936622E-3
0.000000E+0	0.000000E+0	0.000000E+0	0.000000E+0	8.902854E-3	5.755300E-3	2.917031E-3
0.000000E+0	0.000000E+0	0.000000E+0	0.000000E+0	8.863796E-3	5.706439E-3	2.936622E-3
0.000000E+0	0.000000E+0	0.000000E+0	0.000000E+0	8.795442E-3	5.755300E-3	2.926826E-3
0.000000E+0	0.000000E+0	0.000000E+0	0.000000E+0	8.766148E-3	5.716211E-3	2.897439E-3
0.000000E+0	0.000000E+0	0.000000E+0	0.000000E+0	8.697796E-3	5.638033E-3	2.897439E-3
0.000000E+0	0.000000E+0	0.000000E+0	0.000000E+0	8.648972E-3	5.706439E-3	2.887644E-3
0.000000E+0	0.000000E+0	0.000000E+0	0.000000E+0	8.482972E-3	5.647806E-3	2.858256E-3
0.000000E+0	0.000000E+0	0.000000E+0	0.000000E+0	8.463442E-3	5.657577E-3	2.868052E-3
0.000000E+0	0.000000E+0	0.000000E+0	0.000000E+0	8.346266E-3	5.638033E-3	2.877848E-3
0.000000E+0	0.000000E+0	0.000000E+0	0.000000E+0	8.160737E-3	5.628261E-3	2.887644E-3
0.000000E+0	0.000000E+0	0.000000E+0	0.000000E+0	8.131443E-3	5.618489E-3	2.858256E-3
0.000000E+0	0.000000E+0	0.000000E+0	0.000000E+0	8.053325E-3	5.628261E-3	2.868052E-3
0.000000E+0	0.000000E+0	0.000000E+0	0.000000E+0	7.984973E-3	5.598944E-3	2.868052E-3
0.000000E+0	0.000000E+0	0.000000E+0	0.000000E+0	8.014266E-3	5.598944E-3	2.828870E-3
0.000000E+0	0.000000E+0	0.000000E+0	0.000000E+0	7.994737E-3	5.608717E-3	2.868052E-3
0.000000E+0	0.000000E+0	0.000000E+0	0.000000E+0	7.955679E-3	5.598944E-3	2.858256E-3
0.000000E+0	0.000000E+0	0.000000E+0	0.000000E+0	7.936149E-3	5.520767E-3	2.828870E-3
0.000000E+0	0.000000E+0	0.000000E+0	0.000000E+0	7.916620E-3	5.491450E-3	2.838665E-3
0.000000E+0	0.000000E+0	0.000000E+0	0.000000E+0	7.936149E-3	5.423044E-3	2.828870E-3
0.000000E+0	0.000000E+0	0.000000E+0	0.000000E+0	7.906855E-3	5.413272E-3	2.858256E-3
0.000000E+0	0.000000E+0	0.000000E+0	0.000000E+0	7.877561E-3	5.403500E-3	2.828870E-3
0.000000E+0	0.000000E+0	0.000000E+0	0.000000E+0	7.867796E-3	5.374183E-3	2.789687E-3
0.000000E+0	0.000000E+0	0.000000E+0	0.000000E+0	7.731090E-3	5.305778E-3	2.819074E-3
0.000000E+0	0.000000E+0	0.000000E+0	0.000000E+0	7.789678E-3	5.227600E-3	2.809278E-3
0.000000E+0	0.000000E+0	0.000000E+0	0.000000E+0	7.692032E-3	5.149422E-3	2.770095E-3
0.000000E+0	0.000000E+0	0.000000E+0	0.000000E+0	7.692032E-3	5.139650E-3	2.789687E-3
0.000000E+0	0.000000E+0	0.000000E+0	0.000000E+0	7.623679E-3	5.012611E-3	2.779891E-3
0.000000E+0	0.000000E+0	0.000000E+0	0.000000E+0	7.565090E-3	5.081017E-3	2.799482E-3
0.000000E+0	0.000000E+0	0.000000E+0	0.000000E+0	7.272149E-3	4.934434E-3	2.779891E-3
0.000000E+0	0.000000E+0	0.000000E+0	0.000000E+0	7.272149E-3	4.953978E-3	2.750504E-3
0.000000E+0	0.000000E+0	0.000000E+0	0.000000E+0	7.164738E-3	4.866028E-3	2.799482E-3
0.000000E+0	0.000000E+0	0.000000E+0	0.000000E+0	7.096385E-3	4.797623E-3	2.770095E-3
0.000000E+0	0.000000E+0	0.000000E+0	0.000000E+0	7.076856E-3	4.797623E-3	2.691730E-3
0.000000E+0	0.000000E+0	0.000000E+0	0.000000E+0	7.018268E-3	4.778078E-3	2.730913E-3
0.000000E+0	0.000000E+0	0.000000E+0	0.000000E+0	7.047561E-3	4.797623E-3	2.691730E-3
0.000000E+0	0.000000E+0	0.000000E+0	0.000000E+0	6.998738E-3	4.699901E-3	2.701526E-3
0.000000E+0	0.000000E+0	0.000000E+0	0.000000E+0	6.969444E-3	4.680356E-3	2.681934E-3
0.000000E+0	0.000000E+0	0.000000E+0	0.000000E+0	6.969444E-3	4.670584E-3	2.632956E-3
0.000000E+0	0.000000E+0	0.000000E+0	0.000000E+0	6.959680E-3	4.670584E-3	2.593773E-3
0.000000E+0	0.000000E+0	0.000000E+0	0.000000E+0	6.959680E-3	4.670584E-3	2.583977E-3
0.000000E+0	0.000000E+0	0.000000E+0	0.000000E+0	6.949915E-3	4.651039E-3	2.564386E-3
0.000000E+0	0.000000E+0	0.000000E+0	0.000000E+0	6.920621E-3	4.641267E-3	2.525203E-3
0.000000E+0	0.000000E+0	0.000000E+0	0.000000E+0	6.910856E-3	4.651039E-3	2.544795E-3
0.000000E+0	0.000000E+0	0.000000E+0	0.000000E+0	6.881562E-3	4.651039E-3	2.456634E-3
0.000000E+0	0.000000E+0	0.000000E+0	0.000000E+0	6.842503E-3	4.670584E-3	2.456634E-3
0.000000E+0	0.000000E+0	0.000000E+0	0.000000E+0	6.813209E-3	4.641267E-3	2.544795E-3
0.000000E+0	0.000000E+0	0.000000E+0	0.000000E+0	6.793680E-3	4.621723E-3	2.388064E-3
0.000000E+0	0.000000E+0	0.000000E+0	0.000000E+0	6.656974E-3	4.631495E-3	2.427246E-3
0.000000E+0	0.000000E+0	0.000000E+0	0.000000E+0	6.676503E-3	4.621723E-3	2.397859E-3
0.000000E+0	0.000000E+0	0.000000E+0	0.000000E+0	6.549562E-3	4.602178E-3	2.417451E-3
0.000000E+0	0.000000E+0	0.000000E+0	0.000000E+0	6.569092E-3	4.592406E-3	2.388064E-3
0.000000E+0	0.000000E+0	0.000000E+0	0.000000E+0	6.403092E-3	4.592406E-3	2.309698E-3
0.000000E+0	0.000000E+0	0.000000E+0	0.000000E+0	6.403092E-3	4.524000E-3	2.388064E-3
0.000000E+0	0.000000E+0	0.000000E+0	0.000000E+0	6.364033E-3	4.533773E-3	2.270516E-3
0.000000E+0	0.000000E+0	0.000000E+0	0.000000E+0	6.246856E-3	4.553317E-3	2.250924E-3
0.000000E+0	0.000000E+0	0.000000E+0	0.000000E+0	6.198033E-3	4.504456E-3	2.290107E-3
0.000000E+0	0.000000E+0	0.000000E+0	0.000000E+0	6.188268E-3	4.445823E-3	2.250924E-3
0.000000E+0	0.000000E+0	0.000000E+0	0.000000E+0	6.119915E-3	4.387190E-3	2.290107E-3
0.000000E+0	0.000000E+0	0.000000E+0	0.000000E+0	6.051563E-3	4.445823E-3	2.241129E-3
0.000000E+0	0.000000E+0	0.000000E+0	0.000000E+0	5.992975E-3	4.357873E-3	2.162763E-3
0.000000E+0	0.000000E+0	0.000000E+0	0.000000E+0	6.061327E-3	4.357873E-3	2.172559E-3
0.000000E+0	0.000000E+0	0.000000E+0	0.000000E+0	6.002739E-3	4.279695E-3	2.192150E-3
0.000000E+0	0.000000E+0	0.000000E+0	0.000000E+0	6.012504E-3	4.260151E-3	2.133376E-3
0.000000E+0	0.000000E+0	0.000000E+0	0.000000E+0	6.022268E-3	4.250379E-3	2.103989E-3
0.000000E+0	0.000000E+0	0.000000E+0	0.000000E+0	5.983210E-3	4.094023E-3	2.113785E-3
0.000000E+0	0.000000E+0	0.000000E+0	0.000000E+0	5.973445E-3	4.221062E-3	2.094193E-3
0.000000E+0	0.000000E+0	0.000000E+0	0.000000E+0	5.983210E-3	4.054934E-3	2.143172E-3
0.000000E+0	0.000000E+0	0.000000E+0	0.000000E+0	5.973445E-3	4.015845E-3	2.143172E-3
0.000000E+0	0.000000E+0	0.000000E+0	0.000000E+0	5.963680E-3	3.996301E-3	2.182354E-3
0.000000E+0	0.000000E+0	0.000000E+0	0.000000E+0	5.963680E-3	3.918123E-3	2.123580E-3
0.000000E+0	0.000000E+0	0.000000E+0	0.000000E+0	5.953915E-3	3.879034E-3	2.074602E-3
0.000000E+0	0.000000E+0	0.000000E+0	0.000000E+0	5.895327E-3	3.966984E-3	2.025624E-3
0.000000E+0	0.000000E+0	0.000000E+0	0.000000E+0	5.924622E-3	3.820401E-3	2.084397E-3
0.000000E+0	0.000000E+0	0.000000E+0	0.000000E+0	5.836739E-3	3.947440E-3	2.074602E-3
0.000000E+0	0.000000E+0	0.000000E+0	0.000000E+0	5.817210E-3	3.820401E-3	2.006032E-3
0.000000E+0	0.000000E+0	0.000000E+0	0.000000E+0	5.817210E-3	3.800857E-3	2.025624E-3
0.000000E+0	0.000000E+0	0.000000E+0	0.000000E+0	5.748857E-3	3.771540E-3	1.966849E-3
0.000000E+0	0.000000E+0	0.000000E+0	0.000000E+0	5.651210E-3	3.771540E-3	1.966849E-3
0.000000E+0	0.000000E+0	0.000000E+0	0.000000E+0	5.631681E-3	3.732451E-3	1.976645E-3
0.000000E+0	0.000000E+0	0.000000E+0	0.000000E+0	5.563328E-3	3.722679E-3	1.986441E-3
0.000000E+0	0.000000E+0	0.000000E+0	0.000000E+0	5.524269E-3	3.722679E-3	2.015828E-3
0.000000E+0	0.000000E+0	0.000000E+0	0.000000E+0	5.504739E-3	3.722679E-3	1.957054E-3
0.000000E+0	0.000000E+0	0.000000E+0	0.000000E+0	5.426622E-3	3.712907E-3	1.957054E-3
0.000000E+0	0.000000E+0	0.000000E+0	0.000000E+0	5.368034E-3	3.683590E-3	1.986441E-3
0.000000E+0	0.000000E+0	0.000000E+0	0.000000E+0	5.299681E-3	3.673818E-3	1.937462E-3
0.000000E+0	0.000000E+0	0.000000E+0	0.000000E+0	5.260622E-3	3.722679E-3	1.986441E-3
0.000000E+0	0.000000E+0	0.000000E+0	0.000000E+0	5.241093E-3	3.703135E-3	1.966849E-3
0.000000E+0	0.000000E+0	0.000000E+0	0.000000E+0	5.172740E-3	3.673818E-3	1.947258E-3
0.000000E+0	0.000000E+0	0.000000E+0	0.000000E+0	5.211799E-3	3.673818E-3	1.957054E-3
0.000000E+0	0.000000E+0	0.000000E+0	0.000000E+0	5.133681E-3	3.673818E-3	1.898280E-3
0.000000E+0	0.000000E+0	0.000000E+0	0.000000E+0	5.114152E-3	3.673818E-3	1.908075E-3
0.000000E+0	0.000000E+0	0.000000E+0	0.000000E+0	5.075093E-3	3.654273E-3	1.927667E-3
0.000000E+0	0.000000E+0	0.000000E+0	0.000000E+0	5.055564E-3	3.654273E-3	1.947258E-3
0.000000E+0	0.000000E+0	0.000000E+0	0.000000E+0	5.055564E-3	3.634729E-3	1.927667E-3
0.000000E+0	0.000000E+0	0.000000E+0	0.000000E+0	5.036034E-3	3.634729E-3	1.908075E-3
0.000000E+0	0.000000E+0	0.000000E+0	0.000000E+0	5.026270E-3	3.615185E-3	1.927667E-3
0.000000E+0	0.000000E+0	0.000000E+0	0.000000E+0	5.065328E-3	3.644501E-3	1.927667E-3
0.000000E+0	0.000000E+0	0.000000E+0	0.000000E+0	5.016505E-3	3.634729E-3	1.898280E-3
0.000000E+0	0.000000E+0	0.000000E+0	0.000000E+0	5.036034E-3	3.654273E-3	1.898280E-3
0.000000E+0	0.000000E+0	0.000000E+0	0.000000E+0	5.006740E-3	3.624957E-3	1.927667E-3
0.000000E+0	0.000000E+0	0.000000E+0	0.000000E+0	4.977446E-3	3.605413E-3	1.898280E-3
0.000000E+0	0.000000E+0	0.000000E+0	0.000000E+0	4.977446E-3	3.595640E-3	1.908075E-3
0.000000E+0	0.000000E+0	0.000000E+0	0.000000E+0	4.987211E-3	3.585868E-3	1.898280E-3
0.000000E+0	0.000000E+0	0.000000E+0	0.000000E+0	4.967681E-3	3.576096E-3	1.908075E-3
0.000000E+0	0.000000E+0	0.000000E+0	0.000000E+0	4.948152E-3	3.634729E-3	1.908075E-3
0.000000E+0	0.000000E+0	0.000000E+0	0.000000E+0	4.957917E-3	3.576096E-3	1.898280E-3
0.000000E+0	0.000000E+0	0.000000E+0	0.000000E+0	4.899329E-3	3.527235E-3	1.917871E-3
0.000000E+0	0.000000E+0	0.000000E+0	0.000000E+0	4.899329E-3	3.478374E-3	1.908075E-3
0.000000E+0	0.000000E+0	0.000000E+0	0.000000E+0	4.889564E-3	3.537007E-3	1.888484E-3
0.000000E+0	0.000000E+0	0.000000E+0	0.000000E+0	4.752858E-3	3.497918E-3	1.917871E-3
0.000000E+0	0.000000E+0	0.000000E+0	0.000000E+0	4.830976E-3	3.429512E-3	1.888484E-3
0.000000E+0	0.000000E+0	0.000000E+0	0.000000E+0	4.840740E-3	3.400196E-3	1.868893E-3
0.000000E+0	0.000000E+0	0.000000E+0	0.000000E+0	4.782152E-3	3.409968E-3	1.898280E-3
0.000000E+0	0.000000E+0	0.000000E+0	0.000000E+0	4.733329E-3	3.409968E-3	1.878688E-3
0.000000E+0	0.000000E+0	0.000000E+0	0.000000E+0	4.625917E-3	3.282929E-3	1.878688E-3
0.000000E+0	0.000000E+0	0.000000E+0	0.000000E+0	4.674741E-3	3.243841E-3	1.859097E-3
0.000000E+0	0.000000E+0	0.000000E+0	0.000000E+0	4.625917E-3	3.370879E-3	1.888484E-3
0.000000E+0	0.000000E+0	0.000000E+0	0.000000E+0	4.577093E-3	3.253613E-3	1.859097E-3
0.000000E+0	0.000000E+0	0.000000E+0	0.000000E+0	4.440388E-3	3.175435E-3	1.868893E-3
0.000000E+0	0.000000E+0	0.000000E+0	0.000000E+0	4.469682E-3	3.263385E-3	1.868893E-3
0.000000E+0	0.000000E+0	0.000000E+0	0.000000E+0	4.381800E-3	3.302474E-3	1.888484E-3
0.000000E+0	0.000000E+0	0.000000E+0	0.000000E+0	4.391564E-3	3.243841E-3	1.888484E-3
0.000000E+0	0.000000E+0	0.000000E+0	0.000000E+0	4.352505E-3	3.116802E-3	1.878688E-3
0.000000E+0	0.000000E+0	0.000000E+0	0.000000E+0	4.352505E-3	3.175435E-3	1.829710E-3
0.000000E+0	0.000000E+0	0.000000E+0	0.000000E+0	4.293917E-3	3.087485E-3	1.859097E-3
0.000000E+0	0.000000E+0	0.000000E+0	0.000000E+0	4.254858E-3	3.087485E-3	1.878688E-3
0.000000E+0	0.000000E+0	0.000000E+0	0.000000E+0	4.235329E-3	3.077713E-3	1.878688E-3
0.000000E+0	0.000000E+0	0.000000E+0	0.000000E+0	4.166976E-3	2.989763E-3	1.839506E-3
0.000000E+0	0.000000E+0	0.000000E+0	0.000000E+0	4.108388E-3	2.970218E-3	1.859097E-3
0.000000E+0	0.000000E+0	0.000000E+0	0.000000E+0	4.098624E-3	2.989763E-3	1.839506E-3
0.000000E+0	0.000000E+0	0.000000E+0	0.000000E+0	4.137682E-3	2.892041E-3	1.859097E-3
0.000000E+0	0.000000E+0	0.000000E+0	0.000000E+0	4.118153E-3	2.989763E-3	1.868893E-3
0.000000E+0	0.000000E+0	0.000000E+0	0.000000E+0	4.118153E-3	2.940902E-3	1.829710E-3
0.000000E+0	0.000000E+0	0.000000E+0	0.000000E+0	4.059565E-3	2.882269E-3	1.810118E-3
0.000000E+0	0.000000E+0	0.000000E+0	0.000000E+0	4.040035E-3	2.823635E-3	1.849301E-3
0.000000E+0	0.000000E+0	0.000000E+0	0.000000E+0	4.040035E-3	2.931130E-3	1.810118E-3
0.000000E+0	0.000000E+0	0.000000E+0	0.000000E+0	4.079094E-3	2.931130E-3	1.810118E-3
0.000000E+0	0.000000E+0	0.000000E+0	0.000000E+0	4.049800E-3	2.833407E-3	1.819914E-3
0.000000E+0	0.000000E+0	0.000000E+0	0.000000E+0	4.040035E-3	2.852952E-3	1.770936E-3
0.000000E+0	0.000000E+0	0.000000E+0	0.000000E+0	4.030271E-3	2.823635E-3	1.761140E-3
0.000000E+0	0.000000E+0	0.000000E+0	0.000000E+0	4.049800E-3	2.813863E-3	1.810118E-3
0.000000E+0	0.000000E+0	0.000000E+0	0.000000E+0	4.030271E-3	2.755230E-3	1.790527E-3
0.000000E+0	0.000000E+0	0.000000E+0	0.000000E+0	4.040035E-3	2.755230E-3	1.780731E-3
0.000000E+0	0.000000E+0	0.000000E+0	0.000000E+0	4.030271E-3	2.755230E-3	1.819914E-3
0.000000E+0	0.000000E+0	0.000000E+0	0.000000E+0	4.020506E-3	2.774774E-3	1.810118E-3
0.000000E+0	0.000000E+0	0.000000E+0	0.000000E+0	4.030271E-3	2.774774E-3	1.790527E-3
0.000000E+0	0.000000E+0	0.000000E+0	0.000000E+0	4.030271E-3	2.755230E-3	1.790527E-3
0.000000E+0	0.000000E+0	0.000000E+0	0.000000E+0	4.000976E-3	2.735685E-3	1.741549E-3
0.000000E+0	0.000000E+0	0.000000E+0	0.000000E+0	4.010741E-3	2.755230E-3	1.790527E-3
0.000000E+0	0.000000E+0	0.000000E+0	0.000000E+0	4.020506E-3	2.716141E-3	1.741549E-3
0.000000E+0	0.000000E+0	0.000000E+0	0.000000E+0	3.961917E-3	2.716141E-3	1.721957E-3
0.000000E+0	0.000000E+0	0.000000E+0	0.000000E+0	3.971682E-3	2.755230E-3	1.712162E-3
0.000000E+0	0.000000E+0	0.000000E+0	0.000000E+0	3.991212E-3	2.706369E-3	1.741549E-3
0.000000E+0	0.000000E+0	0.000000E+0	0.000000E+0	3.893565E-3	2.716141E-3	1.751344E-3
0.000000E+0	0.000000E+0	0.000000E+0	0.000000E+0	3.913094E-3	2.706369E-3	1.721957E-3
0.000000E+0	0.000000E+0	0.000000E+0	0.000000E+0	3.922859E-3	2.725913E-3	1.692570E-3
0.000000E+0	0.000000E+0	0.000000E+0	0.000000E+0	3.942388E-3	2.696597E-3	1.702366E-3
0.000000E+0	0.000000E+0	0.000000E+0	0.000000E+0	3.893565E-3	2.686824E-3	1.721957E-3
0.000000E+0	0.000000E+0	0.000000E+0	0.000000E+0	3.903329E-3	2.706369E-3	1.702366E-3
0.000000E+0	0.000000E+0	0.000000E+0	0.000000E+0	3.913094E-3	2.706369E-3	1.692570E-3
0.000000E+0	0.000000E+0	0.000000E+0	0.000000E+0	3.825212E-3	2.706369E-3	1.672979E-3
0.000000E+0	0.000000E+0	0.000000E+0	0.000000E+0	3.688506E-3	2.696597E-3	1.624000E-3
0.000000E+0	0.000000E+0	0.000000E+0	0.000000E+0	3.834977E-3	2.696597E-3	1.604409E-3
0.000000E+0	0.000000E+0	0.000000E+0	0.000000E+0	3.708035E-3	2.706369E-3	1.682775E-3
0.000000E+0	0.000000E+0	0.000000E+0	0.000000E+0	3.747094E-3	2.686824E-3	1.663183E-3
0.000000E+0	0.000000E+0	0.000000E+0	0.000000E+0	3.620153E-3	2.696597E-3	1.633796E-3
0.000000E+0	0.000000E+0	0.000000E+0	0.000000E+0	3.629918E-3	2.696597E-3	1.555431E-3
0.000000E+0	0.000000E+0	0.000000E+0	0.000000E+0	3.629918E-3	2.667280E-3	1.633796E-3
0.000000E+0	0.000000E+0	0.000000E+0	0.000000E+0	3.600624E-3	2.677052E-3	1.594613E-3
0.000000E+0	0.000000E+0	0.000000E+0	0.000000E+0	3.600624E-3	2.686824E-3	1.624000E-3
0.000000E+0	0.000000E+0	0.000000E+0	0.000000E+0	3.502977E-3	2.686824E-3	1.594613E-3
0.000000E+0	0.000000E+0	0.000000E+0	0.000000E+0	3.502977E-3	2.677052E-3	1.653388E-3
0.000000E+0	0.000000E+0	0.000000E+0	0.000000E+0	3.376036E-3	2.677052E-3	1.565226E-3
0.000000E+0	0.000000E+0	0.000000E+0	0.000000E+0	3.454153E-3	2.667280E-3	1.614205E-3
0.000000E+0	0.000000E+0	0.000000E+0	0.000000E+0	3.424859E-3	2.667280E-3	1.594613E-3
0.000000E+0	0.000000E+0	0.000000E+0	0.000000E+0	3.376036E-3	2.677052E-3	1.633796E-3
0.000000E+0	0.000000E+0	0.000000E+0	0.000000E+0	3.346742E-3	2.686824E-3	1.535839E-3
0.000000E+0	0.000000E+0	0.000000E+0	0.000000E+0	3.376036E-3	2.608646E-3	1.545635E-3
0.000000E+0	0.000000E+0	0.000000E+0	0.000000E+0	3.376036E-3	2.628191E-3	1.526044E-3
0.000000E+0	0.000000E+0	0.000000E+0	0.000000E+0	3.229565E-3	2.628191E-3	1.565226E-3
0.000000E+0	0.000000E+0	0.000000E+0	0.000000E+0	3.258860E-3	2.657508E-3	1.594613E-3
0.000000E+0	0.000000E+0	0.000000E+0	0.000000E+0	3.288154E-3	2.628191E-3	1.506452E-3
0.000000E+0	0.000000E+0	0.000000E+0	0.000000E+0	3.239330E-3	2.608646E-3	1.428087E-3
0.000000E+0	0.000000E+0	0.000000E+0	0.000000E+0	3.200271E-3	2.657508E-3	1.506452E-3
0.000000E+0	0.000000E+0	0.000000E+0	0.000000E+0	3.210036E-3	2.608646E-3	1.428087E-3
0.000000E+0	0.000000E+0	0.000000E+0	0.000000E+0	3.190506E-3	2.628191E-3	1.486861E-3
0.000000E+0	0.000000E+0	0.000000E+0	0.000000E+0	3.210036E-3	2.618419E-3	1.388904E-3
0.000000E+0	0.000000E+0	0.000000E+0	0.000000E+0	3.210036E-3	2.589102E-3	1.437883E-3
0.000000E+0	0.000000E+0	0.000000E+0	0.000000E+0	3.141683E-3	2.637963E-3	1.437883E-3
0.000000E+0	0.000000E+0	0.000000E+0	0.000000E+0	3.122154E-3	2.550013E-3	1.486861E-3
0.000000E+0	0.000000E+0	0.000000E+0	0.000000E+0	3.112389E-3	2.510924E-3	1.359517E-3
0.000000E+0	0.000000E+0	0.000000E+0	0.000000E+0	3.151448E-3	2.559785E-3	1.300743E-3
0.000000E+0	0.000000E+0	0.000000E+0	0.000000E+0	3.092860E-3	2.530469E-3	1.418291E-3
0.000000E+0	0.000000E+0	0.000000E+0	0.000000E+0	3.102624E-3	2.530469E-3	1.447678E-3
0.000000E+0	0.000000E+0	0.000000E+0	0.000000E+0	3.112389E-3	2.569558E-3	1.339926E-3
0.000000E+0	0.000000E+0	0.000000E+0	0.000000E+0	3.112389E-3	2.462063E-3	1.388904E-3
0.000000E+0	0.000000E+0	0.000000E+0	0.000000E+0	3.063566E-3	2.501152E-3	1.359517E-3
0.000000E+0	0.000000E+0	0.000000E+0	0.000000E+0	3.044036E-3	2.422974E-3	1.359517E-3
0.000000E+0	0.000000E+0	0.000000E+0	0.000000E+0	3.024507E-3	2.530469E-3	1.359517E-3
0.000000E+0	0.000000E+0	0.000000E+0	0.000000E+0	3.073330E-3	2.462063E-3	1.349721E-3
0.000000E+0	0.000000E+0	0.000000E+0	0.000000E+0	3.063566E-3	2.471836E-3	1.379108E-3
0.000000E+0	0.000000E+0	0.000000E+0	0.000000E+0	3.073330E-3	2.481608E-3	1.388904E-3
0.000000E+0	0.000000E+0	0.000000E+0	0.000000E+0	3.044036E-3	2.442519E-3	1.320334E-3
0.000000E+0	0.000000E+0	0.000000E+0	0.000000E+0	3.092860E-3	2.413202E-3	1.398700E-3
0.000000E+0	0.000000E+0	0.000000E+0	0.000000E+0	3.063566E-3	2.422974E-3	1.261560E-3
0.000000E+0	0.000000E+0	0.000000E+0	0.000000E+0	3.044036E-3	2.374113E-3	1.349721E-3
0.000000E+0	0.000000E+0	0.000000E+0	0.000000E+0	3.083095E-3	2.364341E-3	1.232173E-3
0.000000E+0	0.000000E+0	0.000000E+0	0.000000E+0	3.034272E-3	2.315480E-3	1.300743E-3
0.000000E+0	0.000000E+0	0.000000E+0	0.000000E+0	3.053801E-3	2.305708E-3	1.271356E-3
0.000000E+0	0.000000E+0	0.000000E+0	0.000000E+0	3.034272E-3	2.364341E-3	1.290947E-3
0.000000E+0	0.000000E+0	0.000000E+0	0.000000E+0	3.014742E-3	2.266619E-3	1.261560E-3
0.000000E+0	0.000000E+0	0.000000E+0	0.000000E+0	3.053801E-3	2.295936E-3	1.212582E-3
0.000000E+0	0.000000E+0	0.000000E+0	0.000000E+0	3.024507E-3	2.256847E-3	1.281152E-3
0.000000E+0	0.000000E+0	0.000000E+0	0.000000E+0	3.014742E-3	2.247075E-3	1.271356E-3
0.000000E+0	0.000000E+0	0.000000E+0	0.000000E+0	3.044036E-3	2.276391E-3	1.281152E-3
0.000000E+0	0.000000E+0	0.000000E+0	0.000000E+0	3.014742E-3	2.276391E-3	1.241969E-3
0.000000E+0	0.000000E+0	0.000000E+0	0.000000E+0	3.034272E-3	2.217758E-3	1.271356E-3
0.000000E+0	0.000000E+0	0.000000E+0	0.000000E+0	3.004977E-3	2.247075E-3	1.222378E-3
0.000000E+0	0.000000E+0	0.000000E+0	0.000000E+0	3.024507E-3	2.149352E-3	1.261560E-3
0.000000E+0	0.000000E+0	0.000000E+0	0.000000E+0	2.995213E-3	2.188441E-3	1.144012E-3
0.000000E+0	0.000000E+0	0.000000E+0	0.000000E+0	2.985448E-3	2.071175E-3	1.310539E-3
0.000000E+0	0.000000E+0	0.000000E+0	0.000000E+0	2.965919E-3	2.139580E-3	1.241969E-3
0.000000E+0	0.000000E+0	0.000000E+0	0.000000E+0	2.965919E-3	2.168897E-3	1.163603E-3
0.000000E+0	0.000000E+0	0.000000E+0	0.000000E+0	2.965919E-3	2.178669E-3	1.261560E-3
0.000000E+0	0.000000E+0	0.000000E+0	0.000000E+0	2.965919E-3	2.110264E-3	1.251765E-3
0.000000E+0	0.000000E+0	0.000000E+0	0.000000E+0	2.965919E-3	2.139580E-3	1.173399E-3
0.000000E+0	0.000000E+0	0.000000E+0	0.000000E+0	2.926860E-3	2.012541E-3	1.095034E-3
0.000000E+0	0.000000E+0	0.000000E+0	0.000000E+0	2.926860E-3	2.129808E-3	1.173399E-3
0.000000E+0	0.000000E+0	0.000000E+0	0.000000E+0	2.946389E-3	2.090719E-3	1.124421E-3
0.000000E+0	0.000000E+0	0.000000E+0	0.000000E+0	2.868272E-3	2.071175E-3	1.173399E-3
0.000000E+0	0.000000E+0	0.000000E+0	0.000000E+0	2.858507E-3	2.032086E-3	1.173399E-3
0.000000E+0	0.000000E+0	0.000000E+0	0.000000E+0	2.868272E-3	1.973453E-3	1.095034E-3
0.000000E+0	0.000000E+0	0.000000E+0	0.000000E+0	2.926860E-3	1.983225E-3	1.134216E-3
0.000000E+0	0.000000E+0	0.000000E+0	0.000000E+0	2.878036E-3	1.983225E-3	1.183195E-3
0.000000E+0	0.000000E+0	0.000000E+0	0.000000E+0	2.907330E-3	1.953908E-3	1.134216E-3
0.000000E+0	0.000000E+0	0.000000E+0	0.000000E+0	2.790154E-3	1.973453E-3	1.065647E-3
0.000000E+0	0.000000E+0	0.000000E+0	0.000000E+0	2.731566E-3	1.983225E-3	1.104829E-3
0.000000E+0	0.000000E+0	0.000000E+0	0.000000E+0	2.760860E-3	1.963680E-3	1.095034E-3
0.000000E+0	0.000000E+0	0.000000E+0	0.000000E+0	2.790154E-3	1.973453E-3	1.144012E-3
0.000000E+0	0.000000E+0	0.000000E+0	0.000000E+0	2.663213E-3	1.992997E-3	1.036259E-3
0.000000E+0	0.000000E+0	0.000000E+0	0.000000E+0	2.741331E-3	1.963680E-3	1.026464E-3
0.000000E+0	0.000000E+0	0.000000E+0	0.000000E+0	2.702272E-3	1.905047E-3	1.085238E-3
0.000000E+0	0.000000E+0	0.000000E+0	0.000000E+0	2.643684E-3	1.944136E-3	9.970767E-4
0.000000E+0	0.000000E+0	0.000000E+0	0.000000E+0	2.682742E-3	1.875730E-3	1.124421E-3
0.000000E+0	0.000000E+0	0.000000E+0	0.000000E+0	2.653448E-3	1.865958E-3	1.085238E-3
0.000000E+0	0.000000E+0	0.000000E+0	0.000000E+0	2.594860E-3	1.885503E-3	1.134216E-3
0.000000E+0	0.000000E+0	0.000000E+0	0.000000E+0	2.594860E-3	1.856186E-3	1.075442E-3
0.000000E+0	0.000000E+0	0.000000E+0	0.000000E+0	2.594860E-3	1.875730E-3	1.124421E-3
0.000000E+0	0.000000E+0	0.000000E+0	0.000000E+0	2.506978E-3	1.885503E-3	1.104829E-3
0.000000E+0	0.000000E+0	0.000000E+0	0.000000E+0	2.555801E-3	1.836642E-3	1.026464E-3
0.000000E+0	0.000000E+0	0.000000E+0	0.000000E+0	2.506978E-3	1.797553E-3	1.065647E-3
0.000000E+0	0.000000E+0	0.000000E+0	0.000000E+0	2.585095E-3	1.875730E-3	1.006873E-3
0.000000E+0	0.000000E+0	0.000000E+0	0.000000E+0	2.477684E-3	1.846414E-3	9.774854E-4
0.000000E+0	0.000000E+0	0.000000E+0	0.000000E+0	2.565566E-3	1.865958E-3	1.055851E-3
0.000000E+0	0.000000E+0	0.000000E+0	0.000000E+0	2.458154E-3	1.768236E-3	1.085238E-3
0.000000E+0	0.000000E+0	0.000000E+0	0.000000E+0	2.458154E-3	1.787780E-3	1.036259E-3
0.000000E+0	0.000000E+0	0.000000E+0	0.000000E+0	2.477684E-3	1.826869E-3	1.046055E-3
0.000000E+0	0.000000E+0	0.000000E+0	0.000000E+0	2.409331E-3	1.778008E-3	1.026464E-3
0.000000E+0	0.000000E+0	0.000000E+0	0.000000E+0	2.380037E-3	1.817097E-3	1.085238E-3
0.000000E+0	0.000000E+0	0.000000E+0	0.000000E+0	2.311684E-3	1.797553E-3	1.036259E-3
0.000000E+0	0.000000E+0	0.000000E+0	0.000000E+0	2.380037E-3	1.729147E-3	1.006873E-3
0.000000E+0	0.000000E+0	0.000000E+0	0.000000E+0	2.311684E-3	1.768236E-3	9.970767E-4
0.000000E+0	0.000000E+0	0.000000E+0	0.000000E+0	2.389801E-3	1.797553E-3	1.046055E-3
0.000000E+0	0.000000E+0	0.000000E+0	0.000000E+0	2.389801E-3	1.748692E-3	1.036259E-3
0.000000E+0	0.000000E+0	0.000000E+0	0.000000E+0	2.301919E-3	1.738919E-3	1.006873E-3
0.000000E+0	0.000000E+0	0.000000E+0	0.000000E+0	2.321449E-3	1.778008E-3	1.046055E-3
0.000000E+0	0.000000E+0	0.000000E+0	0.000000E+0	2.282390E-3	1.758464E-3	1.006873E-3
0.000000E+0	0.000000E+0	0.000000E+0	0.000000E+0	2.321449E-3	1.738919E-3	9.970767E-4
0.000000E+0	0.000000E+0	0.000000E+0	0.000000E+0	2.321449E-3	1.768236E-3	1.006873E-3
0.000000E+0	0.000000E+0	0.000000E+0	0.000000E+0	2.301919E-3	1.768236E-3	9.774854E-4
0.000000E+0	0.000000E+0	0.000000E+0	0.000000E+0	2.282390E-3	1.738919E-3	9.676897E-4
0.000000E+0	0.000000E+0	0.000000E+0	0.000000E+0	2.214037E-3	1.748692E-3	9.480984E-4
0.000000E+0	0.000000E+0	0.000000E+0	0.000000E+0	2.145684E-3	1.738919E-3	9.872811E-4
0.000000E+0	0.000000E+0	0.000000E+0	0.000000E+0	2.243331E-3	1.748692E-3	9.970767E-4
0.000000E+0	0.000000E+0	0.000000E+0	0.000000E+0	2.194508E-3	1.748692E-3	9.676897E-4
0.000000E+0	0.000000E+0	0.000000E+0	0.000000E+0	2.214037E-3	1.729147E-3	1.016668E-3
0.000000E+0	0.000000E+0	0.000000E+0	0.000000E+0	2.233566E-3	1.729147E-3	9.774854E-4
0.000000E+0	0.000000E+0	0.000000E+0	0.000000E+0	2.145684E-3	1.738919E-3	9.480984E-4
0.000000E+0	0.000000E+0	0.000000E+0	0.000000E+0	2.174978E-3	1.738919E-3	9.872811E-4
0.000000E+0	0.000000E+0	0.000000E+0	0.000000E+0	2.184743E-3	1.719375E-3	9.970767E-4
0.000000E+0	0.000000E+0	0.000000E+0	0.000000E+0	2.145684E-3	1.729147E-3	9.480984E-4
0.000000E+0	0.000000E+0	0.000000E+0	0.000000E+0	2.116390E-3	1.729147E-3	9.480984E-4
0.000000E+0	0.000000E+0	0.000000E+0	0.000000E+0	2.145684E-3	1.738919E-3	9.480984E-4
0.000000E+0	0.000000E+0	0.000000E+0	0.000000E+0	2.096861E-3	1.719375E-3	9.676897E-4
0.000000E+0	0.000000E+0	0.000000E+0	0.000000E+0	2.174978E-3	1.748692E-3	9.578940E-4
0.000000E+0	0.000000E+0	0.000000E+0	0.000000E+0	2.106625E-3	1.738919E-3	9.480984E-4
0.000000E+0	0.000000E+0	0.000000E+0	0.000000E+0	2.096861E-3	1.748692E-3	9.970767E-4
0.000000E+0	0.000000E+0	0.000000E+0	0.000000E+0	2.145684E-3	1.719375E-3	9.383027E-4
0.000000E+0	0.000000E+0	0.000000E+0	0.000000E+0	2.116390E-3	1.719375E-3	9.872811E-4
0.000000E+0	0.000000E+0	0.000000E+0	0.000000E+0	2.126155E-3	1.719375E-3	9.676897E-4
0.000000E+0	0.000000E+0	0.000000E+0	0.000000E+0	2.087096E-3	1.719375E-3	9.774854E-4
0.000000E+0	0.000000E+0	0.000000E+0	0.000000E+0	2.077331E-3	1.719375E-3	9.383027E-4
0.000000E+0	0.000000E+0	0.000000E+0	0.000000E+0	2.106625E-3	1.719375E-3	9.383027E-4
0.000000E+0	0.000000E+0	0.000000E+0	0.000000E+0	2.096861E-3	1.719375E-3	9.578940E-4
0.000000E+0	0.000000E+0	0.000000E+0	0.000000E+0	2.087096E-3	1.709603E-3	1.006873E-3
0.000000E+0	0.000000E+0	0.000000E+0	0.000000E+0	2.126155E-3	1.709603E-3	9.480984E-4
0.000000E+0	0.000000E+0	0.000000E+0	0.000000E+0	2.106625E-3	1.719375E-3	9.578940E-4
0.000000E+0	0.000000E+0	0.000000E+0	0.000000E+0	2.087096E-3	1.709603E-3	9.578940E-4
0.000000E+0	0.000000E+0	0.000000E+0	0.000000E+0	2.096861E-3	1.719375E-3	9.872811E-4
0.000000E+0	0.000000E+0	0.000000E+0	0.000000E+0	2.087096E-3	1.719375E-3	9.285070E-4
0.000000E+0	0.000000E+0	0.000000E+0	0.000000E+0	2.106625E-3	1.738919E-3	9.285070E-4
0.000000E+0	0.000000E+0	0.000000E+0	0.000000E+0	2.087096E-3	1.729147E-3	9.285070E-4
0.000000E+0	0.000000E+0	0.000000E+0	0.000000E+0	2.077331E-3	1.729147E-3	9.285070E-4
0.000000E+0	0.000000E+0	0.000000E+0	0.000000E+0	2.096861E-3	1.699831E-3	9.383027E-4
0.000000E+0	0.000000E+0	0.000000E+0	0.000000E+0	2.087096E-3	1.719375E-3	9.480984E-4
0.000000E+0	0.000000E+0	0.000000E+0	0.000000E+0	2.077331E-3	1.709603E-3	9.774854E-4
0.000000E+0	0.000000E+0	0.000000E+0	0.000000E+0	2.067567E-3	1.719375E-3	9.285070E-4
0.000000E+0	0.000000E+0	0.000000E+0	0.000000E+0	2.067567E-3	1.699831E-3	9.676897E-4
0.000000E+0	0.000000E+0	0.000000E+0	0.000000E+0	2.077331E-3	1.680286E-3	9.383027E-4
0.000000E+0	0.000000E+0	0.000000E+0	0.000000E+0	2.087096E-3	1.709603E-3	9.187113E-4
0.000000E+0	0.000000E+0	0.000000E+0	0.000000E+0	2.077331E-3	1.709603E-3	9.383027E-4
0.000000E+0	0.000000E+0	0.000000E+0	0.000000E+0	2.077331E-3	1.699831E-3	9.480984E-4
0.000000E+0	0.000000E+0	0.000000E+0	0.000000E+0	2.067567E-3	1.709603E-3	9.383027E-4
0.000000E+0	0.000000E+0	0.000000E+0	0.000000E+0	2.067567E-3	1.680286E-3	9.578940E-4
0.000000E+0	0.000000E+0	0.000000E+0	0.000000E+0	2.077331E-3	1.699831E-3	9.285070E-4
0.000000E+0	0.000000E+0	0.000000E+0	0.000000E+0	2.077331E-3	1.650969E-3	9.089157E-4
0.000000E+0	0.000000E+0	0.000000E+0	0.000000E+0	2.067567E-3	1.690058E-3	9.187113E-4
0.000000E+0	0.000000E+0	0.000000E+0	0.000000E+0	2.057802E-3	1.699831E-3	9.187113E-4
0.000000E+0	0.000000E+0	0.000000E+0	0.000000E+0	2.048037E-3	1.699831E-3	9.383027E-4
0.000000E+0	0.000000E+0	0.000000E+0	0.000000E+0	2.048037E-3	1.680286E-3	8.991199E-4
0.000000E+0	0.000000E+0	0.000000E+0	0.000000E+0	2.057802E-3	1.670514E-3	9.383027E-4
0.000000E+0	0.000000E+0	0.000000E+0	0.000000E+0	2.087096E-3	1.699831E-3	9.285070E-4
0.000000E+0	0.000000E+0	0.000000E+0	0.000000E+0	2.038272E-3	1.690058E-3	9.676897E-4
0.000000E+0	0.000000E+0	0.000000E+0	0.000000E+0	2.067567E-3	1.690058E-3	9.383027E-4
0.000000E+0	0.000000E+0	0.000000E+0	0.000000E+0	2.048037E-3	1.690058E-3	9.285070E-4
0.000000E+0	0.000000E+0	0.000000E+0	0.000000E+0	2.038272E-3	1.680286E-3	9.383027E-4
0.000000E+0	0.000000E+0	0.000000E+0	0.000000E+0	2.077331E-3	1.680286E-3	9.480984E-4
0.000000E+0	0.000000E+0	0.000000E+0	0.000000E+0	2.057802E-3	1.680286E-3	9.187113E-4
0.000000E+0	0.000000E+0	0.000000E+0	0.000000E+0	2.018743E-3	1.650969E-3	9.383027E-4
0.000000E+0	0.000000E+0	0.000000E+0	0.000000E+0	2.028508E-3	1.680286E-3	9.285070E-4
0.000000E+0	0.000000E+0	0.000000E+0	0.000000E+0	2.057802E-3	1.670514E-3	9.480984E-4
0.000000E+0	0.000000E+0	0.000000E+0	0.000000E+0	2.018743E-3	1.670514E-3	9.285070E-4
0.000000E+0	0.000000E+0	0.000000E+0	0.000000E+0	2.038272E-3	1.680286E-3	9.089157E-4
0.000000E+0	0.000000E+0	0.000000E+0	0.000000E+0	2.048037E-3	1.621653E-3	9.285070E-4
0.000000E+0	0.000000E+0	0.000000E+0	0.000000E+0	2.038272E-3	1.680286E-3	9.187113E-4
0.000000E+0	0.000000E+0	0.000000E+0	0.000000E+0	1.999214E-3	1.621653E-3	9.285070E-4
0.000000E+0	0.000000E+0	0.000000E+0	0.000000E+0	2.028508E-3	1.631425E-3	9.383027E-4
0.000000E+0	0.000000E+0	0.000000E+0	0.000000E+0	1.999214E-3	1.641197E-3	8.893243E-4
0.000000E+0	0.000000E+0	0.000000E+0	0.000000E+0	1.960155E-3	1.660742E-3	8.991199E-4
0.000000E+0	0.000000E+0	0.000000E+0	0.000000E+0	1.999214E-3	1.670514E-3	8.991199E-4
0.000000E+0	0.000000E+0	0.000000E+0	0.000000E+0	2.018743E-3	1.641197E-3	9.285070E-4
0.000000E+0	0.000000E+0	0.000000E+0	0.000000E+0	1.989449E-3	1.650969E-3	9.187113E-4
0.000000E+0	0.000000E+0	0.000000E+0	0.000000E+0	1.950390E-3	1.660742E-3	9.187113E-4
0.000000E+0	0.000000E+0	0.000000E+0	0.000000E+0	2.018743E-3	1.621653E-3	8.991199E-4
0.000000E+0	0.000000E+0	0.000000E+0	0.000000E+0	1.969920E-3	1.631425E-3	9.383027E-4
0.000000E+0	0.000000E+0	0.000000E+0	0.000000E+0	1.921096E-3	1.621653E-3	9.285070E-4
0.000000E+0	0.000000E+0	0.000000E+0	0.000000E+0	1.940625E-3	1.621653E-3	8.991199E-4
0.000000E+0	0.000000E+0	0.000000E+0	0.000000E+0	1.979684E-3	1.611881E-3	9.285070E-4
0.000000E+0	0.000000E+0	0.000000E+0	0.000000E+0	1.901567E-3	1.611881E-3	9.383027E-4
0.000000E+0	0.000000E+0	0.000000E+0	0.000000E+0	1.872273E-3	1.572792E-3	9.285070E-4
0.000000E+0	0.000000E+0	0.000000E+0	0.000000E+0	1.921096E-3	1.572792E-3	8.991199E-4
0.000000E+0	0.000000E+0	0.000000E+0	0.000000E+0	1.979684E-3	1.611881E-3	9.187113E-4
0.000000E+0	0.000000E+0	0.000000E+0	0.000000E+0	1.921096E-3	1.621653E-3	8.991199E-4
0.000000E+0	0.000000E+0	0.000000E+0	0.000000E+0	1.901567E-3	1.592336E-3	9.089157E-4
0.000000E+0	0.000000E+0	0.000000E+0	0.000000E+0	1.921096E-3	1.553247E-3	9.187113E-4
0.000000E+0	0.000000E+0	0.000000E+0	0.000000E+0	1.872273E-3	1.611881E-3	8.991199E-4
0.000000E+0	0.000000E+0	0.000000E+0	0.000000E+0	1.940625E-3	1.553247E-3	9.187113E-4
0.000000E+0	0.000000E+0	0.000000E+0	0.000000E+0	1.823449E-3	1.592336E-3	8.893243E-4
0.000000E+0	0.000000E+0	0.000000E+0	0.000000E+0	1.842979E-3	1.602108E-3	9.187113E-4
0.000000E+0	0.000000E+0	0.000000E+0	0.000000E+0	1.940625E-3	1.543475E-3	9.285070E-4
0.000000E+0	0.000000E+0	0.000000E+0	0.000000E+0	1.833214E-3	1.572792E-3	9.089157E-4
0.000000E+0	0.000000E+0	0.000000E+0	0.000000E+0	1.813684E-3	1.592336E-3	9.089157E-4
0.000000E+0	0.000000E+0	0.000000E+0	0.000000E+0	1.872273E-3	1.631425E-3	8.991199E-4
0.000000E+0	0.000000E+0	0.000000E+0	0.000000E+0	1.842979E-3	1.494614E-3	8.991199E-4
0.000000E+0	0.000000E+0	0.000000E+0	0.000000E+0	1.872273E-3	1.494614E-3	8.991199E-4
0.000000E+0	0.000000E+0	0.000000E+0	0.000000E+0	1.852743E-3	1.533703E-3	8.893243E-4
0.000000E+0	0.000000E+0	0.000000E+0	0.000000E+0	1.774626E-3	1.504386E-3	9.187113E-4
0.000000E+0	0.000000E+0	0.000000E+0	0.000000E+0	1.813684E-3	1.494614E-3	9.089157E-4
0.000000E+0	0.000000E+0	0.000000E+0	0.000000E+0	1.784390E-3	1.533703E-3	9.089157E-4
0.000000E+0	0.000000E+0	0.000000E+0	0.000000E+0	1.842979E-3	1.553247E-3	9.187113E-4
0.000000E+0	0.000000E+0	0.000000E+0	0.000000E+0	1.823449E-3	1.543475E-3	8.893243E-4
0.000000E+0	0.000000E+0	0.000000E+0	0.000000E+0	1.735567E-3	1.533703E-3	8.991199E-4
0.000000E+0	0.000000E+0	0.000000E+0	0.000000E+0	1.755096E-3	1.553247E-3	8.991199E-4
0.000000E+0	0.000000E+0	0.000000E+0	0.000000E+0	1.725802E-3	1.475070E-3	8.991199E-4
0.000000E+0	0.000000E+0	0.000000E+0	0.000000E+0	1.833214E-3	1.465297E-3	8.991199E-4
0.000000E+0	0.000000E+0	0.000000E+0	0.000000E+0	1.637920E-3	1.523931E-3	8.991199E-4
0.000000E+0	0.000000E+0	0.000000E+0	0.000000E+0	1.647685E-3	1.523931E-3	8.795286E-4
0.000000E+0	0.000000E+0	0.000000E+0	0.000000E+0	1.745332E-3	1.543475E-3	8.795286E-4
0.000000E+0	0.000000E+0	0.000000E+0	0.000000E+0	1.647685E-3	1.504386E-3	9.089157E-4
0.000000E+0	0.000000E+0	0.000000E+0	0.000000E+0	1.676979E-3	1.387120E-3	8.991199E-4
0.000000E+0	0.000000E+0	0.000000E+0	0.000000E+0	1.706273E-3	1.475070E-3	8.795286E-4
0.000000E+0	0.000000E+0	0.000000E+0	0.000000E+0	1.676979E-3	1.445753E-3	9.187113E-4
0.000000E+0	0.000000E+0	0.000000E+0	0.000000E+0	1.706273E-3	1.514158E-3	8.697329E-4
0.000000E+0	0.000000E+0	0.000000E+0	0.000000E+0	1.618390E-3	1.416436E-3	8.893243E-4
0.000000E+0	0.000000E+0	0.000000E+0	0.000000E+0	1.550038E-3	1.406664E-3	9.089157E-4
0.000000E+0	0.000000E+0	0.000000E+0	0.000000E+0	1.686743E-3	1.387120E-3	8.893243E-4
0.000000E+0	0.000000E+0	0.000000E+0	0.000000E+0	1.657449E-3	1.445753E-3	8.795286E-4
0.000000E+0	0.000000E+0	0.000000E+0	0.000000E+0	1.579332E-3	1.416436E-3	9.187113E-4
0.000000E+0	0.000000E+0	0.000000E+0	0.000000E+0	1.579332E-3	1.377347E-3	9.089157E-4
0.000000E+0	0.000000E+0	0.000000E+0	0.000000E+0	1.608626E-3	1.445753E-3	8.795286E-4
0.000000E+0	0.000000E+0	0.000000E+0	0.000000E+0	1.618390E-3	1.465297E-3	8.697329E-4
0.000000E+0	0.000000E+0	0.000000E+0	0.000000E+0	1.540273E-3	1.416436E-3	8.991199E-4
0.000000E+0	0.000000E+0	0.000000E+0	0.000000E+0	1.540273E-3	1.377347E-3	8.893243E-4
0.000000E+0	0.000000E+0	0.000000E+0	0.000000E+0	1.589096E-3	1.406664E-3	8.893243E-4
0.000000E+0	0.000000E+0	0.000000E+0	0.000000E+0	1.589096E-3	1.357803E-3	9.089157E-4
0.000000E+0	0.000000E+0	0.000000E+0	0.000000E+0	1.579332E-3	1.348031E-3	8.599372E-4
0.000000E+0	0.000000E+0	0.000000E+0	0.000000E+0	1.559802E-3	1.367575E-3	8.599372E-4
0.000000E+0	0.000000E+0	0.000000E+0	0.000000E+0	1.510979E-3	1.348031E-3	8.697329E-4
0.000000E+0	0.000000E+0	0.000000E+0	0.000000E+0	1.442626E-3	1.367575E-3	8.893243E-4
0.000000E+0	0.000000E+0	0.000000E+0	0.000000E+0	1.530508E-3	1.328486E-3	8.795286E-4
0.000000E+0	0.000000E+0	0.000000E+0	0.000000E+0	1.510979E-3	1.289397E-3	8.501415E-4
0.000000E+0	0.000000E+0	0.000000E+0	0.000000E+0	1.491449E-3	1.299170E-3	8.599372E-4
0.000000E+0	0.000000E+0	0.000000E+0	0.000000E+0	1.510979E-3	1.279625E-3	8.893243E-4
0.000000E+0	0.000000E+0	0.000000E+0	0.000000E+0	1.559802E-3	1.406664E-3	8.599372E-4
0.000000E+0	0.000000E+0	0.000000E+0	0.000000E+0	1.452391E-3	1.387120E-3	9.187113E-4
0.000000E+0	0.000000E+0	0.000000E+0	0.000000E+0	1.491449E-3	1.308942E-3	8.893243E-4
0.000000E+0	0.000000E+0	0.000000E+0	0.000000E+0	1.550038E-3	1.240536E-3	8.599372E-4
0.000000E+0	0.000000E+0	0.000000E+0	0.000000E+0	1.384038E-3	1.230764E-3	8.697329E-4
0.000000E+0	0.000000E+0	0.000000E+0	0.000000E+0	1.403567E-3	1.269853E-3	8.599372E-4
0.000000E+0	0.000000E+0	0.000000E+0	0.000000E+0	1.442626E-3	1.367575E-3	9.089157E-4
0.000000E+0	0.000000E+0	0.000000E+0	0.000000E+0	1.442626E-3	1.250309E-3	8.207545E-4
0.000000E+0	0.000000E+0	0.000000E+0	0.000000E+0	1.335214E-3	1.308942E-3	8.305502E-4
0.000000E+0	0.000000E+0	0.000000E+0	0.000000E+0	1.364508E-3	1.279625E-3	8.011631E-4
0.000000E+0	0.000000E+0	0.000000E+0	0.000000E+0	1.393802E-3	1.240536E-3	8.991199E-4
0.000000E+0	0.000000E+0	0.000000E+0	0.000000E+0	1.452391E-3	1.250309E-3	8.697329E-4
0.000000E+0	0.000000E+0	0.000000E+0	0.000000E+0	1.384038E-3	1.308942E-3	8.697329E-4
0.000000E+0	0.000000E+0	0.000000E+0	0.000000E+0	1.384038E-3	1.201448E-3	8.795286E-4
0.000000E+0	0.000000E+0	0.000000E+0	0.000000E+0	1.374273E-3	1.260081E-3	8.697329E-4
0.000000E+0	0.000000E+0	0.000000E+0	0.000000E+0	1.423097E-3	1.211220E-3	8.305502E-4
0.000000E+0	0.000000E+0	0.000000E+0	0.000000E+0	1.384038E-3	1.172131E-3	8.109588E-4
0.000000E+0	0.000000E+0	0.000000E+0	0.000000E+0	1.305920E-3	1.181903E-3	8.697329E-4
0.000000E+0	0.000000E+0	0.000000E+0	0.000000E+0	1.344979E-3	1.269853E-3	8.697329E-4
0.000000E+0	0.000000E+0	0.000000E+0	0.000000E+0	1.325450E-3	1.211220E-3	8.697329E-4
0.000000E+0	0.000000E+0	0.000000E+0	0.000000E+0	1.384038E-3	1.230764E-3	8.893243E-4
0.000000E+0	0.000000E+0	0.000000E+0	0.000000E+0	1.276626E-3	1.142814E-3	8.697329E-4
0.000000E+0	0.000000E+0	0.000000E+0	0.000000E+0	1.344979E-3	1.260081E-3	8.697329E-4
0.000000E+0	0.000000E+0	0.000000E+0	0.000000E+0	1.276626E-3	1.172131E-3	7.521847E-4
0.000000E+0	0.000000E+0	0.000000E+0	0.000000E+0	1.344979E-3	1.123270E-3	8.501415E-4
0.000000E+0	0.000000E+0	0.000000E+0	0.000000E+0	1.305920E-3	1.133042E-3	8.501415E-4
0.000000E+0	0.000000E+0	0.000000E+0	0.000000E+0	1.393802E-3	1.142814E-3	8.403459E-4
0.000000E+0	0.000000E+0	0.000000E+0	0.000000E+0	1.257097E-3	1.113498E-3	8.109588E-4
0.000000E+0	0.000000E+0	0.000000E+0	0.000000E+0	1.218038E-3	1.103725E-3	8.599372E-4
0.000000E+0	0.000000E+0	0.000000E+0	0.000000E+0	1.315685E-3	1.152586E-3	8.599372E-4
0.000000E+0	0.000000E+0	0.000000E+0	0.000000E+0	1.257097E-3	1.084181E-3	8.011631E-4
0.000000E+0	0.000000E+0	0.000000E+0	0.000000E+0	1.257097E-3	1.133042E-3	8.697329E-4
0.000000E+0	0.000000E+0	0.000000E+0	0.000000E+0	1.188744E-3	1.162359E-3	8.011631E-4
0.000000E+0	0.000000E+0	0.000000E+0	0.000000E+0	1.276626E-3	1.142814E-3	8.305502E-4
0.000000E+0	0.000000E+0	0.000000E+0	0.000000E+0	1.218038E-3	1.103725E-3	8.305502E-4
0.000000E+0	0.000000E+0	0.000000E+0	0.000000E+0	1.257097E-3	1.123270E-3	8.305502E-4
0.000000E+0	0.000000E+0	0.000000E+0	0.000000E+0	1.276626E-3	1.113498E-3	8.305502E-4
0.000000E+0	0.000000E+0	0.000000E+0	0.000000E+0	1.325450E-3	1.133042E-3	8.011631E-4
0.000000E+0	0.000000E+0	0.000000E+0	0.000000E+0	1.227803E-3	1.103725E-3	8.697329E-4
0.000000E+0	0.000000E+0	0.000000E+0	0.000000E+0	1.178979E-3	1.142814E-3	8.011631E-4
0.000000E+0	0.000000E+0	0.000000E+0	0.000000E+0	1.266861E-3	1.084181E-3	8.403459E-4
