This is a C(T) experiment being done in Physics 350.
It records the decay response of an RC circuit where the capacitance is a strong function of temperature.

11/9/2001
12:14 PM

Start temp = 40.0
Temp step = 10.0
End temp = 70.0
Num temps = 4
Num avg cycles = 100
Num points per meas = 1000
Meas time interval = 2.00E-5

DDD

1.000000E+2	4.000000E+0	4.000000E+1	1.293944E-8	1.000000E+0	1.000000E+0	1.000000E+0	1.000000E+0
1.000000E+3	0.000000E+0	5.000000E+1	1.114847E-8	9.838220E-1	9.817967E-1	9.780179E-1	9.775457E-1
2.000000E-5	0.000000E+0	6.000000E+1	9.473945E-9	9.680490E-1	9.634652E-1	9.566140E-1	9.554772E-1
0.000000E+0	0.000000E+0	7.000000E+1	9.166588E-9	9.528302E-1	9.454328E-1	9.360344E-1	9.341483E-1
0.000000E+0	0.000000E+0	0.000000E+0	0.000000E+0	9.371957E-1	9.279559E-1	9.158618E-1	9.135053E-1
0.000000E+0	0.000000E+0	0.000000E+0	0.000000E+0	9.222753E-1	9.109277E-1	8.961282E-1	8.929481E-1
0.000000E+0	0.000000E+0	0.000000E+0	0.000000E+0	9.080263E-1	8.943268E-1	8.767802E-1	8.731947E-1
0.000000E+0	0.000000E+0	0.000000E+0	0.000000E+0	8.931805E-1	8.777900E-1	8.582779E-1	8.540844E-1
0.000000E+0	0.000000E+0	0.000000E+0	0.000000E+0	8.792086E-1	8.617766E-1	8.399041E-1	8.352421E-1
0.000000E+0	0.000000E+0	0.000000E+0	0.000000E+0	8.653966E-1	8.461692E-1	8.218194E-1	8.167106E-1
0.000000E+0	0.000000E+0	0.000000E+0	0.000000E+0	8.516165E-1	8.308823E-1	8.043772E-1	7.988328E-1
0.000000E+0	0.000000E+0	0.000000E+0	0.000000E+0	8.380070E-1	8.155953E-1	7.874061E-1	7.814589E-1
0.000000E+0	0.000000E+0	0.000000E+0	0.000000E+0	8.249729E-1	8.007998E-1	7.707027E-1	7.644494E-1
0.000000E+0	0.000000E+0	0.000000E+0	0.000000E+0	8.121627E-1	7.865278E-1	7.542776E-1	7.475470E-1
0.000000E+0	0.000000E+0	0.000000E+0	0.000000E+0	7.993951E-1	7.722984E-1	7.384094E-1	7.312877E-1
0.000000E+0	0.000000E+0	0.000000E+0	0.000000E+0	7.866061E-1	7.583789E-1	7.229480E-1	7.154893E-1
0.000000E+0	0.000000E+0	0.000000E+0	0.000000E+0	7.748510E-1	7.445447E-1	7.077329E-1	6.999267E-1
0.000000E+0	0.000000E+0	0.000000E+0	0.000000E+0	7.622859E-1	7.311701E-1	6.928926E-1	6.846213E-1
0.000000E+0	0.000000E+0	0.000000E+0	0.000000E+0	7.503709E-1	7.181906E-1	6.781807E-1	6.697875E-1
0.000000E+0	0.000000E+0	0.000000E+0	0.000000E+0	7.386477E-1	7.053500E-1	6.639828E-1	6.552752E-1
0.000000E+0	0.000000E+0	0.000000E+0	0.000000E+0	7.270737E-1	6.927337E-1	6.501168E-1	6.411381E-1
0.000000E+0	0.000000E+0	0.000000E+0	0.000000E+0	7.162670E-1	6.801174E-1	6.365185E-1	6.273118E-1
0.000000E+0	0.000000E+0	0.000000E+0	0.000000E+0	7.051300E-1	6.679499E-1	6.232629E-1	6.136677E-1
0.000000E+0	0.000000E+0	0.000000E+0	0.000000E+0	6.939397E-1	6.560814E-1	6.100929E-1	6.004095E-1
0.000000E+0	0.000000E+0	0.000000E+0	0.000000E+0	6.832290E-1	6.444693E-1	5.974261E-1	5.875908E-1
0.000000E+0	0.000000E+0	0.000000E+0	0.000000E+0	6.725929E-1	6.330281E-1	5.850698E-1	5.750506E-1
0.000000E+0	0.000000E+0	0.000000E+0	0.000000E+0	6.623191E-1	6.217472E-1	5.729706E-1	5.627891E-1
0.000000E+0	0.000000E+0	0.000000E+0	0.000000E+0	6.523224E-1	6.104983E-1	5.610747E-1	5.505813E-1
0.000000E+0	0.000000E+0	0.000000E+0	0.000000E+0	6.423258E-1	5.997409E-1	5.493288E-1	5.387486E-1
0.000000E+0	0.000000E+0	0.000000E+0	0.000000E+0	6.321372E-1	5.890796E-1	5.379148E-1	5.272266E-1
0.000000E+0	0.000000E+0	0.000000E+0	0.000000E+0	6.224923E-1	5.788134E-1	5.268756E-1	5.161442E-1
0.000000E+0	0.000000E+0	0.000000E+0	0.000000E+0	6.129006E-1	5.686115E-1	5.160611E-1	5.051475E-1
0.000000E+0	0.000000E+0	0.000000E+0	0.000000E+0	6.033728E-1	5.586232E-1	5.055037E-1	4.943973E-1
0.000000E+0	0.000000E+0	0.000000E+0	0.000000E+0	5.944845E-1	5.485922E-1	4.950962E-1	4.838400E-1
0.000000E+0	0.000000E+0	0.000000E+0	0.000000E+0	5.852019E-1	5.388602E-1	4.848172E-1	4.734327E-1
0.000000E+0	0.000000E+0	0.000000E+0	0.000000E+0	5.766546E-1	5.293419E-1	4.747523E-1	4.634328E-1
0.000000E+0	0.000000E+0	0.000000E+0	0.000000E+0	5.679795E-1	5.201120E-1	4.650729E-1	4.536043E-1
0.000000E+0	0.000000E+0	0.000000E+0	0.000000E+0	5.591978E-1	5.111279E-1	4.555005E-1	4.441403E-1
0.000000E+0	0.000000E+0	0.000000E+0	0.000000E+0	5.507464E-1	5.022292E-1	4.462173E-1	4.347513E-1
0.000000E+0	0.000000E+0	0.000000E+0	0.000000E+0	5.420926E-1	4.934694E-1	4.371696E-1	4.256195E-1
0.000000E+0	0.000000E+0	0.000000E+0	0.000000E+0	5.340142E-1	4.848378E-1	4.281754E-1	4.165306E-1
0.000000E+0	0.000000E+0	0.000000E+0	0.000000E+0	5.255842E-1	4.761207E-1	4.194490E-1	4.076346E-1
0.000000E+0	0.000000E+0	0.000000E+0	0.000000E+0	5.179748E-1	4.678417E-1	4.107546E-1	3.990280E-1
0.000000E+0	0.000000E+0	0.000000E+0	0.000000E+0	5.103760E-1	4.596801E-1	4.023815E-1	3.906465E-1
0.000000E+0	0.000000E+0	0.000000E+0	0.000000E+0	5.023723E-1	4.516894E-1	3.941690E-1	3.824686E-1
0.000000E+0	0.000000E+0	0.000000E+0	0.000000E+0	4.946457E-1	4.438910E-1	3.861492E-1	3.744194E-1
0.000000E+0	0.000000E+0	0.000000E+0	0.000000E+0	4.872174E-1	4.362316E-1	3.783864E-1	3.665952E-1
0.000000E+0	0.000000E+0	0.000000E+0	0.000000E+0	4.799064E-1	4.286468E-1	3.706985E-1	3.590068E-1
0.000000E+0	0.000000E+0	0.000000E+0	0.000000E+0	4.727127E-1	4.212331E-1	3.631713E-1	3.514291E-1
0.000000E+0	0.000000E+0	0.000000E+0	0.000000E+0	4.657853E-1	4.138300E-1	3.558475E-1	3.439158E-1
0.000000E+0	0.000000E+0	0.000000E+0	0.000000E+0	4.584850E-1	4.065230E-1	3.486308E-1	3.367240E-1
0.000000E+0	0.000000E+0	0.000000E+0	0.000000E+0	4.518987E-1	3.995152E-1	3.414354E-1	3.297036E-1
0.000000E+0	0.000000E+0	0.000000E+0	0.000000E+0	4.451738E-1	3.925714E-1	3.345720E-1	3.228119E-1
0.000000E+0	0.000000E+0	0.000000E+0	0.000000E+0	4.382678E-1	3.858520E-1	3.277836E-1	3.161239E-1
0.000000E+0	0.000000E+0	0.000000E+0	0.000000E+0	4.317455E-1	3.791432E-1	3.211451E-1	3.096502E-1
0.000000E+0	0.000000E+0	0.000000E+0	0.000000E+0	4.253404E-1	3.726909E-1	3.146778E-1	3.031979E-1
0.000000E+0	0.000000E+0	0.000000E+0	0.000000E+0	4.189352E-1	3.662386E-1	3.085425E-1	2.969278E-1
0.000000E+0	0.000000E+0	0.000000E+0	0.000000E+0	4.126367E-1	3.599037E-1	3.023965E-1	2.907864E-1
0.000000E+0	0.000000E+0	0.000000E+0	0.000000E+0	4.063914E-1	3.537505E-1	2.962505E-1	2.847307E-1
0.000000E+0	0.000000E+0	0.000000E+0	0.000000E+0	4.006791E-1	3.476400E-1	2.903615E-1	2.788143E-1
0.000000E+0	0.000000E+0	0.000000E+0	0.000000E+0	3.944444E-1	3.415188E-1	2.844725E-1	2.729515E-1
0.000000E+0	0.000000E+0	0.000000E+0	0.000000E+0	3.888067E-1	3.356647E-1	2.787869E-1	2.673246E-1
0.000000E+0	0.000000E+0	0.000000E+0	0.000000E+0	3.827319E-1	3.299281E-1	2.731334E-1	2.617726E-1
0.000000E+0	0.000000E+0	0.000000E+0	0.000000E+0	3.773499E-1	3.243090E-1	2.675977E-1	2.564136E-1
0.000000E+0	0.000000E+0	0.000000E+0	0.000000E+0	3.718507E-1	3.187006E-1	2.623083E-1	2.510974E-1
0.000000E+0	0.000000E+0	0.000000E+0	0.000000E+0	3.661809E-1	3.132738E-1	2.570938E-1	2.459528E-1
0.000000E+0	0.000000E+0	0.000000E+0	0.000000E+0	3.606391E-1	3.081034E-1	2.519972E-1	2.409903E-1
0.000000E+0	0.000000E+0	0.000000E+0	0.000000E+0	3.552677E-1	3.027727E-1	2.469433E-1	2.361029E-1
0.000000E+0	0.000000E+0	0.000000E+0	0.000000E+0	3.501095E-1	2.976236E-1	2.421893E-1	2.312797E-1
0.000000E+0	0.000000E+0	0.000000E+0	0.000000E+0	3.451431E-1	2.926348E-1	2.373174E-1	2.265317E-1
0.000000E+0	0.000000E+0	0.000000E+0	0.000000E+0	3.399636E-1	2.876139E-1	2.327240E-1	2.218693E-1
0.000000E+0	0.000000E+0	0.000000E+0	0.000000E+0	3.347308E-1	2.826999E-1	2.281305E-1	2.174106E-1
0.000000E+0	0.000000E+0	0.000000E+0	0.000000E+0	3.297751E-1	2.779568E-1	2.235585E-1	2.129412E-1
0.000000E+0	0.000000E+0	0.000000E+0	0.000000E+0	3.251178E-1	2.730961E-1	2.191685E-1	2.084289E-1
0.000000E+0	0.000000E+0	0.000000E+0	0.000000E+0	3.201514E-1	2.684599E-1	2.148428E-1	2.042381E-1
0.000000E+0	0.000000E+0	0.000000E+0	0.000000E+0	3.155474E-1	2.639304E-1	2.105491E-1	2.000902E-1
0.000000E+0	0.000000E+0	0.000000E+0	0.000000E+0	3.110287E-1	2.594330E-1	2.062662E-1	1.959638E-1
0.000000E+0	0.000000E+0	0.000000E+0	0.000000E+0	3.065526E-1	2.550317E-1	2.022724E-1	1.919552E-1
0.000000E+0	0.000000E+0	0.000000E+0	0.000000E+0	3.017994E-1	2.507266E-1	1.983428E-1	1.881610E-1
0.000000E+0	0.000000E+0	0.000000E+0	0.000000E+0	2.974511E-1	2.464856E-1	1.944025E-1	1.843240E-1
0.000000E+0	0.000000E+0	0.000000E+0	0.000000E+0	2.931775E-1	2.423621E-1	1.906121E-1	1.805619E-1
0.000000E+0	0.000000E+0	0.000000E+0	0.000000E+0	2.889039E-1	2.383454E-1	1.868217E-1	1.769499E-1
0.000000E+0	0.000000E+0	0.000000E+0	0.000000E+0	2.846729E-1	2.343928E-1	1.832455E-1	1.734880E-1
0.000000E+0	0.000000E+0	0.000000E+0	0.000000E+0	2.804205E-1	2.304188E-1	1.797334E-1	1.700797E-1
0.000000E+0	0.000000E+0	0.000000E+0	0.000000E+0	2.764347E-1	2.265730E-1	1.762000E-1	1.665963E-1
0.000000E+0	0.000000E+0	0.000000E+0	0.000000E+0	2.724274E-1	2.228127E-1	1.728379E-1	1.632737E-1
0.000000E+0	0.000000E+0	0.000000E+0	0.000000E+0	2.685801E-1	2.190845E-1	1.695401E-1	1.600476E-1
0.000000E+0	0.000000E+0	0.000000E+0	0.000000E+0	2.644237E-1	2.153883E-1	1.661994E-1	1.567678E-1
0.000000E+0	0.000000E+0	0.000000E+0	0.000000E+0	2.608641E-1	2.118309E-1	1.629979E-1	1.536703E-1
0.000000E+0	0.000000E+0	0.000000E+0	0.000000E+0	2.569422E-1	2.082415E-1	1.598178E-1	1.506478E-1
0.000000E+0	0.000000E+0	0.000000E+0	0.000000E+0	2.532441E-1	2.046628E-1	1.568198E-1	1.476039E-1
0.000000E+0	0.000000E+0	0.000000E+0	0.000000E+0	2.494820E-1	2.012764E-1	1.537039E-1	1.446779E-1
0.000000E+0	0.000000E+0	0.000000E+0	0.000000E+0	2.461036E-1	1.979327E-1	1.508023E-1	1.417518E-1
0.000000E+0	0.000000E+0	0.000000E+0	0.000000E+0	2.422456E-1	1.945997E-1	1.478470E-1	1.388258E-1
0.000000E+0	0.000000E+0	0.000000E+0	0.000000E+0	2.388459E-1	1.912988E-1	1.449989E-1	1.360606E-1
0.000000E+0	0.000000E+0	0.000000E+0	0.000000E+0	2.356167E-1	1.882008E-1	1.422364E-1	1.333918E-1
0.000000E+0	0.000000E+0	0.000000E+0	0.000000E+0	2.323661E-1	1.850708E-1	1.394311E-1	1.307337E-1
0.000000E+0	0.000000E+0	0.000000E+0	0.000000E+0	2.291156E-1	1.819407E-1	1.366793E-1	1.281935E-1
0.000000E+0	0.000000E+0	0.000000E+0	0.000000E+0	2.256733E-1	1.789603E-1	1.340453E-1	1.255783E-1
0.000000E+0	0.000000E+0	0.000000E+0	0.000000E+0	2.224334E-1	1.760225E-1	1.315184E-1	1.231239E-1
0.000000E+0	0.000000E+0	0.000000E+0	0.000000E+0	2.193321E-1	1.731702E-1	1.289700E-1	1.206909E-1
0.000000E+0	0.000000E+0	0.000000E+0	0.000000E+0	2.162308E-1	1.704355E-1	1.264966E-1	1.183222E-1
0.000000E+0	0.000000E+0	0.000000E+0	0.000000E+0	2.131614E-1	1.675832E-1	1.240768E-1	1.160392E-1
0.000000E+0	0.000000E+0	0.000000E+0	0.000000E+0	2.100388E-1	1.647843E-1	1.217747E-1	1.136920E-1
0.000000E+0	0.000000E+0	0.000000E+0	0.000000E+0	2.068629E-1	1.621137E-1	1.194405E-1	1.115269E-1
0.000000E+0	0.000000E+0	0.000000E+0	0.000000E+0	2.036550E-1	1.594964E-1	1.171813E-1	1.093726E-1
0.000000E+0	0.000000E+0	0.000000E+0	0.000000E+0	2.007668E-1	1.568685E-1	1.149863E-1	1.072290E-1
0.000000E+0	0.000000E+0	0.000000E+0	0.000000E+0	1.981984E-1	1.542619E-1	1.128234E-1	1.051175E-1
0.000000E+0	0.000000E+0	0.000000E+0	0.000000E+0	1.951184E-1	1.517942E-1	1.106605E-1	1.031240E-1
0.000000E+0	0.000000E+0	0.000000E+0	0.000000E+0	1.925073E-1	1.492837E-1	1.086154E-1	1.011197E-1
0.000000E+0	0.000000E+0	0.000000E+0	0.000000E+0	1.897897E-1	1.467947E-1	1.065275E-1	9.913687E-2
0.000000E+0	0.000000E+0	0.000000E+0	0.000000E+0	1.869761E-1	1.444231E-1	1.045038E-1	9.720761E-2
0.000000E+0	0.000000E+0	0.000000E+0	0.000000E+0	1.844610E-1	1.420836E-1	1.025444E-1	9.534267E-2
0.000000E+0	0.000000E+0	0.000000E+0	0.000000E+0	1.818499E-1	1.397868E-1	1.006384E-1	9.345630E-2
0.000000E+0	0.000000E+0	0.000000E+0	0.000000E+0	1.791323E-1	1.373725E-1	9.879679E-2	9.167710E-2
0.000000E+0	0.000000E+0	0.000000E+0	0.000000E+0	1.769155E-1	1.351292E-1	9.695513E-2	8.987647E-2
0.000000E+0	0.000000E+0	0.000000E+0	0.000000E+0	1.740380E-1	1.329713E-1	9.513488E-2	8.821516E-2
0.000000E+0	0.000000E+0	0.000000E+0	0.000000E+0	1.716934E-1	1.307600E-1	9.333605E-2	8.648956E-2
0.000000E+0	0.000000E+0	0.000000E+0	0.000000E+0	1.695406E-1	1.286341E-1	9.161218E-2	8.488185E-2
0.000000E+0	0.000000E+0	0.000000E+0	0.000000E+0	1.672918E-1	1.265723E-1	8.990971E-2	8.324199E-2
0.000000E+0	0.000000E+0	0.000000E+0	0.000000E+0	1.647980E-1	1.245533E-1	8.821796E-2	8.168788E-2
0.000000E+0	0.000000E+0	0.000000E+0	0.000000E+0	1.622296E-1	1.225236E-1	8.662257E-2	8.009088E-2
0.000000E+0	0.000000E+0	0.000000E+0	0.000000E+0	1.600022E-1	1.205473E-1	8.500576E-2	7.856892E-2
0.000000E+0	0.000000E+0	0.000000E+0	0.000000E+0	1.578280E-1	1.186031E-1	8.356027E-2	7.707911E-2
0.000000E+0	0.000000E+0	0.000000E+0	0.000000E+0	1.556859E-1	1.167656E-1	8.192205E-2	7.560002E-2
0.000000E+0	0.000000E+0	0.000000E+0	0.000000E+0	1.535544E-1	1.148534E-1	8.047656E-2	7.419595E-2
0.000000E+0	0.000000E+0	0.000000E+0	0.000000E+0	1.514229E-1	1.129626E-1	7.896683E-2	7.273830E-2
0.000000E+0	0.000000E+0	0.000000E+0	0.000000E+0	1.492914E-1	1.112106E-1	7.743568E-2	7.130208E-2
0.000000E+0	0.000000E+0	0.000000E+0	0.000000E+0	1.471599E-1	1.094266E-1	7.609726E-2	6.988730E-2
0.000000E+0	0.000000E+0	0.000000E+0	0.000000E+0	1.450604E-1	1.076533E-1	7.470532E-2	6.854754E-2
0.000000E+0	0.000000E+0	0.000000E+0	0.000000E+0	1.429503E-1	1.060081E-1	7.331336E-2	6.734712E-2
0.000000E+0	0.000000E+0	0.000000E+0	0.000000E+0	1.411172E-1	1.042669E-1	7.190000E-2	6.603952E-2
0.000000E+0	0.000000E+0	0.000000E+0	0.000000E+0	1.392841E-1	1.026431E-1	7.057229E-2	6.477478E-2
0.000000E+0	0.000000E+0	0.000000E+0	0.000000E+0	1.372485E-1	1.009659E-1	6.925528E-2	6.354221E-2
0.000000E+0	0.000000E+0	0.000000E+0	0.000000E+0	1.354048E-1	9.943829E-2	6.795970E-2	6.236322E-2
0.000000E+0	0.000000E+0	0.000000E+0	0.000000E+0	1.333053E-1	9.779316E-2	6.674977E-2	6.121639E-2
0.000000E+0	0.000000E+0	0.000000E+0	0.000000E+0	1.312377E-1	9.628690E-2	6.559338E-2	6.006956E-2
0.000000E+0	0.000000E+0	0.000000E+0	0.000000E+0	1.298629E-1	9.473791E-2	6.438345E-2	5.896560E-2
0.000000E+0	0.000000E+0	0.000000E+0	0.000000E+0	1.279766E-1	9.329575E-2	6.323777E-2	5.793666E-2
0.000000E+0	0.000000E+0	0.000000E+0	0.000000E+0	1.259836E-1	9.183222E-2	6.210280E-2	5.687558E-2
0.000000E+0	0.000000E+0	0.000000E+0	0.000000E+0	1.246621E-1	9.035800E-2	6.096782E-2	5.581449E-2
0.000000E+0	0.000000E+0	0.000000E+0	0.000000E+0	1.226478E-1	8.894789E-2	5.992921E-2	5.473197E-2
0.000000E+0	0.000000E+0	0.000000E+0	0.000000E+0	1.210172E-1	8.758051E-2	5.885848E-2	5.375662E-2
0.000000E+0	0.000000E+0	0.000000E+0	0.000000E+0	1.194506E-1	8.613835E-2	5.780916E-2	5.275984E-2
0.000000E+0	0.000000E+0	0.000000E+0	0.000000E+0	1.176282E-1	8.482438E-2	5.670631E-2	5.175235E-2
0.000000E+0	0.000000E+0	0.000000E+0	0.000000E+0	1.162534E-1	8.347835E-2	5.566769E-2	5.090562E-2
0.000000E+0	0.000000E+0	0.000000E+0	0.000000E+0	1.143457E-1	8.220711E-2	5.469333E-2	4.998387E-2
0.000000E+0	0.000000E+0	0.000000E+0	0.000000E+0	1.130561E-1	8.096792E-2	5.376179E-2	4.906212E-2
0.000000E+0	0.000000E+0	0.000000E+0	0.000000E+0	1.115961E-1	7.963258E-2	5.283026E-2	4.816180E-2
0.000000E+0	0.000000E+0	0.000000E+0	0.000000E+0	1.098589E-1	7.837202E-2	5.193084E-2	4.728292E-2
0.000000E+0	0.000000E+0	0.000000E+0	0.000000E+0	1.085587E-1	7.722898E-2	5.098860E-2	4.638260E-2
0.000000E+0	0.000000E+0	0.000000E+0	0.000000E+0	1.068642E-1	7.600047E-2	5.009989E-2	4.555731E-2
0.000000E+0	0.000000E+0	0.000000E+0	0.000000E+0	1.055959E-1	7.480401E-2	4.924330E-2	4.481777E-2
0.000000E+0	0.000000E+0	0.000000E+0	0.000000E+0	1.042531E-1	7.372505E-2	4.839743E-2	4.396032E-2
0.000000E+0	0.000000E+0	0.000000E+0	0.000000E+0	1.025266E-1	7.259269E-2	4.757296E-2	4.317791E-2
0.000000E+0	0.000000E+0	0.000000E+0	0.000000E+0	1.013330E-1	7.135350E-2	4.672708E-2	4.241692E-2
0.000000E+0	0.000000E+0	0.000000E+0	0.000000E+0	1.002033E-1	7.026386E-2	4.584908E-2	4.173097E-2
0.000000E+0	0.000000E+0	0.000000E+0	0.000000E+0	9.866861E-2	6.908876E-2	4.509957E-2	4.096999E-2
0.000000E+0	0.000000E+0	0.000000E+0	0.000000E+0	9.708065E-2	6.805255E-2	4.439289E-2	4.026259E-2
0.000000E+0	0.000000E+0	0.000000E+0	0.000000E+0	9.600424E-2	6.702700E-2	4.355771E-2	3.953377E-2
0.000000E+0	0.000000E+0	0.000000E+0	0.000000E+0	9.490652E-2	6.603351E-2	4.276537E-2	3.879422E-2
0.000000E+0	0.000000E+0	0.000000E+0	0.000000E+0	9.358501E-2	6.497592E-2	4.209081E-2	3.808683E-2
0.000000E+0	0.000000E+0	0.000000E+0	0.000000E+0	9.213559E-2	6.398243E-2	4.134130E-2	3.756164E-2
0.000000E+0	0.000000E+0	0.000000E+0	0.000000E+0	9.073947E-2	6.299963E-2	4.066674E-2	3.692928E-2
0.000000E+0	0.000000E+0	0.000000E+0	0.000000E+0	8.960978E-2	6.202751E-2	4.001359E-2	3.620045E-2
0.000000E+0	0.000000E+0	0.000000E+0	0.000000E+0	8.854404E-2	6.106606E-2	3.932832E-2	3.572886E-2
0.000000E+0	0.000000E+0	0.000000E+0	0.000000E+0	8.747829E-2	6.007257E-2	3.861093E-2	3.502147E-2
0.000000E+0	0.000000E+0	0.000000E+0	0.000000E+0	8.641255E-2	5.918591E-2	3.800061E-2	3.447485E-2
0.000000E+0	0.000000E+0	0.000000E+0	0.000000E+0	8.531483E-2	5.841675E-2	3.742242E-2	3.388535E-2
0.000000E+0	0.000000E+0	0.000000E+0	0.000000E+0	8.421712E-2	5.755146E-2	3.680139E-2	3.329586E-2
0.000000E+0	0.000000E+0	0.000000E+0	0.000000E+0	8.304480E-2	5.663275E-2	3.621249E-2	3.273852E-2
0.000000E+0	0.000000E+0	0.000000E+0	0.000000E+0	8.201103E-2	5.572472E-2	3.566642E-2	3.220262E-2
0.000000E+0	0.000000E+0	0.000000E+0	0.000000E+0	8.082806E-2	5.492352E-2	3.503469E-2	3.166671E-2
0.000000E+0	0.000000E+0	0.000000E+0	0.000000E+0	7.985823E-2	5.411163E-2	3.445649E-2	3.115225E-2
0.000000E+0	0.000000E+0	0.000000E+0	0.000000E+0	7.869656E-2	5.326770E-2	3.383547E-2	3.056276E-2
0.000000E+0	0.000000E+0	0.000000E+0	0.000000E+0	7.773740E-2	5.241308E-2	3.334293E-2	3.004829E-2
0.000000E+0	0.000000E+0	0.000000E+0	0.000000E+0	7.675691E-2	5.166529E-2	3.278615E-2	2.950167E-2
0.000000E+0	0.000000E+0	0.000000E+0	0.000000E+0	7.573380E-2	5.096024E-2	3.230432E-2	2.912654E-2
0.000000E+0	0.000000E+0	0.000000E+0	0.000000E+0	7.468937E-2	5.015903E-2	3.167259E-2	2.852633E-2
0.000000E+0	0.000000E+0	0.000000E+0	0.000000E+0	7.362363E-2	4.941124E-2	3.124429E-2	2.816191E-2
0.000000E+0	0.000000E+0	0.000000E+0	0.000000E+0	7.255788E-2	4.873823E-2	3.068751E-2	2.756170E-2
0.000000E+0	0.000000E+0	0.000000E+0	0.000000E+0	7.149214E-2	4.801181E-2	3.024851E-2	2.722944E-2
0.000000E+0	0.000000E+0	0.000000E+0	0.000000E+0	7.047968E-2	4.726402E-2	2.969173E-2	2.665067E-2
0.000000E+0	0.000000E+0	0.000000E+0	0.000000E+0	6.940328E-2	4.659101E-2	2.927415E-2	2.630769E-2
0.000000E+0	0.000000E+0	0.000000E+0	0.000000E+0	6.852937E-2	4.585391E-2	2.870666E-2	2.585753E-2
0.000000E+0	0.000000E+0	0.000000E+0	0.000000E+0	6.793255E-2	4.522363E-2	2.828907E-2	2.536450E-2
0.000000E+0	0.000000E+0	0.000000E+0	0.000000E+0	6.717588E-2	4.455062E-2	2.791432E-2	2.503224E-2
0.000000E+0	0.000000E+0	0.000000E+0	0.000000E+0	6.616342E-2	4.395239E-2	2.741107E-2	2.456065E-2
0.000000E+0	0.000000E+0	0.000000E+0	0.000000E+0	6.510834E-2	4.326870E-2	2.705773E-2	2.421767E-2
0.000000E+0	0.000000E+0	0.000000E+0	0.000000E+0	6.422377E-2	4.256364E-2	2.654378E-2	2.384254E-2
0.000000E+0	0.000000E+0	0.000000E+0	0.000000E+0	6.370156E-2	4.205087E-2	2.610478E-2	2.351028E-2
0.000000E+0	0.000000E+0	0.000000E+0	0.000000E+0	6.296619E-2	4.140991E-2	2.582639E-2	2.314586E-2
0.000000E+0	0.000000E+0	0.000000E+0	0.000000E+0	6.190044E-2	4.086509E-2	2.529102E-2	2.284576E-2
0.000000E+0	0.000000E+0	0.000000E+0	0.000000E+0	6.089865E-2	4.019208E-2	2.498051E-2	2.236344E-2
0.000000E+0	0.000000E+0	0.000000E+0	0.000000E+0	6.058958E-2	3.969000E-2	2.457363E-2	2.193472E-2
0.000000E+0	0.000000E+0	0.000000E+0	0.000000E+0	5.976896E-2	3.910245E-2	2.414534E-2	2.162390E-2
0.000000E+0	0.000000E+0	0.000000E+0	0.000000E+0	5.870321E-2	3.857899E-2	2.385624E-2	2.127020E-2
0.000000E+0	0.000000E+0	0.000000E+0	0.000000E+0	5.798917E-2	3.794872E-2	2.349219E-2	2.094866E-2
0.000000E+0	0.000000E+0	0.000000E+0	0.000000E+0	5.757353E-2	3.737185E-2	2.306390E-2	2.071286E-2
0.000000E+0	0.000000E+0	0.000000E+0	0.000000E+0	5.657173E-2	3.689113E-2	2.286046E-2	2.035917E-2
0.000000E+0	0.000000E+0	0.000000E+0	0.000000E+0	5.582571E-2	3.643177E-2	2.246429E-2	1.994116E-2
0.000000E+0	0.000000E+0	0.000000E+0	0.000000E+0	5.543138E-2	3.588695E-2	2.201458E-2	1.970537E-2
0.000000E+0	0.000000E+0	0.000000E+0	0.000000E+0	5.444024E-2	3.554511E-2	2.170407E-2	1.941598E-2
0.000000E+0	0.000000E+0	0.000000E+0	0.000000E+0	5.370488E-2	3.491483E-2	2.140426E-2	1.908372E-2
0.000000E+0	0.000000E+0	0.000000E+0	0.000000E+0	5.337450E-2	3.455162E-2	2.104022E-2	1.886936E-2
0.000000E+0	0.000000E+0	0.000000E+0	0.000000E+0	5.231941E-2	3.389997E-2	2.076183E-2	1.852638E-2
0.000000E+0	0.000000E+0	0.000000E+0	0.000000E+0	5.181851E-2	3.356881E-2	2.050485E-2	1.827987E-2
0.000000E+0	0.000000E+0	0.000000E+0	0.000000E+0	5.124301E-2	3.305604E-2	2.011939E-2	1.797976E-2
0.000000E+0	0.000000E+0	0.000000E+0	0.000000E+0	5.029450E-2	3.260737E-2	1.981958E-2	1.770109E-2
0.000000E+0	0.000000E+0	0.000000E+0	0.000000E+0	5.014529E-2	3.212665E-2	1.953048E-2	1.742242E-2
0.000000E+0	0.000000E+0	0.000000E+0	0.000000E+0	4.911152E-2	3.166729E-2	1.931634E-2	1.721878E-2
0.000000E+0	0.000000E+0	0.000000E+0	0.000000E+0	4.893034E-2	3.137886E-2	1.896299E-2	1.702585E-2
0.000000E+0	0.000000E+0	0.000000E+0	0.000000E+0	4.804578E-2	3.087677E-2	1.870602E-2	1.666144E-2
0.000000E+0	0.000000E+0	0.000000E+0	0.000000E+0	4.744896E-2	3.046015E-2	1.841692E-2	1.642564E-2
0.000000E+0	0.000000E+0	0.000000E+0	0.000000E+0	4.696938E-2	3.001148E-2	1.822419E-2	1.618985E-2
0.000000E+0	0.000000E+0	0.000000E+0	0.000000E+0	4.602087E-2	2.954144E-2	1.793509E-2	1.596477E-2
0.000000E+0	0.000000E+0	0.000000E+0	0.000000E+0	4.590363E-2	2.923164E-2	1.762458E-2	1.576112E-2
0.000000E+0	0.000000E+0	0.000000E+0	0.000000E+0	4.492315E-2	2.874023E-2	1.736760E-2	1.549317E-2
0.000000E+0	0.000000E+0	0.000000E+0	0.000000E+0	4.481658E-2	2.837702E-2	1.715346E-2	1.521450E-2
0.000000E+0	0.000000E+0	0.000000E+0	0.000000E+0	4.380412E-2	2.803518E-2	1.698214E-2	1.506445E-2
0.000000E+0	0.000000E+0	0.000000E+0	0.000000E+0	4.376149E-2	2.755445E-2	1.669304E-2	1.497871E-2
0.000000E+0	0.000000E+0	0.000000E+0	0.000000E+0	4.282364E-2	2.722329E-2	1.640395E-2	1.479650E-2
0.000000E+0	0.000000E+0	0.000000E+0	0.000000E+0	4.267443E-2	2.696691E-2	1.621121E-2	1.456070E-2
0.000000E+0	0.000000E+0	0.000000E+0	0.000000E+0	4.168329E-2	2.649687E-2	1.606131E-2	1.426060E-2
0.000000E+0	0.000000E+0	0.000000E+0	0.000000E+0	4.165132E-2	2.615502E-2	1.582575E-2	1.406767E-2
0.000000E+0	0.000000E+0	0.000000E+0	0.000000E+0	4.071346E-2	2.592000E-2	1.551524E-2	1.393905E-2
0.000000E+0	0.000000E+0	0.000000E+0	0.000000E+0	4.058557E-2	2.537519E-2	1.533321E-2	1.366039E-2
0.000000E+0	0.000000E+0	0.000000E+0	0.000000E+0	3.979692E-2	2.510812E-2	1.508694E-2	1.344602E-2
0.000000E+0	0.000000E+0	0.000000E+0	0.000000E+0	3.951983E-2	2.481969E-2	1.497987E-2	1.321023E-2
0.000000E+0	0.000000E+0	0.000000E+0	0.000000E+0	3.916813E-2	2.445647E-2	1.487280E-2	1.298515E-2
0.000000E+0	0.000000E+0	0.000000E+0	0.000000E+0	3.845409E-2	2.410395E-2	1.463724E-2	1.286725E-2
0.000000E+0	0.000000E+0	0.000000E+0	0.000000E+0	3.817699E-2	2.382619E-2	1.435885E-2	1.281366E-2
0.000000E+0	0.000000E+0	0.000000E+0	0.000000E+0	3.738834E-2	2.350571E-2	1.414470E-2	1.264217E-2
0.000000E+0	0.000000E+0	0.000000E+0	0.000000E+0	3.736703E-2	2.316387E-2	1.397338E-2	1.247068E-2
0.000000E+0	0.000000E+0	0.000000E+0	0.000000E+0	3.647180E-2	2.290748E-2	1.383419E-2	1.220273E-2
0.000000E+0	0.000000E+0	0.000000E+0	0.000000E+0	3.632260E-2	2.260837E-2	1.362004E-2	1.197765E-2
0.000000E+0	0.000000E+0	0.000000E+0	0.000000E+0	3.613076E-2	2.238403E-2	1.338448E-2	1.184903E-2
0.000000E+0	0.000000E+0	0.000000E+0	0.000000E+0	3.528883E-2	2.209560E-2	1.315963E-2	1.176329E-2
0.000000E+0	0.000000E+0	0.000000E+0	0.000000E+0	3.525686E-2	2.181785E-2	1.292406E-2	1.164539E-2
0.000000E+0	0.000000E+0	0.000000E+0	0.000000E+0	3.472398E-2	2.157215E-2	1.285982E-2	1.157036E-2
0.000000E+0	0.000000E+0	0.000000E+0	0.000000E+0	3.419111E-2	2.114484E-2	1.274204E-2	1.127026E-2
0.000000E+0	0.000000E+0	0.000000E+0	0.000000E+0	3.413782E-2	2.090982E-2	1.265638E-2	1.107733E-2
0.000000E+0	0.000000E+0	0.000000E+0	0.000000E+0	3.328523E-2	2.066412E-2	1.251719E-2	1.088441E-2
0.000000E+0	0.000000E+0	0.000000E+0	0.000000E+0	3.312537E-2	2.040773E-2	1.223880E-2	1.078795E-2
0.000000E+0	0.000000E+0	0.000000E+0	0.000000E+0	3.292288E-2	2.021544E-2	1.203536E-2	1.075579E-2
0.000000E+0	0.000000E+0	0.000000E+0	0.000000E+0	3.212357E-2	1.989496E-2	1.186404E-2	1.068077E-2
0.000000E+0	0.000000E+0	0.000000E+0	0.000000E+0	3.204897E-2	1.963858E-2	1.175697E-2	1.061646E-2
0.000000E+0	0.000000E+0	0.000000E+0	0.000000E+0	3.176121E-2	1.932878E-2	1.171414E-2	1.046641E-2
0.000000E+0	0.000000E+0	0.000000E+0	0.000000E+0	3.101519E-2	1.911513E-2	1.162848E-2	1.029492E-2
0.000000E+0	0.000000E+0	0.000000E+0	0.000000E+0	3.099388E-2	1.886943E-2	1.148928E-2	1.011271E-2
0.000000E+0	0.000000E+0	0.000000E+0	0.000000E+0	3.081270E-2	1.860236E-2	1.112523E-2	9.855476E-3
0.000000E+0	0.000000E+0	0.000000E+0	0.000000E+0	2.998142E-2	1.837802E-2	1.095392E-2	9.748296E-3
0.000000E+0	0.000000E+0	0.000000E+0	0.000000E+0	2.992813E-2	1.822846E-2	1.085755E-2	9.662551E-3
0.000000E+0	0.000000E+0	0.000000E+0	0.000000E+0	2.977893E-2	1.801481E-2	1.073977E-2	9.651833E-3
0.000000E+0	0.000000E+0	0.000000E+0	0.000000E+0	2.886239E-2	1.774774E-2	1.067553E-2	9.576807E-3
0.000000E+0	0.000000E+0	0.000000E+0	0.000000E+0	2.886239E-2	1.749136E-2	1.066482E-2	9.480344E-3
0.000000E+0	0.000000E+0	0.000000E+0	0.000000E+0	2.874516E-2	1.733112E-2	1.056845E-2	9.394600E-3
0.000000E+0	0.000000E+0	0.000000E+0	0.000000E+0	2.793519E-2	1.717088E-2	1.050421E-2	9.137367E-3
0.000000E+0	0.000000E+0	0.000000E+0	0.000000E+0	2.780730E-2	1.693586E-2	1.033289E-2	8.976595E-3
0.000000E+0	0.000000E+0	0.000000E+0	0.000000E+0	2.777533E-2	1.666879E-2	1.004380E-2	8.794389E-3
0.000000E+0	0.000000E+0	0.000000E+0	0.000000E+0	2.713589E-2	1.642309E-2	9.818941E-3	8.697926E-3
0.000000E+0	0.000000E+0	0.000000E+0	0.000000E+0	2.674156E-2	1.622012E-2	9.701161E-3	8.601463E-3
0.000000E+0	0.000000E+0	0.000000E+0	0.000000E+0	2.673090E-2	1.610261E-2	9.647625E-3	8.590746E-3
0.000000E+0	0.000000E+0	0.000000E+0	0.000000E+0	2.664565E-2	1.599578E-2	9.583380E-3	8.580028E-3
0.000000E+0	0.000000E+0	0.000000E+0	0.000000E+0	2.583568E-2	1.573940E-2	9.583380E-3	8.569309E-3
0.000000E+0	0.000000E+0	0.000000E+0	0.000000E+0	2.566516E-2	1.548301E-2	9.487014E-3	8.515719E-3
0.000000E+0	0.000000E+0	0.000000E+0	0.000000E+0	2.566516E-2	1.524799E-2	9.454893E-3	8.354949E-3
0.000000E+0	0.000000E+0	0.000000E+0	0.000000E+0	2.531346E-2	1.510912E-2	9.262160E-3	8.301359E-3
0.000000E+0	0.000000E+0	0.000000E+0	0.000000E+0	2.462073E-2	1.502366E-2	9.112258E-3	8.086997E-3
0.000000E+0	0.000000E+0	0.000000E+0	0.000000E+0	2.459942E-2	1.493819E-2	8.887405E-3	7.904790E-3
0.000000E+0	0.000000E+0	0.000000E+0	0.000000E+0	2.457810E-2	1.466044E-2	8.748209E-3	7.722584E-3
0.000000E+0	0.000000E+0	0.000000E+0	0.000000E+0	2.419443E-2	1.445747E-2	8.598307E-3	7.690429E-3
0.000000E+0	0.000000E+0	0.000000E+0	0.000000E+0	2.359762E-2	1.423314E-2	8.555477E-3	7.626121E-3
0.000000E+0	0.000000E+0	0.000000E+0	0.000000E+0	2.353367E-2	1.404085E-2	8.512648E-3	7.551095E-3
0.000000E+0	0.000000E+0	0.000000E+0	0.000000E+0	2.350170E-2	1.397675E-2	8.512648E-3	7.540376E-3
0.000000E+0	0.000000E+0	0.000000E+0	0.000000E+0	2.326724E-2	1.394470E-2	8.512648E-3	7.508222E-3
0.000000E+0	0.000000E+0	0.000000E+0	0.000000E+0	2.257450E-2	1.382719E-2	8.491234E-3	7.508222E-3
0.000000E+0	0.000000E+0	0.000000E+0	0.000000E+0	2.246793E-2	1.365627E-2	8.448404E-3	7.486786E-3
0.000000E+0	0.000000E+0	0.000000E+0	0.000000E+0	2.246793E-2	1.341057E-2	8.384161E-3	7.411760E-3
0.000000E+0	0.000000E+0	0.000000E+0	0.000000E+0	2.238267E-2	1.321828E-2	8.266380E-3	7.293861E-3
0.000000E+0	0.000000E+0	0.000000E+0	0.000000E+0	2.195637E-2	1.297258E-2	7.966575E-3	7.261707E-3
0.000000E+0	0.000000E+0	0.000000E+0	0.000000E+0	2.144482E-2	1.295121E-2	7.816672E-3	7.058064E-3
0.000000E+0	0.000000E+0	0.000000E+0	0.000000E+0	2.140219E-2	1.285507E-2	7.698892E-3	6.908011E-3
0.000000E+0	0.000000E+0	0.000000E+0	0.000000E+0	2.140219E-2	1.272688E-2	7.591818E-3	6.811549E-3
0.000000E+0	0.000000E+0	0.000000E+0	0.000000E+0	2.107180E-2	1.250254E-2	7.495453E-3	6.693650E-3
0.000000E+0	0.000000E+0	0.000000E+0	0.000000E+0	2.049630E-2	1.232093E-2	7.474038E-3	6.554315E-3
0.000000E+0	0.000000E+0	0.000000E+0	0.000000E+0	2.033644E-2	1.204318E-2	7.441916E-3	6.543598E-3
0.000000E+0	0.000000E+0	0.000000E+0	0.000000E+0	2.033644E-2	1.192567E-2	7.441916E-3	6.468571E-3
0.000000E+0	0.000000E+0	0.000000E+0	0.000000E+0	2.031513E-2	1.187226E-2	7.441916E-3	6.479289E-3
0.000000E+0	0.000000E+0	0.000000E+0	0.000000E+0	1.999540E-2	1.181885E-2	7.431209E-3	6.457853E-3
0.000000E+0	0.000000E+0	0.000000E+0	0.000000E+0	1.950516E-2	1.180817E-2	7.420501E-3	6.436417E-3
0.000000E+0	0.000000E+0	0.000000E+0	0.000000E+0	1.928136E-2	1.172270E-2	7.356257E-3	6.436417E-3
0.000000E+0	0.000000E+0	0.000000E+0	0.000000E+0	1.927070E-2	1.151973E-2	7.217062E-3	6.436417E-3
0.000000E+0	0.000000E+0	0.000000E+0	0.000000E+0	1.924938E-2	1.126335E-2	7.131404E-3	6.436417E-3
0.000000E+0	0.000000E+0	0.000000E+0	0.000000E+0	1.905755E-2	1.108174E-2	6.970794E-3	6.436417E-3
0.000000E+0	0.000000E+0	0.000000E+0	0.000000E+0	1.854599E-2	1.097492E-2	6.853013E-3	6.425699E-3
0.000000E+0	0.000000E+0	0.000000E+0	0.000000E+0	1.822627E-2	1.085741E-2	6.756647E-3	6.382827E-3
0.000000E+0	0.000000E+0	0.000000E+0	0.000000E+0	1.820496E-2	1.078263E-2	6.563915E-3	6.318518E-3
0.000000E+0	0.000000E+0	0.000000E+0	0.000000E+0	1.820496E-2	1.076126E-2	6.478257E-3	6.275646E-3
0.000000E+0	0.000000E+0	0.000000E+0	0.000000E+0	1.817298E-2	1.072921E-2	6.467550E-3	6.136311E-3
0.000000E+0	0.000000E+0	0.000000E+0	0.000000E+0	1.798115E-2	1.065443E-2	6.424720E-3	6.018413E-3
0.000000E+0	0.000000E+0	0.000000E+0	0.000000E+0	1.744828E-2	1.049419E-2	6.371184E-3	5.836206E-3
0.000000E+0	0.000000E+0	0.000000E+0	0.000000E+0	1.716053E-2	1.030191E-2	6.392598E-3	5.836206E-3
0.000000E+0	0.000000E+0	0.000000E+0	0.000000E+0	1.713921E-2	1.007757E-2	6.381891E-3	5.675435E-3
0.000000E+0	0.000000E+0	0.000000E+0	0.000000E+0	1.713921E-2	9.906646E-3	6.371184E-3	5.632563E-3
0.000000E+0	0.000000E+0	0.000000E+0	0.000000E+0	1.712855E-2	9.821184E-3	6.371184E-3	5.514664E-3
0.000000E+0	0.000000E+0	0.000000E+0	0.000000E+0	1.694738E-2	9.714358E-3	6.371184E-3	5.471792E-3
0.000000E+0	0.000000E+0	0.000000E+0	0.000000E+0	1.637188E-2	9.703674E-3	6.371184E-3	5.461074E-3
0.000000E+0	0.000000E+0	0.000000E+0	0.000000E+0	1.613741E-2	9.703674E-3	6.349769E-3	5.407484E-3
0.000000E+0	0.000000E+0	0.000000E+0	0.000000E+0	1.607347E-2	9.692992E-3	6.360476E-3	5.375329E-3
0.000000E+0	0.000000E+0	0.000000E+0	0.000000E+0	1.607347E-2	9.682310E-3	6.328355E-3	5.375329E-3
0.000000E+0	0.000000E+0	0.000000E+0	0.000000E+0	1.607347E-2	9.564800E-3	6.274818E-3	5.375329E-3
0.000000E+0	0.000000E+0	0.000000E+0	0.000000E+0	1.599887E-2	9.393876E-3	6.242696E-3	5.364612E-3
0.000000E+0	0.000000E+0	0.000000E+0	0.000000E+0	1.571111E-2	9.319098E-3	6.157037E-3	5.353894E-3
0.000000E+0	0.000000E+0	0.000000E+0	0.000000E+0	1.528482E-2	9.073396E-3	6.092793E-3	5.364612E-3
0.000000E+0	0.000000E+0	0.000000E+0	0.000000E+0	1.508233E-2	8.923838E-3	5.900062E-3	5.311021E-3
0.000000E+0	0.000000E+0	0.000000E+0	0.000000E+0	1.501838E-2	8.806328E-3	5.814403E-3	5.300303E-3
0.000000E+0	0.000000E+0	0.000000E+0	0.000000E+0	1.500772E-2	8.720867E-3	5.632379E-3	5.257431E-3
0.000000E+0	0.000000E+0	0.000000E+0	0.000000E+0	1.500772E-2	8.656771E-3	5.610964E-3	5.171686E-3
0.000000E+0	0.000000E+0	0.000000E+0	0.000000E+0	1.496509E-2	8.667453E-3	5.461061E-3	5.150251E-3
0.000000E+0	0.000000E+0	0.000000E+0	0.000000E+0	1.473063E-2	8.635405E-3	5.450354E-3	5.096660E-3
0.000000E+0	0.000000E+0	0.000000E+0	0.000000E+0	1.437894E-2	8.614040E-3	5.418232E-3	5.000198E-3
0.000000E+0	0.000000E+0	0.000000E+0	0.000000E+0	1.408053E-2	8.592675E-3	5.386110E-3	4.871581E-3
0.000000E+0	0.000000E+0	0.000000E+0	0.000000E+0	1.395264E-2	8.581992E-3	5.353988E-3	4.764400E-3
0.000000E+0	0.000000E+0	0.000000E+0	0.000000E+0	1.394198E-2	8.464483E-3	5.343281E-3	4.710810E-3
0.000000E+0	0.000000E+0	0.000000E+0	0.000000E+0	1.394198E-2	8.218780E-3	5.300452E-3	4.625066E-3
0.000000E+0	0.000000E+0	0.000000E+0	0.000000E+0	1.394198E-2	8.047857E-3	5.300452E-3	4.539321E-3
0.000000E+0	0.000000E+0	0.000000E+0	0.000000E+0	1.393132E-2	8.005126E-3	5.279037E-3	4.528604E-3
0.000000E+0	0.000000E+0	0.000000E+0	0.000000E+0	1.381409E-2	7.823521E-3	5.300452E-3	4.442859E-3
0.000000E+0	0.000000E+0	0.000000E+0	0.000000E+0	1.361160E-2	7.609867E-3	5.300452E-3	4.442859E-3
0.000000E+0	0.000000E+0	0.000000E+0	0.000000E+0	1.324925E-2	7.599184E-3	5.300452E-3	4.357114E-3
0.000000E+0	0.000000E+0	0.000000E+0	0.000000E+0	1.297215E-2	7.599184E-3	5.257622E-3	4.346396E-3
0.000000E+0	0.000000E+0	0.000000E+0	0.000000E+0	1.289755E-2	7.577819E-3	5.225500E-3	4.346396E-3
0.000000E+0	0.000000E+0	0.000000E+0	0.000000E+0	1.287624E-2	7.567136E-3	5.268329E-3	4.314242E-3
0.000000E+0	0.000000E+0	0.000000E+0	0.000000E+0	1.287624E-2	7.567136E-3	5.204086E-3	4.324961E-3
0.000000E+0	0.000000E+0	0.000000E+0	0.000000E+0	1.287624E-2	7.567136E-3	5.150549E-3	4.292806E-3
0.000000E+0	0.000000E+0	0.000000E+0	0.000000E+0	1.275900E-2	7.545771E-3	5.107719E-3	4.303524E-3
0.000000E+0	0.000000E+0	0.000000E+0	0.000000E+0	1.264177E-2	7.524406E-3	5.011354E-3	4.292806E-3
0.000000E+0	0.000000E+0	0.000000E+0	0.000000E+0	1.233271E-2	7.492357E-3	4.807915E-3	4.292806E-3
0.000000E+0	0.000000E+0	0.000000E+0	0.000000E+0	1.194904E-2	7.364165E-3	4.807915E-3	4.292806E-3
0.000000E+0	0.000000E+0	0.000000E+0	0.000000E+0	1.189575E-2	7.300069E-3	4.679427E-3	4.292806E-3
0.000000E+0	0.000000E+0	0.000000E+0	0.000000E+0	1.184247E-2	7.129146E-3	4.658012E-3	4.292806E-3
0.000000E+0	0.000000E+0	0.000000E+0	0.000000E+0	1.181049E-2	7.043684E-3	4.572353E-3	4.292806E-3
0.000000E+0	0.000000E+0	0.000000E+0	0.000000E+0	1.181049E-2	6.915492E-3	4.518817E-3	4.292806E-3
0.000000E+0	0.000000E+0	0.000000E+0	0.000000E+0	1.181049E-2	6.712521E-3	4.390329E-3	4.282088E-3
0.000000E+0	0.000000E+0	0.000000E+0	0.000000E+0	1.179984E-2	6.605694E-3	4.379622E-3	4.282088E-3
0.000000E+0	0.000000E+0	0.000000E+0	0.000000E+0	1.171458E-2	6.584329E-3	4.358207E-3	4.282088E-3
0.000000E+0	0.000000E+0	0.000000E+0	0.000000E+0	1.167195E-2	6.530915E-3	4.347500E-3	4.282088E-3
0.000000E+0	0.000000E+0	0.000000E+0	0.000000E+0	1.136288E-2	6.520232E-3	4.293963E-3	4.282088E-3
0.000000E+0	0.000000E+0	0.000000E+0	0.000000E+0	1.108579E-2	6.498867E-3	4.283256E-3	4.260652E-3
0.000000E+0	0.000000E+0	0.000000E+0	0.000000E+0	1.089395E-2	6.498867E-3	4.261841E-3	4.249934E-3
0.000000E+0	0.000000E+0	0.000000E+0	0.000000E+0	1.075541E-2	6.498867E-3	4.251134E-3	4.153471E-3
0.000000E+0	0.000000E+0	0.000000E+0	0.000000E+0	1.074475E-2	6.488184E-3	4.229719E-3	4.142753E-3
0.000000E+0	0.000000E+0	0.000000E+0	0.000000E+0	1.074475E-2	6.498867E-3	4.240427E-3	4.089163E-3
0.000000E+0	0.000000E+0	0.000000E+0	0.000000E+0	1.074475E-2	6.498867E-3	4.240427E-3	4.121318E-3
0.000000E+0	0.000000E+0	0.000000E+0	0.000000E+0	1.074475E-2	6.477502E-3	4.229719E-3	4.014137E-3
0.000000E+0	0.000000E+0	0.000000E+0	0.000000E+0	1.073409E-2	6.456136E-3	4.240427E-3	4.035573E-3
0.000000E+0	0.000000E+0	0.000000E+0	0.000000E+0	1.073409E-2	6.434771E-3	4.229719E-3	3.885520E-3
0.000000E+0	0.000000E+0	0.000000E+0	0.000000E+0	1.062752E-2	6.349309E-3	4.229719E-3	3.853366E-3
0.000000E+0	0.000000E+0	0.000000E+0	0.000000E+0	1.046766E-2	6.231800E-3	4.229719E-3	3.778340E-3
0.000000E+0	0.000000E+0	0.000000E+0	0.000000E+0	1.021188E-2	6.135656E-3	4.240427E-3	3.746185E-3
0.000000E+0	0.000000E+0	0.000000E+0	0.000000E+0	1.000939E-2	6.050194E-3	4.229719E-3	3.692595E-3
0.000000E+0	0.000000E+0	0.000000E+0	0.000000E+0	9.838867E-3	5.889954E-3	4.229719E-3	3.542542E-3
0.000000E+0	0.000000E+0	0.000000E+0	0.000000E+0	9.710978E-3	5.793809E-3	4.219012E-3	3.596133E-3
0.000000E+0	0.000000E+0	0.000000E+0	0.000000E+0	9.679005E-3	5.751078E-3	4.229719E-3	3.531824E-3
0.000000E+0	0.000000E+0	0.000000E+0	0.000000E+0	9.679005E-3	5.569472E-3	4.229719E-3	3.521106E-3
0.000000E+0	0.000000E+0	0.000000E+0	0.000000E+0	9.679005E-3	5.526742E-3	4.219012E-3	3.424644E-3
0.000000E+0	0.000000E+0	0.000000E+0	0.000000E+0	9.679005E-3	5.473328E-3	4.208304E-3	3.488952E-3
0.000000E+0	0.000000E+0	0.000000E+0	0.000000E+0	9.679005E-3	5.462646E-3	4.176183E-3	3.403208E-3
0.000000E+0	0.000000E+0	0.000000E+0	0.000000E+0	9.679005E-3	5.441280E-3	4.154768E-3	3.381772E-3
0.000000E+0	0.000000E+0	0.000000E+0	0.000000E+0	9.679005E-3	5.430598E-3	4.197597E-3	3.360335E-3
0.000000E+0	0.000000E+0	0.000000E+0	0.000000E+0	9.593746E-3	5.441280E-3	4.176183E-3	3.317463E-3
0.000000E+0	0.000000E+0	0.000000E+0	0.000000E+0	9.583089E-3	5.430598E-3	4.069109E-3	3.317463E-3
0.000000E+0	0.000000E+0	0.000000E+0	0.000000E+0	9.327310E-3	5.430598E-3	4.069109E-3	3.306745E-3
0.000000E+0	0.000000E+0	0.000000E+0	0.000000E+0	9.188764E-3	5.430598E-3	4.036987E-3	3.317463E-3
0.000000E+0	0.000000E+0	0.000000E+0	0.000000E+0	8.943642E-3	5.430598E-3	4.015573E-3	3.296027E-3
0.000000E+0	0.000000E+0	0.000000E+0	0.000000E+0	8.783781E-3	5.430598E-3	3.994158E-3	3.242437E-3
0.000000E+0	0.000000E+0	0.000000E+0	0.000000E+0	8.666549E-3	5.430598E-3	3.887085E-3	3.242437E-3
0.000000E+0	0.000000E+0	0.000000E+0	0.000000E+0	8.677206E-3	5.430598E-3	3.865670E-3	3.231719E-3
0.000000E+0	0.000000E+0	0.000000E+0	0.000000E+0	8.645234E-3	5.419915E-3	3.854963E-3	3.242437E-3
0.000000E+0	0.000000E+0	0.000000E+0	0.000000E+0	8.613261E-3	5.430598E-3	3.758597E-3	3.242437E-3
0.000000E+0	0.000000E+0	0.000000E+0	0.000000E+0	8.613261E-3	5.419915E-3	3.672939E-3	3.221001E-3
0.000000E+0	0.000000E+0	0.000000E+0	0.000000E+0	8.613261E-3	5.409232E-3	3.662231E-3	3.231719E-3
0.000000E+0	0.000000E+0	0.000000E+0	0.000000E+0	8.613261E-3	5.387867E-3	3.705060E-3	3.231719E-3
0.000000E+0	0.000000E+0	0.000000E+0	0.000000E+0	8.613261E-3	5.366501E-3	3.555158E-3	3.221001E-3
0.000000E+0	0.000000E+0	0.000000E+0	0.000000E+0	8.602604E-3	5.377184E-3	3.490914E-3	3.221001E-3
0.000000E+0	0.000000E+0	0.000000E+0	0.000000E+0	8.496030E-3	5.291723E-3	3.533743E-3	3.210283E-3
0.000000E+0	0.000000E+0	0.000000E+0	0.000000E+0	8.464058E-3	5.248992E-3	3.458792E-3	3.221001E-3
0.000000E+0	0.000000E+0	0.000000E+0	0.000000E+0	8.325511E-3	5.195579E-3	3.373133E-3	3.221001E-3
0.000000E+0	0.000000E+0	0.000000E+0	0.000000E+0	8.250909E-3	5.152848E-3	3.362426E-3	3.221001E-3
0.000000E+0	0.000000E+0	0.000000E+0	0.000000E+0	8.037760E-3	5.013973E-3	3.341011E-3	3.210283E-3
0.000000E+0	0.000000E+0	0.000000E+0	0.000000E+0	7.877898E-3	4.949877E-3	3.308889E-3	3.221001E-3
0.000000E+0	0.000000E+0	0.000000E+0	0.000000E+0	7.664750E-3	4.917828E-3	3.308889E-3	3.210283E-3
0.000000E+0	0.000000E+0	0.000000E+0	0.000000E+0	7.611463E-3	4.650761E-3	3.276767E-3	3.221001E-3
0.000000E+0	0.000000E+0	0.000000E+0	0.000000E+0	7.600805E-3	4.682809E-3	3.223231E-3	3.210283E-3
0.000000E+0	0.000000E+0	0.000000E+0	0.000000E+0	7.558176E-3	4.554617E-3	3.255353E-3	3.199565E-3
0.000000E+0	0.000000E+0	0.000000E+0	0.000000E+0	7.568833E-3	4.501203E-3	3.244646E-3	3.199565E-3
0.000000E+0	0.000000E+0	0.000000E+0	0.000000E+0	7.547518E-3	4.458473E-3	3.201816E-3	3.135256E-3
0.000000E+0	0.000000E+0	0.000000E+0	0.000000E+0	7.547518E-3	4.426424E-3	3.191109E-3	3.188847E-3
0.000000E+0	0.000000E+0	0.000000E+0	0.000000E+0	7.547518E-3	4.437107E-3	3.212524E-3	3.135256E-3
0.000000E+0	0.000000E+0	0.000000E+0	0.000000E+0	7.547518E-3	4.394376E-3	3.191109E-3	3.145974E-3
0.000000E+0	0.000000E+0	0.000000E+0	0.000000E+0	7.547518E-3	4.383693E-3	3.201816E-3	3.081666E-3
0.000000E+0	0.000000E+0	0.000000E+0	0.000000E+0	7.547518E-3	4.373011E-3	3.201816E-3	3.103102E-3
0.000000E+0	0.000000E+0	0.000000E+0	0.000000E+0	7.536861E-3	4.373011E-3	3.191109E-3	3.081666E-3
0.000000E+0	0.000000E+0	0.000000E+0	0.000000E+0	7.526204E-3	4.373011E-3	3.180402E-3	3.060230E-3
0.000000E+0	0.000000E+0	0.000000E+0	0.000000E+0	7.494231E-3	4.362328E-3	3.169694E-3	2.963768E-3
0.000000E+0	0.000000E+0	0.000000E+0	0.000000E+0	7.472916E-3	4.362328E-3	3.180402E-3	3.017358E-3
0.000000E+0	0.000000E+0	0.000000E+0	0.000000E+0	7.334369E-3	4.362328E-3	3.180402E-3	2.910177E-3
0.000000E+0	0.000000E+0	0.000000E+0	0.000000E+0	7.259768E-3	4.362328E-3	3.169694E-3	2.985204E-3
0.000000E+0	0.000000E+0	0.000000E+0	0.000000E+0	7.153193E-3	4.362328E-3	3.158987E-3	2.920895E-3
0.000000E+0	0.000000E+0	0.000000E+0	0.000000E+0	7.003989E-3	4.362328E-3	3.158987E-3	2.867305E-3
0.000000E+0	0.000000E+0	0.000000E+0	0.000000E+0	6.908072E-3	4.362328E-3	3.158987E-3	2.835151E-3
0.000000E+0	0.000000E+0	0.000000E+0	0.000000E+0	6.726895E-3	4.351646E-3	3.169694E-3	2.760124E-3
0.000000E+0	0.000000E+0	0.000000E+0	0.000000E+0	6.662951E-3	4.351646E-3	3.158987E-3	2.792279E-3
0.000000E+0	0.000000E+0	0.000000E+0	0.000000E+0	6.588349E-3	4.351646E-3	3.148280E-3	2.663662E-3
0.000000E+0	0.000000E+0	0.000000E+0	0.000000E+0	6.535062E-3	4.351646E-3	3.158987E-3	2.749406E-3
0.000000E+0	0.000000E+0	0.000000E+0	0.000000E+0	6.492432E-3	4.287549E-3	3.158987E-3	2.674380E-3
0.000000E+0	0.000000E+0	0.000000E+0	0.000000E+0	6.492432E-3	4.287549E-3	3.148280E-3	2.674380E-3
0.000000E+0	0.000000E+0	0.000000E+0	0.000000E+0	6.481775E-3	4.276867E-3	3.158987E-3	2.631508E-3
0.000000E+0	0.000000E+0	0.000000E+0	0.000000E+0	6.481775E-3	4.202088E-3	3.126865E-3	2.642226E-3
0.000000E+0	0.000000E+0	0.000000E+0	0.000000E+0	6.481775E-3	4.191405E-3	3.116158E-3	2.545764E-3
0.000000E+0	0.000000E+0	0.000000E+0	0.000000E+0	6.481775E-3	4.159357E-3	3.148280E-3	2.502891E-3
0.000000E+0	0.000000E+0	0.000000E+0	0.000000E+0	6.481775E-3	4.137992E-3	3.137572E-3	2.513609E-3
0.000000E+0	0.000000E+0	0.000000E+0	0.000000E+0	6.481775E-3	3.999117E-3	3.148280E-3	2.417147E-3
0.000000E+0	0.000000E+0	0.000000E+0	0.000000E+0	6.481775E-3	3.956386E-3	3.116158E-3	2.438583E-3
0.000000E+0	0.000000E+0	0.000000E+0	0.000000E+0	6.471117E-3	3.817511E-3	3.137572E-3	2.460019E-3
0.000000E+0	0.000000E+0	0.000000E+0	0.000000E+0	6.481775E-3	3.774780E-3	3.105450E-3	2.449301E-3
0.000000E+0	0.000000E+0	0.000000E+0	0.000000E+0	6.471117E-3	3.849559E-3	3.062621E-3	2.363557E-3
0.000000E+0	0.000000E+0	0.000000E+0	0.000000E+0	6.449802E-3	3.689319E-3	3.094743E-3	2.384993E-3
0.000000E+0	0.000000E+0	0.000000E+0	0.000000E+0	6.428487E-3	3.710684E-3	3.062621E-3	2.427865E-3
0.000000E+0	0.000000E+0	0.000000E+0	0.000000E+0	6.407172E-3	3.603857E-3	3.073328E-3	2.352838E-3
0.000000E+0	0.000000E+0	0.000000E+0	0.000000E+0	6.332570E-3	3.518396E-3	3.019792E-3	2.256376E-3
0.000000E+0	0.000000E+0	0.000000E+0	0.000000E+0	6.289941E-3	3.486347E-3	3.041206E-3	2.320684E-3
0.000000E+0	0.000000E+0	0.000000E+0	0.000000E+0	6.130079E-3	3.443617E-3	3.019792E-3	2.363557E-3
0.000000E+0	0.000000E+0	0.000000E+0	0.000000E+0	6.012847E-3	3.390203E-3	2.976963E-3	2.277812E-3
0.000000E+0	0.000000E+0	0.000000E+0	0.000000E+0	5.906273E-3	3.400886E-3	2.976963E-3	2.320684E-3
0.000000E+0	0.000000E+0	0.000000E+0	0.000000E+0	5.799699E-3	3.368838E-3	2.966255E-3	2.288530E-3
0.000000E+0	0.000000E+0	0.000000E+0	0.000000E+0	5.629180E-3	3.358155E-3	2.934133E-3	2.288530E-3
0.000000E+0	0.000000E+0	0.000000E+0	0.000000E+0	5.682467E-3	3.326107E-3	2.869889E-3	2.234940E-3
0.000000E+0	0.000000E+0	0.000000E+0	0.000000E+0	5.575893E-3	3.326107E-3	2.816353E-3	2.234940E-3
0.000000E+0	0.000000E+0	0.000000E+0	0.000000E+0	5.511948E-3	3.326107E-3	2.837767E-3	2.277812E-3
0.000000E+0	0.000000E+0	0.000000E+0	0.000000E+0	5.469318E-3	3.304742E-3	2.773523E-3	2.234940E-3
0.000000E+0	0.000000E+0	0.000000E+0	0.000000E+0	5.426688E-3	3.315424E-3	2.773523E-3	2.192068E-3
0.000000E+0	0.000000E+0	0.000000E+0	0.000000E+0	5.437346E-3	3.326107E-3	2.730694E-3	2.181350E-3
0.000000E+0	0.000000E+0	0.000000E+0	0.000000E+0	5.426688E-3	3.294059E-3	2.730694E-3	2.213504E-3
0.000000E+0	0.000000E+0	0.000000E+0	0.000000E+0	5.426688E-3	3.294059E-3	2.623621E-3	2.181350E-3
0.000000E+0	0.000000E+0	0.000000E+0	0.000000E+0	5.416031E-3	3.294059E-3	2.698572E-3	2.202786E-3
0.000000E+0	0.000000E+0	0.000000E+0	0.000000E+0	5.416031E-3	3.294059E-3	2.602206E-3	2.192068E-3
0.000000E+0	0.000000E+0	0.000000E+0	0.000000E+0	5.416031E-3	3.294059E-3	2.548670E-3	2.170631E-3
0.000000E+0	0.000000E+0	0.000000E+0	0.000000E+0	5.416031E-3	3.294059E-3	2.537962E-3	2.170631E-3
0.000000E+0	0.000000E+0	0.000000E+0	0.000000E+0	5.416031E-3	3.294059E-3	2.537962E-3	2.170631E-3
0.000000E+0	0.000000E+0	0.000000E+0	0.000000E+0	5.416031E-3	3.294059E-3	2.602206E-3	2.159914E-3
0.000000E+0	0.000000E+0	0.000000E+0	0.000000E+0	5.416031E-3	3.294059E-3	2.484426E-3	2.170631E-3
0.000000E+0	0.000000E+0	0.000000E+0	0.000000E+0	5.416031E-3	3.294059E-3	2.473718E-3	2.159914E-3
0.000000E+0	0.000000E+0	0.000000E+0	0.000000E+0	5.416031E-3	3.294059E-3	2.505840E-3	2.159914E-3
0.000000E+0	0.000000E+0	0.000000E+0	0.000000E+0	5.416031E-3	3.294059E-3	2.430889E-3	2.159914E-3
0.000000E+0	0.000000E+0	0.000000E+0	0.000000E+0	5.405373E-3	3.294059E-3	2.441596E-3	2.159914E-3
0.000000E+0	0.000000E+0	0.000000E+0	0.000000E+0	5.416031E-3	3.294059E-3	2.409474E-3	2.170631E-3
0.000000E+0	0.000000E+0	0.000000E+0	0.000000E+0	5.416031E-3	3.294059E-3	2.398767E-3	2.159914E-3
0.000000E+0	0.000000E+0	0.000000E+0	0.000000E+0	5.416031E-3	3.294059E-3	2.366645E-3	2.159914E-3
0.000000E+0	0.000000E+0	0.000000E+0	0.000000E+0	5.416031E-3	3.294059E-3	2.409474E-3	2.170631E-3
0.000000E+0	0.000000E+0	0.000000E+0	0.000000E+0	5.394716E-3	3.294059E-3	2.334523E-3	2.149195E-3
0.000000E+0	0.000000E+0	0.000000E+0	0.000000E+0	5.373401E-3	3.294059E-3	2.334523E-3	2.149195E-3
0.000000E+0	0.000000E+0	0.000000E+0	0.000000E+0	5.405373E-3	3.283376E-3	2.366645E-3	2.149195E-3
0.000000E+0	0.000000E+0	0.000000E+0	0.000000E+0	5.384059E-3	3.283376E-3	2.345230E-3	2.149195E-3
0.000000E+0	0.000000E+0	0.000000E+0	0.000000E+0	5.362744E-3	3.283376E-3	2.302401E-3	2.149195E-3
0.000000E+0	0.000000E+0	0.000000E+0	0.000000E+0	5.309456E-3	3.294059E-3	2.227450E-3	2.149195E-3
0.000000E+0	0.000000E+0	0.000000E+0	0.000000E+0	5.266827E-3	3.283376E-3	2.313108E-3	2.149195E-3
0.000000E+0	0.000000E+0	0.000000E+0	0.000000E+0	5.192225E-3	3.272694E-3	2.216743E-3	2.149195E-3
0.000000E+0	0.000000E+0	0.000000E+0	0.000000E+0	5.160253E-3	3.283376E-3	2.238157E-3	2.149195E-3
0.000000E+0	0.000000E+0	0.000000E+0	0.000000E+0	5.106965E-3	3.251328E-3	2.216743E-3	2.149195E-3
0.000000E+0	0.000000E+0	0.000000E+0	0.000000E+0	5.011048E-3	3.251328E-3	2.184621E-3	2.149195E-3
0.000000E+0	0.000000E+0	0.000000E+0	0.000000E+0	4.947104E-3	3.262011E-3	2.206035E-3	2.149195E-3
0.000000E+0	0.000000E+0	0.000000E+0	0.000000E+0	4.883159E-3	3.283376E-3	2.195328E-3	2.149195E-3
0.000000E+0	0.000000E+0	0.000000E+0	0.000000E+0	4.733955E-3	3.272694E-3	2.163206E-3	2.149195E-3
0.000000E+0	0.000000E+0	0.000000E+0	0.000000E+0	4.712640E-3	3.229963E-3	2.163206E-3	2.149195E-3
0.000000E+0	0.000000E+0	0.000000E+0	0.000000E+0	4.659353E-3	3.229963E-3	2.173913E-3	2.149195E-3
0.000000E+0	0.000000E+0	0.000000E+0	0.000000E+0	4.595408E-3	3.197915E-3	2.152499E-3	2.149195E-3
0.000000E+0	0.000000E+0	0.000000E+0	0.000000E+0	4.552778E-3	3.165867E-3	2.184621E-3	2.149195E-3
0.000000E+0	0.000000E+0	0.000000E+0	0.000000E+0	4.510149E-3	3.176549E-3	2.152499E-3	2.149195E-3
0.000000E+0	0.000000E+0	0.000000E+0	0.000000E+0	4.478177E-3	3.123136E-3	2.195328E-3	2.149195E-3
0.000000E+0	0.000000E+0	0.000000E+0	0.000000E+0	4.456861E-3	3.133819E-3	2.109669E-3	2.138477E-3
0.000000E+0	0.000000E+0	0.000000E+0	0.000000E+0	4.414232E-3	3.091088E-3	2.098962E-3	2.149195E-3
0.000000E+0	0.000000E+0	0.000000E+0	0.000000E+0	4.360944E-3	3.069722E-3	2.131084E-3	2.149195E-3
0.000000E+0	0.000000E+0	0.000000E+0	0.000000E+0	4.403574E-3	3.037674E-3	2.131084E-3	2.149195E-3
0.000000E+0	0.000000E+0	0.000000E+0	0.000000E+0	4.392917E-3	3.005626E-3	2.109669E-3	2.149195E-3
0.000000E+0	0.000000E+0	0.000000E+0	0.000000E+0	4.360944E-3	2.984261E-3	2.120377E-3	2.138477E-3
0.000000E+0	0.000000E+0	0.000000E+0	0.000000E+0	4.360944E-3	2.962895E-3	2.120377E-3	2.138477E-3
0.000000E+0	0.000000E+0	0.000000E+0	0.000000E+0	4.350287E-3	2.845386E-3	2.131084E-3	2.138477E-3
0.000000E+0	0.000000E+0	0.000000E+0	0.000000E+0	4.360944E-3	2.856069E-3	2.152499E-3	2.127759E-3
0.000000E+0	0.000000E+0	0.000000E+0	0.000000E+0	4.350287E-3	2.909482E-3	2.088255E-3	2.138477E-3
0.000000E+0	0.000000E+0	0.000000E+0	0.000000E+0	4.350287E-3	2.802655E-3	2.098962E-3	2.138477E-3
0.000000E+0	0.000000E+0	0.000000E+0	0.000000E+0	4.350287E-3	2.770607E-3	2.098962E-3	2.149195E-3
0.000000E+0	0.000000E+0	0.000000E+0	0.000000E+0	4.350287E-3	2.749242E-3	2.098962E-3	2.127759E-3
0.000000E+0	0.000000E+0	0.000000E+0	0.000000E+0	4.350287E-3	2.759924E-3	2.098962E-3	2.127759E-3
0.000000E+0	0.000000E+0	0.000000E+0	0.000000E+0	4.350287E-3	2.599684E-3	2.088255E-3	2.138477E-3
0.000000E+0	0.000000E+0	0.000000E+0	0.000000E+0	4.350287E-3	2.653098E-3	2.098962E-3	2.149195E-3
0.000000E+0	0.000000E+0	0.000000E+0	0.000000E+0	4.339630E-3	2.621049E-3	2.098962E-3	2.127759E-3
0.000000E+0	0.000000E+0	0.000000E+0	0.000000E+0	4.350287E-3	2.631732E-3	2.098962E-3	2.127759E-3
0.000000E+0	0.000000E+0	0.000000E+0	0.000000E+0	4.339630E-3	2.546270E-3	2.088255E-3	2.106323E-3
0.000000E+0	0.000000E+0	0.000000E+0	0.000000E+0	4.350287E-3	2.514222E-3	2.098962E-3	2.127759E-3
0.000000E+0	0.000000E+0	0.000000E+0	0.000000E+0	4.328972E-3	2.439443E-3	2.098962E-3	2.117041E-3
0.000000E+0	0.000000E+0	0.000000E+0	0.000000E+0	4.318315E-3	2.428761E-3	2.098962E-3	2.117041E-3
0.000000E+0	0.000000E+0	0.000000E+0	0.000000E+0	4.328972E-3	2.439443E-3	2.088255E-3	2.106323E-3
0.000000E+0	0.000000E+0	0.000000E+0	0.000000E+0	4.307657E-3	2.428761E-3	2.098962E-3	2.106323E-3
0.000000E+0	0.000000E+0	0.000000E+0	0.000000E+0	4.318315E-3	2.386030E-3	2.098962E-3	2.127759E-3
0.000000E+0	0.000000E+0	0.000000E+0	0.000000E+0	4.265028E-3	2.364665E-3	2.088255E-3	2.063451E-3
0.000000E+0	0.000000E+0	0.000000E+0	0.000000E+0	4.265028E-3	2.353982E-3	2.088255E-3	2.074169E-3
0.000000E+0	0.000000E+0	0.000000E+0	0.000000E+0	4.297000E-3	2.332617E-3	2.088255E-3	2.074169E-3
0.000000E+0	0.000000E+0	0.000000E+0	0.000000E+0	4.233055E-3	2.332617E-3	2.088255E-3	2.106323E-3
0.000000E+0	0.000000E+0	0.000000E+0	0.000000E+0	4.201083E-3	2.321934E-3	2.088255E-3	2.084887E-3
0.000000E+0	0.000000E+0	0.000000E+0	0.000000E+0	4.147796E-3	2.268520E-3	2.098962E-3	2.084887E-3
0.000000E+0	0.000000E+0	0.000000E+0	0.000000E+0	4.083851E-3	2.311251E-3	2.098962E-3	2.095605E-3
0.000000E+0	0.000000E+0	0.000000E+0	0.000000E+0	4.041221E-3	2.300569E-3	2.088255E-3	2.074169E-3
0.000000E+0	0.000000E+0	0.000000E+0	0.000000E+0	4.019907E-3	2.300569E-3	2.088255E-3	2.084887E-3
0.000000E+0	0.000000E+0	0.000000E+0	0.000000E+0	4.019907E-3	2.300569E-3	2.088255E-3	2.084887E-3
0.000000E+0	0.000000E+0	0.000000E+0	0.000000E+0	3.902675E-3	2.279203E-3	2.088255E-3	2.031297E-3
0.000000E+0	0.000000E+0	0.000000E+0	0.000000E+0	3.892017E-3	2.257838E-3	2.098962E-3	2.052733E-3
0.000000E+0	0.000000E+0	0.000000E+0	0.000000E+0	3.785443E-3	2.279203E-3	2.088255E-3	2.031297E-3
0.000000E+0	0.000000E+0	0.000000E+0	0.000000E+0	3.817415E-3	2.225790E-3	2.088255E-3	2.031297E-3
0.000000E+0	0.000000E+0	0.000000E+0	0.000000E+0	3.700183E-3	2.236472E-3	2.077547E-3	1.999143E-3
0.000000E+0	0.000000E+0	0.000000E+0	0.000000E+0	3.668211E-3	2.225790E-3	2.088255E-3	1.977707E-3
0.000000E+0	0.000000E+0	0.000000E+0	0.000000E+0	3.582952E-3	2.257838E-3	2.088255E-3	1.977707E-3
0.000000E+0	0.000000E+0	0.000000E+0	0.000000E+0	3.529665E-3	2.236472E-3	2.088255E-3	1.977707E-3
0.000000E+0	0.000000E+0	0.000000E+0	0.000000E+0	3.529665E-3	2.247155E-3	2.077547E-3	2.031297E-3
0.000000E+0	0.000000E+0	0.000000E+0	0.000000E+0	3.423090E-3	2.236472E-3	2.088255E-3	1.913398E-3
0.000000E+0	0.000000E+0	0.000000E+0	0.000000E+0	3.487035E-3	2.236472E-3	2.088255E-3	2.009861E-3
0.000000E+0	0.000000E+0	0.000000E+0	0.000000E+0	3.391118E-3	2.225790E-3	2.077547E-3	1.945552E-3
0.000000E+0	0.000000E+0	0.000000E+0	0.000000E+0	3.401775E-3	2.247155E-3	2.088255E-3	1.934834E-3
0.000000E+0	0.000000E+0	0.000000E+0	0.000000E+0	3.380460E-3	2.225790E-3	2.088255E-3	1.988425E-3
0.000000E+0	0.000000E+0	0.000000E+0	0.000000E+0	3.337831E-3	2.236472E-3	2.088255E-3	1.849090E-3
0.000000E+0	0.000000E+0	0.000000E+0	0.000000E+0	3.369803E-3	2.236472E-3	2.088255E-3	1.913398E-3
0.000000E+0	0.000000E+0	0.000000E+0	0.000000E+0	3.337831E-3	2.225790E-3	2.088255E-3	1.924116E-3
0.000000E+0	0.000000E+0	0.000000E+0	0.000000E+0	3.327173E-3	2.225790E-3	2.077547E-3	1.827654E-3
0.000000E+0	0.000000E+0	0.000000E+0	0.000000E+0	3.337831E-3	2.225790E-3	2.056133E-3	1.795500E-3
0.000000E+0	0.000000E+0	0.000000E+0	0.000000E+0	3.327173E-3	2.236472E-3	2.056133E-3	1.891962E-3
0.000000E+0	0.000000E+0	0.000000E+0	0.000000E+0	3.295201E-3	2.236472E-3	2.077547E-3	1.806218E-3
0.000000E+0	0.000000E+0	0.000000E+0	0.000000E+0	3.284544E-3	2.225790E-3	2.088255E-3	1.838372E-3
0.000000E+0	0.000000E+0	0.000000E+0	0.000000E+0	3.284544E-3	2.225790E-3	2.077547E-3	1.849090E-3
0.000000E+0	0.000000E+0	0.000000E+0	0.000000E+0	3.295201E-3	2.225790E-3	2.066840E-3	1.816936E-3
0.000000E+0	0.000000E+0	0.000000E+0	0.000000E+0	3.284544E-3	2.225790E-3	2.056133E-3	1.795500E-3
0.000000E+0	0.000000E+0	0.000000E+0	0.000000E+0	3.284544E-3	2.225790E-3	2.077547E-3	1.752627E-3
0.000000E+0	0.000000E+0	0.000000E+0	0.000000E+0	3.305858E-3	2.225790E-3	2.066840E-3	1.784782E-3
0.000000E+0	0.000000E+0	0.000000E+0	0.000000E+0	3.284544E-3	2.225790E-3	2.056133E-3	1.741909E-3
0.000000E+0	0.000000E+0	0.000000E+0	0.000000E+0	3.284544E-3	2.225790E-3	2.088255E-3	1.763345E-3
0.000000E+0	0.000000E+0	0.000000E+0	0.000000E+0	3.284544E-3	2.225790E-3	2.077547E-3	1.720473E-3
0.000000E+0	0.000000E+0	0.000000E+0	0.000000E+0	3.284544E-3	2.215107E-3	2.066840E-3	1.752627E-3
0.000000E+0	0.000000E+0	0.000000E+0	0.000000E+0	3.284544E-3	2.225790E-3	2.066840E-3	1.731191E-3
0.000000E+0	0.000000E+0	0.000000E+0	0.000000E+0	3.284544E-3	2.225790E-3	2.077547E-3	1.666883E-3
0.000000E+0	0.000000E+0	0.000000E+0	0.000000E+0	3.284544E-3	2.204424E-3	2.056133E-3	1.645447E-3
0.000000E+0	0.000000E+0	0.000000E+0	0.000000E+0	3.284544E-3	2.225790E-3	2.056133E-3	1.699037E-3
0.000000E+0	0.000000E+0	0.000000E+0	0.000000E+0	3.284544E-3	2.225790E-3	2.045425E-3	1.741909E-3
0.000000E+0	0.000000E+0	0.000000E+0	0.000000E+0	3.284544E-3	2.215107E-3	2.045425E-3	1.699037E-3
0.000000E+0	0.000000E+0	0.000000E+0	0.000000E+0	3.284544E-3	2.225790E-3	2.045425E-3	1.677601E-3
0.000000E+0	0.000000E+0	0.000000E+0	0.000000E+0	3.284544E-3	2.215107E-3	2.045425E-3	1.645447E-3
0.000000E+0	0.000000E+0	0.000000E+0	0.000000E+0	3.284544E-3	2.225790E-3	2.056133E-3	1.666883E-3
0.000000E+0	0.000000E+0	0.000000E+0	0.000000E+0	3.284544E-3	2.225790E-3	2.056133E-3	1.613293E-3
0.000000E+0	0.000000E+0	0.000000E+0	0.000000E+0	3.284544E-3	2.215107E-3	2.045425E-3	1.559702E-3
0.000000E+0	0.000000E+0	0.000000E+0	0.000000E+0	3.284544E-3	2.215107E-3	2.034718E-3	1.559702E-3
0.000000E+0	0.000000E+0	0.000000E+0	0.000000E+0	3.284544E-3	2.225790E-3	2.034718E-3	1.527548E-3
0.000000E+0	0.000000E+0	0.000000E+0	0.000000E+0	3.284544E-3	2.204424E-3	2.034718E-3	1.506112E-3
0.000000E+0	0.000000E+0	0.000000E+0	0.000000E+0	3.284544E-3	2.204424E-3	2.002596E-3	1.602575E-3
0.000000E+0	0.000000E+0	0.000000E+0	0.000000E+0	3.284544E-3	2.225790E-3	2.013304E-3	1.441804E-3
0.000000E+0	0.000000E+0	0.000000E+0	0.000000E+0	3.284544E-3	2.215107E-3	1.991889E-3	1.538266E-3
0.000000E+0	0.000000E+0	0.000000E+0	0.000000E+0	3.284544E-3	2.183059E-3	2.002596E-3	1.516830E-3
0.000000E+0	0.000000E+0	0.000000E+0	0.000000E+0	3.273886E-3	2.204424E-3	2.034718E-3	1.473958E-3
0.000000E+0	0.000000E+0	0.000000E+0	0.000000E+0	3.284544E-3	2.215107E-3	2.002596E-3	1.473958E-3
0.000000E+0	0.000000E+0	0.000000E+0	0.000000E+0	3.284544E-3	2.193742E-3	1.970474E-3	1.570421E-3
0.000000E+0	0.000000E+0	0.000000E+0	0.000000E+0	3.273886E-3	2.204424E-3	2.002596E-3	1.484676E-3
0.000000E+0	0.000000E+0	0.000000E+0	0.000000E+0	3.273886E-3	2.161694E-3	2.013304E-3	1.388214E-3
0.000000E+0	0.000000E+0	0.000000E+0	0.000000E+0	3.273886E-3	2.183059E-3	2.013304E-3	1.495394E-3
0.000000E+0	0.000000E+0	0.000000E+0	0.000000E+0	3.273886E-3	2.172376E-3	1.938352E-3	1.484676E-3
0.000000E+0	0.000000E+0	0.000000E+0	0.000000E+0	3.273886E-3	2.183059E-3	1.874108E-3	1.409650E-3
0.000000E+0	0.000000E+0	0.000000E+0	0.000000E+0	3.241914E-3	2.161694E-3	1.959767E-3	1.431086E-3
0.000000E+0	0.000000E+0	0.000000E+0	0.000000E+0	3.273886E-3	2.161694E-3	1.981182E-3	1.345341E-3
0.000000E+0	0.000000E+0	0.000000E+0	0.000000E+0	3.252571E-3	2.172376E-3	1.949060E-3	1.366777E-3
0.000000E+0	0.000000E+0	0.000000E+0	0.000000E+0	3.252571E-3	2.161694E-3	1.938352E-3	1.409650E-3
0.000000E+0	0.000000E+0	0.000000E+0	0.000000E+0	3.252571E-3	2.151011E-3	1.949060E-3	1.463240E-3
0.000000E+0	0.000000E+0	0.000000E+0	0.000000E+0	3.220599E-3	2.151011E-3	1.895523E-3	1.345341E-3
0.000000E+0	0.000000E+0	0.000000E+0	0.000000E+0	3.220599E-3	2.129646E-3	2.013304E-3	1.409650E-3
0.000000E+0	0.000000E+0	0.000000E+0	0.000000E+0	3.252571E-3	2.044184E-3	1.884816E-3	1.398932E-3
0.000000E+0	0.000000E+0	0.000000E+0	0.000000E+0	3.241914E-3	2.097597E-3	1.874108E-3	1.313187E-3
0.000000E+0	0.000000E+0	0.000000E+0	0.000000E+0	3.252571E-3	2.065549E-3	1.884816E-3	1.323905E-3
0.000000E+0	0.000000E+0	0.000000E+0	0.000000E+0	3.135339E-3	2.118963E-3	1.906230E-3	1.356059E-3
0.000000E+0	0.000000E+0	0.000000E+0	0.000000E+0	3.209941E-3	2.054867E-3	1.799157E-3	1.323905E-3
0.000000E+0	0.000000E+0	0.000000E+0	0.000000E+0	3.135339E-3	2.076232E-3	1.841986E-3	1.291751E-3
0.000000E+0	0.000000E+0	0.000000E+0	0.000000E+0	3.114024E-3	1.990770E-3	1.831279E-3	1.345341E-3
0.000000E+0	0.000000E+0	0.000000E+0	0.000000E+0	3.177969E-3	2.033501E-3	1.841986E-3	1.302469E-3
0.000000E+0	0.000000E+0	0.000000E+0	0.000000E+0	3.145997E-3	2.065549E-3	1.895523E-3	1.334623E-3
0.000000E+0	0.000000E+0	0.000000E+0	0.000000E+0	3.156654E-3	2.086915E-3	1.831279E-3	1.323905E-3
0.000000E+0	0.000000E+0	0.000000E+0	0.000000E+0	3.082052E-3	1.969405E-3	1.841986E-3	1.334623E-3
0.000000E+0	0.000000E+0	0.000000E+0	0.000000E+0	3.145997E-3	2.001453E-3	1.831279E-3	1.302469E-3
0.000000E+0	0.000000E+0	0.000000E+0	0.000000E+0	3.114024E-3	2.022818E-3	1.745620E-3	1.302469E-3
0.000000E+0	0.000000E+0	0.000000E+0	0.000000E+0	2.975478E-3	1.969405E-3	1.820572E-3	1.281033E-3
0.000000E+0	0.000000E+0	0.000000E+0	0.000000E+0	2.986135E-3	1.926674E-3	1.788450E-3	1.270315E-3
0.000000E+0	0.000000E+0	0.000000E+0	0.000000E+0	2.964820E-3	1.980088E-3	1.681376E-3	1.259597E-3
0.000000E+0	0.000000E+0	0.000000E+0	0.000000E+0	2.975478E-3	1.883944E-3	1.713498E-3	1.323905E-3
0.000000E+0	0.000000E+0	0.000000E+0	0.000000E+0	2.954163E-3	1.777117E-3	1.767035E-3	1.323905E-3
0.000000E+0	0.000000E+0	0.000000E+0	0.000000E+0	2.847589E-3	1.819847E-3	1.627840E-3	1.248879E-3
0.000000E+0	0.000000E+0	0.000000E+0	0.000000E+0	2.900876E-3	1.798482E-3	1.724206E-3	1.238161E-3
0.000000E+0	0.000000E+0	0.000000E+0	0.000000E+0	2.943506E-3	1.862578E-3	1.767035E-3	1.184571E-3
0.000000E+0	0.000000E+0	0.000000E+0	0.000000E+0	2.826274E-3	1.777117E-3	1.692084E-3	1.270315E-3
0.000000E+0	0.000000E+0	0.000000E+0	0.000000E+0	2.762329E-3	1.798482E-3	1.745620E-3	1.259597E-3
0.000000E+0	0.000000E+0	0.000000E+0	0.000000E+0	2.741014E-3	1.787799E-3	1.745620E-3	1.227443E-3
0.000000E+0	0.000000E+0	0.000000E+0	0.000000E+0	2.698384E-3	1.766434E-3	1.734913E-3	1.270315E-3
0.000000E+0	0.000000E+0	0.000000E+0	0.000000E+0	2.741014E-3	1.777117E-3	1.702791E-3	1.248879E-3
0.000000E+0	0.000000E+0	0.000000E+0	0.000000E+0	2.741014E-3	1.734386E-3	1.638547E-3	1.281033E-3
0.000000E+0	0.000000E+0	0.000000E+0	0.000000E+0	2.645097E-3	1.702338E-3	1.638547E-3	1.248879E-3
0.000000E+0	0.000000E+0	0.000000E+0	0.000000E+0	2.655755E-3	1.616876E-3	1.638547E-3	1.184571E-3
0.000000E+0	0.000000E+0	0.000000E+0	0.000000E+0	2.570495E-3	1.691655E-3	1.692084E-3	1.248879E-3
0.000000E+0	0.000000E+0	0.000000E+0	0.000000E+0	2.570495E-3	1.648924E-3	1.585011E-3	1.173852E-3
0.000000E+0	0.000000E+0	0.000000E+0	0.000000E+0	2.527866E-3	1.552780E-3	1.649254E-3	1.206007E-3
0.000000E+0	0.000000E+0	0.000000E+0	0.000000E+0	2.527866E-3	1.680972E-3	1.563596E-3	1.163134E-3
0.000000E+0	0.000000E+0	0.000000E+0	0.000000E+0	2.506551E-3	1.595511E-3	1.595718E-3	1.195289E-3
0.000000E+0	0.000000E+0	0.000000E+0	0.000000E+0	2.431948E-3	1.595511E-3	1.552889E-3	1.173852E-3
0.000000E+0	0.000000E+0	0.000000E+0	0.000000E+0	2.527866E-3	1.584828E-3	1.488645E-3	1.173852E-3
0.000000E+0	0.000000E+0	0.000000E+0	0.000000E+0	2.421291E-3	1.478001E-3	1.606425E-3	1.163134E-3
0.000000E+0	0.000000E+0	0.000000E+0	0.000000E+0	2.474578E-3	1.616876E-3	1.542181E-3	1.195289E-3
0.000000E+0	0.000000E+0	0.000000E+0	0.000000E+0	2.410634E-3	1.488684E-3	1.510059E-3	1.248879E-3
0.000000E+0	0.000000E+0	0.000000E+0	0.000000E+0	2.431948E-3	1.510049E-3	1.477937E-3	1.206007E-3
0.000000E+0	0.000000E+0	0.000000E+0	0.000000E+0	2.368004E-3	1.488684E-3	1.499352E-3	1.152416E-3
0.000000E+0	0.000000E+0	0.000000E+0	0.000000E+0	2.378661E-3	1.499367E-3	1.488645E-3	1.163134E-3
0.000000E+0	0.000000E+0	0.000000E+0	0.000000E+0	2.314717E-3	1.478001E-3	1.510059E-3	1.152416E-3
0.000000E+0	0.000000E+0	0.000000E+0	0.000000E+0	2.346689E-3	1.467319E-3	1.445815E-3	1.206007E-3
0.000000E+0	0.000000E+0	0.000000E+0	0.000000E+0	2.368004E-3	1.467319E-3	1.477937E-3	1.120262E-3
0.000000E+0	0.000000E+0	0.000000E+0	0.000000E+0	2.293402E-3	1.413905E-3	1.542181E-3	1.130980E-3
0.000000E+0	0.000000E+0	0.000000E+0	0.000000E+0	2.304059E-3	1.413905E-3	1.477937E-3	1.130980E-3
0.000000E+0	0.000000E+0	0.000000E+0	0.000000E+0	2.314717E-3	1.478001E-3	1.477937E-3	1.173852E-3
0.000000E+0	0.000000E+0	0.000000E+0	0.000000E+0	2.293402E-3	1.413905E-3	1.477937E-3	1.130980E-3
0.000000E+0	0.000000E+0	0.000000E+0	0.000000E+0	2.304059E-3	1.349809E-3	1.402986E-3	1.130980E-3
0.000000E+0	0.000000E+0	0.000000E+0	0.000000E+0	2.293402E-3	1.392540E-3	1.477937E-3	1.109544E-3
0.000000E+0	0.000000E+0	0.000000E+0	0.000000E+0	2.261430E-3	1.424588E-3	1.499352E-3	1.130980E-3
0.000000E+0	0.000000E+0	0.000000E+0	0.000000E+0	2.229457E-3	1.339126E-3	1.381571E-3	1.141698E-3
0.000000E+0	0.000000E+0	0.000000E+0	0.000000E+0	2.250772E-3	1.328444E-3	1.381571E-3	1.120262E-3
0.000000E+0	0.000000E+0	0.000000E+0	0.000000E+0	2.261430E-3	1.264347E-3	1.445815E-3	1.120262E-3
0.000000E+0	0.000000E+0	0.000000E+0	0.000000E+0	2.240115E-3	1.349809E-3	1.392279E-3	1.130980E-3
0.000000E+0	0.000000E+0	0.000000E+0	0.000000E+0	2.250772E-3	1.285713E-3	1.349450E-3	1.130980E-3
0.000000E+0	0.000000E+0	0.000000E+0	0.000000E+0	2.250772E-3	1.232299E-3	1.402986E-3	1.109544E-3
0.000000E+0	0.000000E+0	0.000000E+0	0.000000E+0	2.250772E-3	1.307078E-3	1.338742E-3	1.130980E-3
0.000000E+0	0.000000E+0	0.000000E+0	0.000000E+0	2.240115E-3	1.328444E-3	1.317327E-3	1.098826E-3
0.000000E+0	0.000000E+0	0.000000E+0	0.000000E+0	2.240115E-3	1.296395E-3	1.295913E-3	1.109544E-3
0.000000E+0	0.000000E+0	0.000000E+0	0.000000E+0	2.240115E-3	1.253665E-3	1.328035E-3	1.088108E-3
0.000000E+0	0.000000E+0	0.000000E+0	0.000000E+0	2.218800E-3	1.221617E-3	1.295913E-3	1.130980E-3
0.000000E+0	0.000000E+0	0.000000E+0	0.000000E+0	2.218800E-3	1.285713E-3	1.392279E-3	1.120262E-3
0.000000E+0	0.000000E+0	0.000000E+0	0.000000E+0	2.218800E-3	1.275030E-3	1.338742E-3	1.088108E-3
0.000000E+0	0.000000E+0	0.000000E+0	0.000000E+0	2.229457E-3	1.200251E-3	1.317327E-3	1.088108E-3
0.000000E+0	0.000000E+0	0.000000E+0	0.000000E+0	2.218800E-3	1.285713E-3	1.317327E-3	1.098826E-3
0.000000E+0	0.000000E+0	0.000000E+0	0.000000E+0	2.229457E-3	1.264347E-3	1.317327E-3	1.120262E-3
0.000000E+0	0.000000E+0	0.000000E+0	0.000000E+0	2.229457E-3	1.210934E-3	1.317327E-3	1.109544E-3
0.000000E+0	0.000000E+0	0.000000E+0	0.000000E+0	2.218800E-3	1.242982E-3	1.285206E-3	1.088108E-3
0.000000E+0	0.000000E+0	0.000000E+0	0.000000E+0	2.218800E-3	1.253665E-3	1.338742E-3	1.088108E-3
0.000000E+0	0.000000E+0	0.000000E+0	0.000000E+0	2.218800E-3	1.232299E-3	1.306620E-3	1.109544E-3
0.000000E+0	0.000000E+0	0.000000E+0	0.000000E+0	2.218800E-3	1.200251E-3	1.263791E-3	1.077390E-3
0.000000E+0	0.000000E+0	0.000000E+0	0.000000E+0	2.218800E-3	1.210934E-3	1.306620E-3	1.130980E-3
0.000000E+0	0.000000E+0	0.000000E+0	0.000000E+0	2.229457E-3	1.221617E-3	1.338742E-3	1.098826E-3
0.000000E+0	0.000000E+0	0.000000E+0	0.000000E+0	2.218800E-3	1.178886E-3	1.253084E-3	1.098826E-3
0.000000E+0	0.000000E+0	0.000000E+0	0.000000E+0	2.218800E-3	1.200251E-3	1.274498E-3	1.077390E-3
0.000000E+0	0.000000E+0	0.000000E+0	0.000000E+0	2.218800E-3	1.189568E-3	1.231669E-3	1.109544E-3
0.000000E+0	0.000000E+0	0.000000E+0	0.000000E+0	2.229457E-3	1.189568E-3	1.253084E-3	1.098826E-3
0.000000E+0	0.000000E+0	0.000000E+0	0.000000E+0	2.218800E-3	1.232299E-3	1.199547E-3	1.120262E-3
0.000000E+0	0.000000E+0	0.000000E+0	0.000000E+0	2.218800E-3	1.232299E-3	1.263791E-3	1.088108E-3
0.000000E+0	0.000000E+0	0.000000E+0	0.000000E+0	2.218800E-3	1.210934E-3	1.220962E-3	1.088108E-3
0.000000E+0	0.000000E+0	0.000000E+0	0.000000E+0	2.218800E-3	1.189568E-3	1.274498E-3	1.088108E-3
0.000000E+0	0.000000E+0	0.000000E+0	0.000000E+0	2.229457E-3	1.178886E-3	1.242376E-3	1.088108E-3
0.000000E+0	0.000000E+0	0.000000E+0	0.000000E+0	2.218800E-3	1.189568E-3	1.242376E-3	1.088108E-3
0.000000E+0	0.000000E+0	0.000000E+0	0.000000E+0	2.218800E-3	1.189568E-3	1.242376E-3	1.098826E-3
0.000000E+0	0.000000E+0	0.000000E+0	0.000000E+0	2.218800E-3	1.178886E-3	1.231669E-3	1.088108E-3
0.000000E+0	0.000000E+0	0.000000E+0	0.000000E+0	2.218800E-3	1.189568E-3	1.220962E-3	1.077390E-3
0.000000E+0	0.000000E+0	0.000000E+0	0.000000E+0	2.218800E-3	1.157520E-3	1.167425E-3	1.098826E-3
0.000000E+0	0.000000E+0	0.000000E+0	0.000000E+0	2.218800E-3	1.157520E-3	1.156718E-3	1.077390E-3
0.000000E+0	0.000000E+0	0.000000E+0	0.000000E+0	2.218800E-3	1.178886E-3	1.231669E-3	1.077390E-3
0.000000E+0	0.000000E+0	0.000000E+0	0.000000E+0	2.218800E-3	1.178886E-3	1.146010E-3	1.088108E-3
0.000000E+0	0.000000E+0	0.000000E+0	0.000000E+0	2.218800E-3	1.157520E-3	1.188840E-3	1.098826E-3
0.000000E+0	0.000000E+0	0.000000E+0	0.000000E+0	2.218800E-3	1.178886E-3	1.156718E-3	1.088108E-3
0.000000E+0	0.000000E+0	0.000000E+0	0.000000E+0	2.218800E-3	1.157520E-3	1.178132E-3	1.077390E-3
0.000000E+0	0.000000E+0	0.000000E+0	0.000000E+0	2.218800E-3	1.178886E-3	1.167425E-3	1.098826E-3
0.000000E+0	0.000000E+0	0.000000E+0	0.000000E+0	2.218800E-3	1.157520E-3	1.167425E-3	1.077390E-3
0.000000E+0	0.000000E+0	0.000000E+0	0.000000E+0	2.218800E-3	1.168203E-3	1.188840E-3	1.077390E-3
0.000000E+0	0.000000E+0	0.000000E+0	0.000000E+0	2.218800E-3	1.157520E-3	1.135303E-3	1.077390E-3
0.000000E+0	0.000000E+0	0.000000E+0	0.000000E+0	2.218800E-3	1.157520E-3	1.178132E-3	1.077390E-3
0.000000E+0	0.000000E+0	0.000000E+0	0.000000E+0	2.218800E-3	1.157520E-3	1.135303E-3	1.088108E-3
0.000000E+0	0.000000E+0	0.000000E+0	0.000000E+0	2.208142E-3	1.157520E-3	1.178132E-3	1.088108E-3
0.000000E+0	0.000000E+0	0.000000E+0	0.000000E+0	2.218800E-3	1.157520E-3	1.124596E-3	1.077390E-3
0.000000E+0	0.000000E+0	0.000000E+0	0.000000E+0	2.208142E-3	1.168203E-3	1.113888E-3	1.077390E-3
0.000000E+0	0.000000E+0	0.000000E+0	0.000000E+0	2.208142E-3	1.157520E-3	1.146010E-3	1.098826E-3
0.000000E+0	0.000000E+0	0.000000E+0	0.000000E+0	2.218800E-3	1.157520E-3	1.167425E-3	1.077390E-3
0.000000E+0	0.000000E+0	0.000000E+0	0.000000E+0	2.218800E-3	1.157520E-3	1.124596E-3	1.088108E-3
0.000000E+0	0.000000E+0	0.000000E+0	0.000000E+0	2.208142E-3	1.168203E-3	1.135303E-3	1.088108E-3
0.000000E+0	0.000000E+0	0.000000E+0	0.000000E+0	2.197485E-3	1.157520E-3	1.113888E-3	1.088108E-3
0.000000E+0	0.000000E+0	0.000000E+0	0.000000E+0	2.218800E-3	1.157520E-3	1.124596E-3	1.077390E-3
0.000000E+0	0.000000E+0	0.000000E+0	0.000000E+0	2.218800E-3	1.168203E-3	1.081766E-3	1.077390E-3
0.000000E+0	0.000000E+0	0.000000E+0	0.000000E+0	2.197485E-3	1.157520E-3	1.124596E-3	1.077390E-3
0.000000E+0	0.000000E+0	0.000000E+0	0.000000E+0	2.197485E-3	1.157520E-3	1.146010E-3	1.077390E-3
0.000000E+0	0.000000E+0	0.000000E+0	0.000000E+0	2.186828E-3	1.157520E-3	1.113888E-3	1.088108E-3
0.000000E+0	0.000000E+0	0.000000E+0	0.000000E+0	2.197485E-3	1.157520E-3	1.113888E-3	1.077390E-3
0.000000E+0	0.000000E+0	0.000000E+0	0.000000E+0	2.208142E-3	1.157520E-3	1.113888E-3	1.077390E-3
0.000000E+0	0.000000E+0	0.000000E+0	0.000000E+0	2.208142E-3	1.157520E-3	1.081766E-3	1.088108E-3
0.000000E+0	0.000000E+0	0.000000E+0	0.000000E+0	2.197485E-3	1.157520E-3	1.092474E-3	1.077390E-3
0.000000E+0	0.000000E+0	0.000000E+0	0.000000E+0	2.176170E-3	1.157520E-3	1.081766E-3	1.098826E-3
0.000000E+0	0.000000E+0	0.000000E+0	0.000000E+0	2.208142E-3	1.157520E-3	1.135303E-3	1.077390E-3
0.000000E+0	0.000000E+0	0.000000E+0	0.000000E+0	2.154855E-3	1.157520E-3	1.135303E-3	1.077390E-3
0.000000E+0	0.000000E+0	0.000000E+0	0.000000E+0	2.165513E-3	1.157520E-3	1.092474E-3	1.077390E-3
0.000000E+0	0.000000E+0	0.000000E+0	0.000000E+0	2.154855E-3	1.157520E-3	1.092474E-3	1.077390E-3
0.000000E+0	0.000000E+0	0.000000E+0	0.000000E+0	2.186828E-3	1.168203E-3	1.103181E-3	1.077390E-3
0.000000E+0	0.000000E+0	0.000000E+0	0.000000E+0	2.197485E-3	1.157520E-3	1.071059E-3	1.088108E-3
0.000000E+0	0.000000E+0	0.000000E+0	0.000000E+0	2.176170E-3	1.157520E-3	1.081766E-3	1.066672E-3
0.000000E+0	0.000000E+0	0.000000E+0	0.000000E+0	2.197485E-3	1.157520E-3	1.071059E-3	1.077390E-3
0.000000E+0	0.000000E+0	0.000000E+0	0.000000E+0	2.186828E-3	1.157520E-3	1.081766E-3	1.077390E-3
0.000000E+0	0.000000E+0	0.000000E+0	0.000000E+0	2.144198E-3	1.178886E-3	1.071059E-3	1.066672E-3
0.000000E+0	0.000000E+0	0.000000E+0	0.000000E+0	2.144198E-3	1.157520E-3	1.081766E-3	1.077390E-3
0.000000E+0	0.000000E+0	0.000000E+0	0.000000E+0	2.144198E-3	1.168203E-3	1.103181E-3	1.077390E-3
0.000000E+0	0.000000E+0	0.000000E+0	0.000000E+0	2.101568E-3	1.157520E-3	1.049644E-3	1.077390E-3
0.000000E+0	0.000000E+0	0.000000E+0	0.000000E+0	2.058938E-3	1.168203E-3	1.103181E-3	1.077390E-3
0.000000E+0	0.000000E+0	0.000000E+0	0.000000E+0	2.112225E-3	1.157520E-3	1.081766E-3	1.077390E-3
0.000000E+0	0.000000E+0	0.000000E+0	0.000000E+0	2.069596E-3	1.157520E-3	1.081766E-3	1.077390E-3
0.000000E+0	0.000000E+0	0.000000E+0	0.000000E+0	2.090910E-3	1.168203E-3	1.113888E-3	1.088108E-3
0.000000E+0	0.000000E+0	0.000000E+0	0.000000E+0	2.101568E-3	1.157520E-3	1.071059E-3	1.077390E-3
0.000000E+0	0.000000E+0	0.000000E+0	0.000000E+0	2.112225E-3	1.157520E-3	1.103181E-3	1.077390E-3
0.000000E+0	0.000000E+0	0.000000E+0	0.000000E+0	2.090910E-3	1.157520E-3	1.060352E-3	1.077390E-3
0.000000E+0	0.000000E+0	0.000000E+0	0.000000E+0	2.112225E-3	1.157520E-3	1.060352E-3	1.077390E-3
0.000000E+0	0.000000E+0	0.000000E+0	0.000000E+0	2.058938E-3	1.157520E-3	1.071059E-3	1.077390E-3
0.000000E+0	0.000000E+0	0.000000E+0	0.000000E+0	2.069596E-3	1.168203E-3	1.071059E-3	1.077390E-3
0.000000E+0	0.000000E+0	0.000000E+0	0.000000E+0	2.058938E-3	1.157520E-3	1.081766E-3	1.077390E-3
0.000000E+0	0.000000E+0	0.000000E+0	0.000000E+0	2.026966E-3	1.157520E-3	1.038937E-3	1.077390E-3
0.000000E+0	0.000000E+0	0.000000E+0	0.000000E+0	1.994994E-3	1.157520E-3	1.071059E-3	1.077390E-3
0.000000E+0	0.000000E+0	0.000000E+0	0.000000E+0	2.026966E-3	1.157520E-3	1.081766E-3	1.077390E-3
0.000000E+0	0.000000E+0	0.000000E+0	0.000000E+0	1.973679E-3	1.157520E-3	1.081766E-3	1.077390E-3
0.000000E+0	0.000000E+0	0.000000E+0	0.000000E+0	2.005651E-3	1.157520E-3	1.038937E-3	1.077390E-3
0.000000E+0	0.000000E+0	0.000000E+0	0.000000E+0	1.973679E-3	1.157520E-3	1.071059E-3	1.077390E-3
0.000000E+0	0.000000E+0	0.000000E+0	0.000000E+0	1.941706E-3	1.157520E-3	1.092474E-3	1.077390E-3
0.000000E+0	0.000000E+0	0.000000E+0	0.000000E+0	1.899077E-3	1.157520E-3	1.038937E-3	1.077390E-3
0.000000E+0	0.000000E+0	0.000000E+0	0.000000E+0	1.931049E-3	1.157520E-3	1.049644E-3	1.077390E-3
0.000000E+0	0.000000E+0	0.000000E+0	0.000000E+0	1.941706E-3	1.157520E-3	1.038937E-3	1.077390E-3
0.000000E+0	0.000000E+0	0.000000E+0	0.000000E+0	1.888419E-3	1.157520E-3	1.071059E-3	1.077390E-3
0.000000E+0	0.000000E+0	0.000000E+0	0.000000E+0	1.867104E-3	1.157520E-3	1.060352E-3	1.077390E-3
0.000000E+0	0.000000E+0	0.000000E+0	0.000000E+0	1.856447E-3	1.157520E-3	1.028230E-3	1.077390E-3
0.000000E+0	0.000000E+0	0.000000E+0	0.000000E+0	1.824475E-3	1.157520E-3	1.071059E-3	1.077390E-3
0.000000E+0	0.000000E+0	0.000000E+0	0.000000E+0	1.877762E-3	1.157520E-3	1.081766E-3	1.077390E-3
0.000000E+0	0.000000E+0	0.000000E+0	0.000000E+0	1.856447E-3	1.157520E-3	1.060352E-3	1.077390E-3
0.000000E+0	0.000000E+0	0.000000E+0	0.000000E+0	1.845789E-3	1.168203E-3	1.071059E-3	1.077390E-3
0.000000E+0	0.000000E+0	0.000000E+0	0.000000E+0	1.792502E-3	1.157520E-3	1.038937E-3	1.077390E-3
0.000000E+0	0.000000E+0	0.000000E+0	0.000000E+0	1.845789E-3	1.157520E-3	1.060352E-3	1.066672E-3
0.000000E+0	0.000000E+0	0.000000E+0	0.000000E+0	1.739215E-3	1.157520E-3	1.049644E-3	1.077390E-3
0.000000E+0	0.000000E+0	0.000000E+0	0.000000E+0	1.675270E-3	1.157520E-3	1.028230E-3	1.077390E-3
0.000000E+0	0.000000E+0	0.000000E+0	0.000000E+0	1.813817E-3	1.157520E-3	1.049644E-3	1.077390E-3
0.000000E+0	0.000000E+0	0.000000E+0	0.000000E+0	1.739215E-3	1.157520E-3	1.060352E-3	1.077390E-3
0.000000E+0	0.000000E+0	0.000000E+0	0.000000E+0	1.685928E-3	1.157520E-3	1.060352E-3	1.077390E-3
0.000000E+0	0.000000E+0	0.000000E+0	0.000000E+0	1.739215E-3	1.157520E-3	1.049644E-3	1.077390E-3
0.000000E+0	0.000000E+0	0.000000E+0	0.000000E+0	1.664613E-3	1.146838E-3	1.049644E-3	1.077390E-3
0.000000E+0	0.000000E+0	0.000000E+0	0.000000E+0	1.696585E-3	1.157520E-3	1.071059E-3	1.077390E-3
0.000000E+0	0.000000E+0	0.000000E+0	0.000000E+0	1.600668E-3	1.157520E-3	1.017523E-3	1.077390E-3
0.000000E+0	0.000000E+0	0.000000E+0	0.000000E+0	1.685928E-3	1.157520E-3	1.028230E-3	1.077390E-3
0.000000E+0	0.000000E+0	0.000000E+0	0.000000E+0	1.632641E-3	1.157520E-3	1.028230E-3	1.077390E-3
0.000000E+0	0.000000E+0	0.000000E+0	0.000000E+0	1.632641E-3	1.146838E-3	1.038937E-3	1.077390E-3
0.000000E+0	0.000000E+0	0.000000E+0	0.000000E+0	1.462122E-3	1.157520E-3	1.038937E-3	1.066672E-3
0.000000E+0	0.000000E+0	0.000000E+0	0.000000E+0	1.632641E-3	1.157520E-3	1.038937E-3	1.077390E-3
0.000000E+0	0.000000E+0	0.000000E+0	0.000000E+0	1.536724E-3	1.146838E-3	1.038937E-3	1.077390E-3
0.000000E+0	0.000000E+0	0.000000E+0	0.000000E+0	1.600668E-3	1.157520E-3	1.038937E-3	1.077390E-3
0.000000E+0	0.000000E+0	0.000000E+0	0.000000E+0	1.558039E-3	1.157520E-3	1.038937E-3	1.077390E-3
0.000000E+0	0.000000E+0	0.000000E+0	0.000000E+0	1.558039E-3	1.157520E-3	1.038937E-3	1.077390E-3
0.000000E+0	0.000000E+0	0.000000E+0	0.000000E+0	1.568696E-3	1.157520E-3	1.071059E-3	1.077390E-3
0.000000E+0	0.000000E+0	0.000000E+0	0.000000E+0	1.494094E-3	1.146838E-3	1.017523E-3	1.077390E-3
0.000000E+0	0.000000E+0	0.000000E+0	0.000000E+0	1.515409E-3	1.157520E-3	1.028230E-3	1.077390E-3
0.000000E+0	0.000000E+0	0.000000E+0	0.000000E+0	1.515409E-3	1.157520E-3	1.028230E-3	1.077390E-3
0.000000E+0	0.000000E+0	0.000000E+0	0.000000E+0	1.419492E-3	1.146838E-3	1.028230E-3	1.077390E-3
0.000000E+0	0.000000E+0	0.000000E+0	0.000000E+0	1.494094E-3	1.146838E-3	1.017523E-3	1.077390E-3
0.000000E+0	0.000000E+0	0.000000E+0	0.000000E+0	1.408835E-3	1.157520E-3	1.017523E-3	1.055954E-3
0.000000E+0	0.000000E+0	0.000000E+0	0.000000E+0	1.430150E-3	1.157520E-3	1.038937E-3	1.077390E-3
0.000000E+0	0.000000E+0	0.000000E+0	0.000000E+0	1.451464E-3	1.157520E-3	1.038937E-3	1.066672E-3
0.000000E+0	0.000000E+0	0.000000E+0	0.000000E+0	1.387520E-3	1.157520E-3	1.017523E-3	1.077390E-3
0.000000E+0	0.000000E+0	0.000000E+0	0.000000E+0	1.419492E-3	1.157520E-3	1.049644E-3	1.066672E-3
0.000000E+0	0.000000E+0	0.000000E+0	0.000000E+0	1.440807E-3	1.157520E-3	1.028230E-3	1.066672E-3
0.000000E+0	0.000000E+0	0.000000E+0	0.000000E+0	1.387520E-3	1.157520E-3	1.028230E-3	1.077390E-3
0.000000E+0	0.000000E+0	0.000000E+0	0.000000E+0	1.387520E-3	1.157520E-3	1.028230E-3	1.077390E-3
0.000000E+0	0.000000E+0	0.000000E+0	0.000000E+0	1.387520E-3	1.157520E-3	1.017523E-3	1.077390E-3
0.000000E+0	0.000000E+0	0.000000E+0	0.000000E+0	1.408835E-3	1.146838E-3	1.038937E-3	1.077390E-3
0.000000E+0	0.000000E+0	0.000000E+0	0.000000E+0	1.312918E-3	1.146838E-3	1.017523E-3	1.066672E-3
0.000000E+0	0.000000E+0	0.000000E+0	0.000000E+0	1.387520E-3	1.146838E-3	1.017523E-3	1.077390E-3
0.000000E+0	0.000000E+0	0.000000E+0	0.000000E+0	1.355547E-3	1.157520E-3	1.017523E-3	1.066672E-3
0.000000E+0	0.000000E+0	0.000000E+0	0.000000E+0	1.302260E-3	1.157520E-3	1.038937E-3	1.077390E-3
0.000000E+0	0.000000E+0	0.000000E+0	0.000000E+0	1.344890E-3	1.136155E-3	1.017523E-3	1.066672E-3
0.000000E+0	0.000000E+0	0.000000E+0	0.000000E+0	1.270288E-3	1.146838E-3	1.017523E-3	1.055954E-3
0.000000E+0	0.000000E+0	0.000000E+0	0.000000E+0	1.280945E-3	1.157520E-3	1.049644E-3	1.055954E-3
0.000000E+0	0.000000E+0	0.000000E+0	0.000000E+0	1.238316E-3	1.157520E-3	1.017523E-3	1.077390E-3
0.000000E+0	0.000000E+0	0.000000E+0	0.000000E+0	1.323575E-3	1.146838E-3	1.038937E-3	1.066672E-3
0.000000E+0	0.000000E+0	0.000000E+0	0.000000E+0	1.280945E-3	1.157520E-3	1.038937E-3	1.077390E-3
0.000000E+0	0.000000E+0	0.000000E+0	0.000000E+0	1.323575E-3	1.146838E-3	1.017523E-3	1.077390E-3
0.000000E+0	0.000000E+0	0.000000E+0	0.000000E+0	1.270288E-3	1.157520E-3	1.017523E-3	1.066672E-3
0.000000E+0	0.000000E+0	0.000000E+0	0.000000E+0	1.227658E-3	1.146838E-3	1.017523E-3	1.066672E-3
0.000000E+0	0.000000E+0	0.000000E+0	0.000000E+0	1.270288E-3	1.125472E-3	1.017523E-3	1.077390E-3
0.000000E+0	0.000000E+0	0.000000E+0	0.000000E+0	1.280945E-3	1.157520E-3	1.028230E-3	1.077390E-3
0.000000E+0	0.000000E+0	0.000000E+0	0.000000E+0	1.217001E-3	1.136155E-3	1.028230E-3	1.066672E-3
0.000000E+0	0.000000E+0	0.000000E+0	0.000000E+0	1.238316E-3	1.136155E-3	1.017523E-3	1.066672E-3
0.000000E+0	0.000000E+0	0.000000E+0	0.000000E+0	1.238316E-3	1.146838E-3	1.017523E-3	1.055954E-3
0.000000E+0	0.000000E+0	0.000000E+0	0.000000E+0	1.248973E-3	1.146838E-3	1.028230E-3	1.077390E-3
0.000000E+0	0.000000E+0	0.000000E+0	0.000000E+0	1.248973E-3	1.157520E-3	1.038937E-3	1.055954E-3
0.000000E+0	0.000000E+0	0.000000E+0	0.000000E+0	1.248973E-3	1.157520E-3	1.017523E-3	1.077390E-3
0.000000E+0	0.000000E+0	0.000000E+0	0.000000E+0	1.270288E-3	1.146838E-3	1.017523E-3	1.034518E-3
0.000000E+0	0.000000E+0	0.000000E+0	0.000000E+0	1.259631E-3	1.146838E-3	1.006815E-3	1.077390E-3
0.000000E+0	0.000000E+0	0.000000E+0	0.000000E+0	1.259631E-3	1.114790E-3	1.017523E-3	1.066672E-3
0.000000E+0	0.000000E+0	0.000000E+0	0.000000E+0	1.217001E-3	1.114790E-3	1.017523E-3	1.055954E-3
0.000000E+0	0.000000E+0	0.000000E+0	0.000000E+0	1.206343E-3	1.125472E-3	1.017523E-3	1.077390E-3
0.000000E+0	0.000000E+0	0.000000E+0	0.000000E+0	1.195686E-3	1.114790E-3	1.017523E-3	1.066672E-3
0.000000E+0	0.000000E+0	0.000000E+0	0.000000E+0	1.195686E-3	1.157520E-3	1.017523E-3	1.066672E-3
0.000000E+0	0.000000E+0	0.000000E+0	0.000000E+0	1.238316E-3	1.114790E-3	1.028230E-3	1.045236E-3
0.000000E+0	0.000000E+0	0.000000E+0	0.000000E+0	1.227658E-3	1.146838E-3	1.017523E-3	1.045236E-3
0.000000E+0	0.000000E+0	0.000000E+0	0.000000E+0	1.174371E-3	1.136155E-3	1.028230E-3	1.077390E-3
0.000000E+0	0.000000E+0	0.000000E+0	0.000000E+0	1.227658E-3	1.146838E-3	1.028230E-3	1.077390E-3
0.000000E+0	0.000000E+0	0.000000E+0	0.000000E+0	1.217001E-3	1.146838E-3	1.017523E-3	1.055954E-3
0.000000E+0	0.000000E+0	0.000000E+0	0.000000E+0	1.280945E-3	1.157520E-3	1.028230E-3	1.045236E-3
0.000000E+0	0.000000E+0	0.000000E+0	0.000000E+0	1.195686E-3	1.136155E-3	1.017523E-3	1.023800E-3
0.000000E+0	0.000000E+0	0.000000E+0	0.000000E+0	1.195686E-3	1.136155E-3	1.028230E-3	1.066672E-3
0.000000E+0	0.000000E+0	0.000000E+0	0.000000E+0	1.195686E-3	1.136155E-3	1.028230E-3	1.055954E-3
0.000000E+0	0.000000E+0	0.000000E+0	0.000000E+0	1.195686E-3	1.146838E-3	1.017523E-3	1.034518E-3
0.000000E+0	0.000000E+0	0.000000E+0	0.000000E+0	1.206343E-3	1.136155E-3	1.017523E-3	1.045236E-3
0.000000E+0	0.000000E+0	0.000000E+0	0.000000E+0	1.174371E-3	1.125472E-3	1.017523E-3	1.055954E-3
0.000000E+0	0.000000E+0	0.000000E+0	0.000000E+0	1.174371E-3	1.136155E-3	1.017523E-3	1.066672E-3
0.000000E+0	0.000000E+0	0.000000E+0	0.000000E+0	1.195686E-3	1.114790E-3	1.028230E-3	1.045236E-3
0.000000E+0	0.000000E+0	0.000000E+0	0.000000E+0	1.195686E-3	1.146838E-3	1.017523E-3	1.055954E-3
0.000000E+0	0.000000E+0	0.000000E+0	0.000000E+0	1.153056E-3	1.125472E-3	1.017523E-3	1.066672E-3
0.000000E+0	0.000000E+0	0.000000E+0	0.000000E+0	1.163714E-3	1.125472E-3	1.028230E-3	1.077390E-3
0.000000E+0	0.000000E+0	0.000000E+0	0.000000E+0	1.174371E-3	1.093424E-3	1.017523E-3	1.034518E-3
0.000000E+0	0.000000E+0	0.000000E+0	0.000000E+0	1.174371E-3	1.114790E-3	1.028230E-3	1.034518E-3
0.000000E+0	0.000000E+0	0.000000E+0	0.000000E+0	1.174371E-3	1.125472E-3	1.017523E-3	1.077390E-3
0.000000E+0	0.000000E+0	0.000000E+0	0.000000E+0	1.163714E-3	1.114790E-3	1.017523E-3	1.034518E-3
0.000000E+0	0.000000E+0	0.000000E+0	0.000000E+0	1.185028E-3	1.114790E-3	1.028230E-3	1.066672E-3
0.000000E+0	0.000000E+0	0.000000E+0	0.000000E+0	1.153056E-3	1.093424E-3	1.028230E-3	1.023800E-3
0.000000E+0	0.000000E+0	0.000000E+0	0.000000E+0	1.163714E-3	1.104107E-3	1.028230E-3	1.045236E-3
0.000000E+0	0.000000E+0	0.000000E+0	0.000000E+0	1.153056E-3	1.114790E-3	1.017523E-3	1.055954E-3
0.000000E+0	0.000000E+0	0.000000E+0	0.000000E+0	1.153056E-3	1.072059E-3	1.017523E-3	1.034518E-3
0.000000E+0	0.000000E+0	0.000000E+0	0.000000E+0	1.163714E-3	1.114790E-3	1.017523E-3	1.034518E-3
0.000000E+0	0.000000E+0	0.000000E+0	0.000000E+0	1.153056E-3	1.136155E-3	1.017523E-3	1.034518E-3
0.000000E+0	0.000000E+0	0.000000E+0	0.000000E+0	1.174371E-3	1.114790E-3	1.017523E-3	1.034518E-3
0.000000E+0	0.000000E+0	0.000000E+0	0.000000E+0	1.163714E-3	1.125472E-3	1.028230E-3	1.045236E-3
0.000000E+0	0.000000E+0	0.000000E+0	0.000000E+0	1.153056E-3	1.104107E-3	1.028230E-3	1.034518E-3
0.000000E+0	0.000000E+0	0.000000E+0	0.000000E+0	1.153056E-3	1.040011E-3	1.017523E-3	1.002364E-3
0.000000E+0	0.000000E+0	0.000000E+0	0.000000E+0	1.153056E-3	1.093424E-3	1.006815E-3	1.034518E-3
0.000000E+0	0.000000E+0	0.000000E+0	0.000000E+0	1.174371E-3	1.082742E-3	1.017523E-3	1.023800E-3
0.000000E+0	0.000000E+0	0.000000E+0	0.000000E+0	1.174371E-3	1.072059E-3	1.017523E-3	1.045236E-3
0.000000E+0	0.000000E+0	0.000000E+0	0.000000E+0	1.153056E-3	1.072059E-3	1.017523E-3	1.055954E-3
0.000000E+0	0.000000E+0	0.000000E+0	0.000000E+0	1.153056E-3	1.125472E-3	1.017523E-3	1.045236E-3
0.000000E+0	0.000000E+0	0.000000E+0	0.000000E+0	1.163714E-3	1.061376E-3	1.028230E-3	1.045236E-3
0.000000E+0	0.000000E+0	0.000000E+0	0.000000E+0	1.153056E-3	1.018645E-3	1.017523E-3	1.023800E-3
0.000000E+0	0.000000E+0	0.000000E+0	0.000000E+0	1.153056E-3	1.136155E-3	1.017523E-3	1.055954E-3
0.000000E+0	0.000000E+0	0.000000E+0	0.000000E+0	1.153056E-3	1.072059E-3	1.017523E-3	1.023800E-3
0.000000E+0	0.000000E+0	0.000000E+0	0.000000E+0	1.163714E-3	1.040011E-3	1.017523E-3	1.013082E-3
0.000000E+0	0.000000E+0	0.000000E+0	0.000000E+0	1.153056E-3	1.050693E-3	1.017523E-3	1.023800E-3
0.000000E+0	0.000000E+0	0.000000E+0	0.000000E+0	1.153056E-3	1.072059E-3	1.017523E-3	1.002364E-3
0.000000E+0	0.000000E+0	0.000000E+0	0.000000E+0	1.153056E-3	9.972800E-4	1.017523E-3	1.023800E-3
0.000000E+0	0.000000E+0	0.000000E+0	0.000000E+0	1.153056E-3	1.061376E-3	1.017523E-3	1.023800E-3
0.000000E+0	0.000000E+0	0.000000E+0	0.000000E+0	1.153056E-3	1.093424E-3	1.017523E-3	1.034518E-3
0.000000E+0	0.000000E+0	0.000000E+0	0.000000E+0	1.163714E-3	1.050693E-3	1.017523E-3	1.023800E-3
0.000000E+0	0.000000E+0	0.000000E+0	0.000000E+0	1.153056E-3	9.972800E-4	1.017523E-3	1.034518E-3
0.000000E+0	0.000000E+0	0.000000E+0	0.000000E+0	1.153056E-3	1.093424E-3	1.017523E-3	1.034518E-3
0.000000E+0	0.000000E+0	0.000000E+0	0.000000E+0	1.163714E-3	1.007963E-3	1.006815E-3	9.916456E-4
0.000000E+0	0.000000E+0	0.000000E+0	0.000000E+0	1.153056E-3	1.093424E-3	1.006815E-3	1.034518E-3
0.000000E+0	0.000000E+0	0.000000E+0	0.000000E+0	1.153056E-3	1.029328E-3	1.017523E-3	9.594915E-4
0.000000E+0	0.000000E+0	0.000000E+0	0.000000E+0	1.153056E-3	1.050693E-3	1.017523E-3	9.916456E-4
0.000000E+0	0.000000E+0	0.000000E+0	0.000000E+0	1.153056E-3	1.061376E-3	1.017523E-3	1.013082E-3
0.000000E+0	0.000000E+0	0.000000E+0	0.000000E+0	1.153056E-3	1.050693E-3	1.006815E-3	9.916456E-4
0.000000E+0	0.000000E+0	0.000000E+0	0.000000E+0	1.153056E-3	9.865973E-4	1.017523E-3	9.916456E-4
0.000000E+0	0.000000E+0	0.000000E+0	0.000000E+0	1.153056E-3	1.061376E-3	1.017523E-3	9.916456E-4
0.000000E+0	0.000000E+0	0.000000E+0	0.000000E+0	1.153056E-3	9.972800E-4	1.006815E-3	9.809276E-4
0.000000E+0	0.000000E+0	0.000000E+0	0.000000E+0	1.153056E-3	1.018645E-3	1.017523E-3	1.034518E-3
0.000000E+0	0.000000E+0	0.000000E+0	0.000000E+0	1.153056E-3	1.029328E-3	1.017523E-3	1.023800E-3
0.000000E+0	0.000000E+0	0.000000E+0	0.000000E+0	1.153056E-3	9.759146E-4	1.017523E-3	9.809276E-4
0.000000E+0	0.000000E+0	0.000000E+0	0.000000E+0	1.153056E-3	1.061376E-3	1.017523E-3	9.380553E-4
0.000000E+0	0.000000E+0	0.000000E+0	0.000000E+0	1.153056E-3	9.759146E-4	1.028230E-3	9.702095E-4
0.000000E+0	0.000000E+0	0.000000E+0	0.000000E+0	1.153056E-3	1.029328E-3	1.017523E-3	1.002364E-3
0.000000E+0	0.000000E+0	0.000000E+0	0.000000E+0	1.153056E-3	1.007963E-3	1.006815E-3	1.002364E-3
0.000000E+0	0.000000E+0	0.000000E+0	0.000000E+0	1.163714E-3	1.040011E-3	1.006815E-3	9.916456E-4
0.000000E+0	0.000000E+0	0.000000E+0	0.000000E+0	1.153056E-3	1.018645E-3	1.017523E-3	1.002364E-3
0.000000E+0	0.000000E+0	0.000000E+0	0.000000E+0	1.153056E-3	1.007963E-3	1.017523E-3	9.809276E-4
0.000000E+0	0.000000E+0	0.000000E+0	0.000000E+0	1.153056E-3	1.007963E-3	1.017523E-3	1.002364E-3
0.000000E+0	0.000000E+0	0.000000E+0	0.000000E+0	1.153056E-3	9.331838E-4	1.017523E-3	9.487734E-4
0.000000E+0	0.000000E+0	0.000000E+0	0.000000E+0	1.153056E-3	1.018645E-3	1.006815E-3	1.023800E-3
0.000000E+0	0.000000E+0	0.000000E+0	0.000000E+0	1.153056E-3	8.904531E-4	1.017523E-3	9.702095E-4
0.000000E+0	0.000000E+0	0.000000E+0	0.000000E+0	1.153056E-3	9.331838E-4	1.017523E-3	9.487734E-4
0.000000E+0	0.000000E+0	0.000000E+0	0.000000E+0	1.153056E-3	9.545492E-4	1.017523E-3	9.809276E-4
0.000000E+0	0.000000E+0	0.000000E+0	0.000000E+0	1.153056E-3	9.759146E-4	1.006815E-3	9.594915E-4
0.000000E+0	0.000000E+0	0.000000E+0	0.000000E+0	1.153056E-3	9.225011E-4	1.017523E-3	9.809276E-4
0.000000E+0	0.000000E+0	0.000000E+0	0.000000E+0	1.153056E-3	9.331838E-4	1.006815E-3	1.002364E-3
0.000000E+0	0.000000E+0	0.000000E+0	0.000000E+0	1.153056E-3	9.545492E-4	1.017523E-3	9.059012E-4
0.000000E+0	0.000000E+0	0.000000E+0	0.000000E+0	1.153056E-3	9.438666E-4	1.006815E-3	9.702095E-4
0.000000E+0	0.000000E+0	0.000000E+0	0.000000E+0	1.153056E-3	9.118185E-4	1.017523E-3	9.166193E-4
0.000000E+0	0.000000E+0	0.000000E+0	0.000000E+0	1.153056E-3	9.331838E-4	1.006815E-3	9.594915E-4
0.000000E+0	0.000000E+0	0.000000E+0	0.000000E+0	1.153056E-3	9.011357E-4	1.006815E-3	9.809276E-4
0.000000E+0	0.000000E+0	0.000000E+0	0.000000E+0	1.153056E-3	9.118185E-4	1.006815E-3	9.166193E-4
0.000000E+0	0.000000E+0	0.000000E+0	0.000000E+0	1.153056E-3	9.438666E-4	1.017523E-3	9.487734E-4
0.000000E+0	0.000000E+0	0.000000E+0	0.000000E+0	1.153056E-3	9.972800E-4	1.017523E-3	8.844651E-4
0.000000E+0	0.000000E+0	0.000000E+0	0.000000E+0	1.153056E-3	9.011357E-4	1.017523E-3	9.273373E-4
0.000000E+0	0.000000E+0	0.000000E+0	0.000000E+0	1.153056E-3	9.118185E-4	1.017523E-3	9.702095E-4
0.000000E+0	0.000000E+0	0.000000E+0	0.000000E+0	1.153056E-3	8.584050E-4	1.006815E-3	9.702095E-4
0.000000E+0	0.000000E+0	0.000000E+0	0.000000E+0	1.153056E-3	9.865973E-4	1.006815E-3	9.166193E-4
0.000000E+0	0.000000E+0	0.000000E+0	0.000000E+0	1.153056E-3	9.011357E-4	1.017523E-3	9.594915E-4
0.000000E+0	0.000000E+0	0.000000E+0	0.000000E+0	1.153056E-3	8.156742E-4	1.017523E-3	9.487734E-4
0.000000E+0	0.000000E+0	0.000000E+0	0.000000E+0	1.153056E-3	8.797704E-4	9.961078E-4	8.951831E-4
0.000000E+0	0.000000E+0	0.000000E+0	0.000000E+0	1.153056E-3	8.904531E-4	1.006815E-3	8.737470E-4
0.000000E+0	0.000000E+0	0.000000E+0	0.000000E+0	1.153056E-3	9.118185E-4	1.017523E-3	9.380553E-4
0.000000E+0	0.000000E+0	0.000000E+0	0.000000E+0	1.153056E-3	9.118185E-4	1.017523E-3	9.487734E-4
0.000000E+0	0.000000E+0	0.000000E+0	0.000000E+0	1.153056E-3	8.263569E-4	1.006815E-3	8.523109E-4
0.000000E+0	0.000000E+0	0.000000E+0	0.000000E+0	1.153056E-3	9.118185E-4	9.854005E-4	9.166193E-4
0.000000E+0	0.000000E+0	0.000000E+0	0.000000E+0	1.153056E-3	8.797704E-4	1.006815E-3	8.951831E-4
0.000000E+0	0.000000E+0	0.000000E+0	0.000000E+0	1.142399E-3	8.904531E-4	1.017523E-3	8.951831E-4
0.000000E+0	0.000000E+0	0.000000E+0	0.000000E+0	1.153056E-3	7.836261E-4	1.017523E-3	8.844651E-4
0.000000E+0	0.000000E+0	0.000000E+0	0.000000E+0	1.153056E-3	8.049915E-4	1.017523E-3	8.844651E-4
0.000000E+0	0.000000E+0	0.000000E+0	0.000000E+0	1.153056E-3	8.156742E-4	1.017523E-3	8.951831E-4
0.000000E+0	0.000000E+0	0.000000E+0	0.000000E+0	1.153056E-3	8.049915E-4	9.961078E-4	9.594915E-4
0.000000E+0	0.000000E+0	0.000000E+0	0.000000E+0	1.153056E-3	8.263569E-4	1.006815E-3	8.308748E-4
0.000000E+0	0.000000E+0	0.000000E+0	0.000000E+0	1.153056E-3	7.943088E-4	1.006815E-3	9.273373E-4
0.000000E+0	0.000000E+0	0.000000E+0	0.000000E+0	1.153056E-3	7.836261E-4	1.006815E-3	8.308748E-4
0.000000E+0	0.000000E+0	0.000000E+0	0.000000E+0	1.153056E-3	8.049915E-4	1.006815E-3	8.630290E-4
0.000000E+0	0.000000E+0	0.000000E+0	0.000000E+0	1.153056E-3	7.515781E-4	1.006815E-3	8.844651E-4
0.000000E+0	0.000000E+0	0.000000E+0	0.000000E+0	1.153056E-3	8.049915E-4	1.006815E-3	8.951831E-4
0.000000E+0	0.000000E+0	0.000000E+0	0.000000E+0	1.153056E-3	6.661165E-4	1.006815E-3	8.951831E-4
0.000000E+0	0.000000E+0	0.000000E+0	0.000000E+0	1.153056E-3	8.477223E-4	1.006815E-3	8.737470E-4
0.000000E+0	0.000000E+0	0.000000E+0	0.000000E+0	1.142399E-3	8.690877E-4	1.006815E-3	9.273373E-4
0.000000E+0	0.000000E+0	0.000000E+0	0.000000E+0	1.153056E-3	7.408953E-4	9.961078E-4	9.166193E-4
0.000000E+0	0.000000E+0	0.000000E+0	0.000000E+0	1.153056E-3	7.195300E-4	1.006815E-3	9.166193E-4
0.000000E+0	0.000000E+0	0.000000E+0	0.000000E+0	1.153056E-3	8.797704E-4	9.961078E-4	9.487734E-4
0.000000E+0	0.000000E+0	0.000000E+0	0.000000E+0	1.153056E-3	7.088473E-4	9.961078E-4	8.737470E-4
0.000000E+0	0.000000E+0	0.000000E+0	0.000000E+0	1.153056E-3	7.836261E-4	9.854005E-4	8.951831E-4
0.000000E+0	0.000000E+0	0.000000E+0	0.000000E+0	1.153056E-3	7.408953E-4	1.017523E-3	8.201568E-4
0.000000E+0	0.000000E+0	0.000000E+0	0.000000E+0	1.153056E-3	7.195300E-4	1.017523E-3	7.344123E-4
0.000000E+0	0.000000E+0	0.000000E+0	0.000000E+0	1.153056E-3	7.729434E-4	9.854005E-4	9.059012E-4
0.000000E+0	0.000000E+0	0.000000E+0	0.000000E+0	1.153056E-3	7.515781E-4	9.854005E-4	8.415928E-4
0.000000E+0	0.000000E+0	0.000000E+0	0.000000E+0	1.153056E-3	7.729434E-4	9.961078E-4	8.415928E-4
0.000000E+0	0.000000E+0	0.000000E+0	0.000000E+0	1.153056E-3	7.088473E-4	9.961078E-4	7.451304E-4
0.000000E+0	0.000000E+0	0.000000E+0	0.000000E+0	1.153056E-3	6.127030E-4	1.006815E-3	8.308748E-4
0.000000E+0	0.000000E+0	0.000000E+0	0.000000E+0	1.153056E-3	7.408953E-4	1.006815E-3	8.094387E-4
0.000000E+0	0.000000E+0	0.000000E+0	0.000000E+0	1.153056E-3	6.340684E-4	1.006815E-3	8.201568E-4
0.000000E+0	0.000000E+0	0.000000E+0	0.000000E+0	1.153056E-3	7.408953E-4	1.006815E-3	7.987206E-4
0.000000E+0	0.000000E+0	0.000000E+0	0.000000E+0	1.153056E-3	5.379242E-4	9.961078E-4	8.737470E-4
0.000000E+0	0.000000E+0	0.000000E+0	0.000000E+0	1.153056E-3	6.981646E-4	9.961078E-4	8.094387E-4
0.000000E+0	0.000000E+0	0.000000E+0	0.000000E+0	1.153056E-3	7.729434E-4	9.639859E-4	8.523109E-4
0.000000E+0	0.000000E+0	0.000000E+0	0.000000E+0	1.153056E-3	6.767992E-4	1.006815E-3	8.201568E-4
0.000000E+0	0.000000E+0	0.000000E+0	0.000000E+0	1.153056E-3	7.195300E-4	9.854005E-4	9.059012E-4
0.000000E+0	0.000000E+0	0.000000E+0	0.000000E+0	1.153056E-3	7.943088E-4	9.854005E-4	7.344123E-4
0.000000E+0	0.000000E+0	0.000000E+0	0.000000E+0	1.153056E-3	7.515781E-4	9.639859E-4	8.523109E-4
0.000000E+0	0.000000E+0	0.000000E+0	0.000000E+0	1.153056E-3	6.874819E-4	1.006815E-3	7.880026E-4
0.000000E+0	0.000000E+0	0.000000E+0	0.000000E+0	1.153056E-3	7.515781E-4	9.746932E-4	8.094387E-4
0.000000E+0	0.000000E+0	0.000000E+0	0.000000E+0	1.142399E-3	6.767992E-4	9.854005E-4	7.665665E-4
0.000000E+0	0.000000E+0	0.000000E+0	0.000000E+0	1.153056E-3	6.767992E-4	9.854005E-4	8.308748E-4
0.000000E+0	0.000000E+0	0.000000E+0	0.000000E+0	1.153056E-3	6.554338E-4	9.746932E-4	8.201568E-4
0.000000E+0	0.000000E+0	0.000000E+0	0.000000E+0	1.142399E-3	6.874819E-4	9.961078E-4	7.236943E-4
0.000000E+0	0.000000E+0	0.000000E+0	0.000000E+0	1.142399E-3	6.127030E-4	1.006815E-3	7.987206E-4
0.000000E+0	0.000000E+0	0.000000E+0	0.000000E+0	1.153056E-3	6.127030E-4	9.961078E-4	7.880026E-4
0.000000E+0	0.000000E+0	0.000000E+0	0.000000E+0	1.153056E-3	7.195300E-4	9.961078E-4	7.987206E-4
0.000000E+0	0.000000E+0	0.000000E+0	0.000000E+0	1.142399E-3	6.447511E-4	9.854005E-4	8.094387E-4
0.000000E+0	0.000000E+0	0.000000E+0	0.000000E+0	1.142399E-3	6.233857E-4	9.854005E-4	7.451304E-4
0.000000E+0	0.000000E+0	0.000000E+0	0.000000E+0	1.153056E-3	6.127030E-4	9.746932E-4	7.880026E-4
0.000000E+0	0.000000E+0	0.000000E+0	0.000000E+0	1.153056E-3	5.592896E-4	9.746932E-4	7.236943E-4
0.000000E+0	0.000000E+0	0.000000E+0	0.000000E+0	1.153056E-3	6.233857E-4	9.961078E-4	7.665665E-4
0.000000E+0	0.000000E+0	0.000000E+0	0.000000E+0	1.153056E-3	5.486069E-4	9.746932E-4	7.236943E-4
0.000000E+0	0.000000E+0	0.000000E+0	0.000000E+0	1.153056E-3	5.379242E-4	9.854005E-4	7.451304E-4
0.000000E+0	0.000000E+0	0.000000E+0	0.000000E+0	1.153056E-3	6.767992E-4	1.006815E-3	7.665665E-4
0.000000E+0	0.000000E+0	0.000000E+0	0.000000E+0	1.153056E-3	5.913377E-4	9.639859E-4	7.451304E-4
0.000000E+0	0.000000E+0	0.000000E+0	0.000000E+0	1.153056E-3	6.127030E-4	9.854005E-4	7.022581E-4
0.000000E+0	0.000000E+0	0.000000E+0	0.000000E+0	1.153056E-3	4.631453E-4	1.006815E-3	7.344123E-4
0.000000E+0	0.000000E+0	0.000000E+0	0.000000E+0	1.142399E-3	5.699723E-4	9.854005E-4	6.701040E-4
0.000000E+0	0.000000E+0	0.000000E+0	0.000000E+0	1.142399E-3	5.913377E-4	9.854005E-4	6.915401E-4
0.000000E+0	0.000000E+0	0.000000E+0	0.000000E+0	1.153056E-3	5.806549E-4	9.746932E-4	6.808221E-4
0.000000E+0	0.000000E+0	0.000000E+0	0.000000E+0	1.142399E-3	5.913377E-4	9.854005E-4	6.915401E-4
0.000000E+0	0.000000E+0	0.000000E+0	0.000000E+0	1.142399E-3	5.592896E-4	1.006815E-3	7.880026E-4
0.000000E+0	0.000000E+0	0.000000E+0	0.000000E+0	1.131741E-3	5.486069E-4	9.532786E-4	6.701040E-4
0.000000E+0	0.000000E+0	0.000000E+0	0.000000E+0	1.153056E-3	5.272415E-4	1.006815E-3	7.451304E-4
0.000000E+0	0.000000E+0	0.000000E+0	0.000000E+0	1.131741E-3	4.845107E-4	9.854005E-4	7.558484E-4
0.000000E+0	0.000000E+0	0.000000E+0	0.000000E+0	1.131741E-3	5.913377E-4	1.006815E-3	6.272318E-4
0.000000E+0	0.000000E+0	0.000000E+0	0.000000E+0	1.131741E-3	5.165588E-4	9.961078E-4	7.451304E-4
0.000000E+0	0.000000E+0	0.000000E+0	0.000000E+0	1.153056E-3	6.020204E-4	9.961078E-4	7.129762E-4
0.000000E+0	0.000000E+0	0.000000E+0	0.000000E+0	1.142399E-3	4.738280E-4	9.746932E-4	7.236943E-4
0.000000E+0	0.000000E+0	0.000000E+0	0.000000E+0	1.121084E-3	5.272415E-4	9.961078E-4	7.344123E-4
0.000000E+0	0.000000E+0	0.000000E+0	0.000000E+0	1.142399E-3	4.951934E-4	9.746932E-4	6.808221E-4
0.000000E+0	0.000000E+0	0.000000E+0	0.000000E+0	1.142399E-3	5.058761E-4	9.961078E-4	7.236943E-4
0.000000E+0	0.000000E+0	0.000000E+0	0.000000E+0	1.131741E-3	5.379242E-4	1.017523E-3	6.808221E-4
0.000000E+0	0.000000E+0	0.000000E+0	0.000000E+0	1.142399E-3	5.486069E-4	9.854005E-4	7.022581E-4
0.000000E+0	0.000000E+0	0.000000E+0	0.000000E+0	1.153056E-3	5.592896E-4	9.425712E-4	6.808221E-4
0.000000E+0	0.000000E+0	0.000000E+0	0.000000E+0	1.142399E-3	4.524626E-4	9.639859E-4	6.486679E-4
0.000000E+0	0.000000E+0	0.000000E+0	0.000000E+0	1.153056E-3	4.417800E-4	9.961078E-4	7.022581E-4
0.000000E+0	0.000000E+0	0.000000E+0	0.000000E+0	1.153056E-3	4.417800E-4	9.532786E-4	7.236943E-4
0.000000E+0	0.000000E+0	0.000000E+0	0.000000E+0	1.142399E-3	4.524626E-4	9.532786E-4	6.486679E-4
0.000000E+0	0.000000E+0	0.000000E+0	0.000000E+0	1.110426E-3	4.631453E-4	9.425712E-4	6.593859E-4
0.000000E+0	0.000000E+0	0.000000E+0	0.000000E+0	1.142399E-3	4.845107E-4	9.532786E-4	7.022581E-4
0.000000E+0	0.000000E+0	0.000000E+0	0.000000E+0	1.121084E-3	4.097319E-4	9.639859E-4	6.915401E-4
0.000000E+0	0.000000E+0	0.000000E+0	0.000000E+0	1.142399E-3	4.524626E-4	9.639859E-4	7.022581E-4
0.000000E+0	0.000000E+0	0.000000E+0	0.000000E+0	1.153056E-3	3.883665E-4	9.318639E-4	6.808221E-4
0.000000E+0	0.000000E+0	0.000000E+0	0.000000E+0	1.153056E-3	5.592896E-4	9.746932E-4	7.022581E-4
0.000000E+0	0.000000E+0	0.000000E+0	0.000000E+0	1.121084E-3	5.699723E-4	9.746932E-4	5.736415E-4
0.000000E+0	0.000000E+0	0.000000E+0	0.000000E+0	1.142399E-3	4.631453E-4	9.318639E-4	6.379499E-4
0.000000E+0	0.000000E+0	0.000000E+0	0.000000E+0	1.142399E-3	4.204146E-4	9.425712E-4	6.165137E-4
0.000000E+0	0.000000E+0	0.000000E+0	0.000000E+0	1.121084E-3	4.310973E-4	9.639859E-4	6.272318E-4
0.000000E+0	0.000000E+0	0.000000E+0	0.000000E+0	1.110426E-3	3.990492E-4	9.639859E-4	5.950776E-4
0.000000E+0	0.000000E+0	0.000000E+0	0.000000E+0	1.142399E-3	3.776838E-4	9.425712E-4	6.272318E-4
0.000000E+0	0.000000E+0	0.000000E+0	0.000000E+0	1.131741E-3	4.310973E-4	9.961078E-4	6.593859E-4
0.000000E+0	0.000000E+0	0.000000E+0	0.000000E+0	1.142399E-3	4.738280E-4	9.104492E-4	6.379499E-4
0.000000E+0	0.000000E+0	0.000000E+0	0.000000E+0	1.110426E-3	4.738280E-4	9.639859E-4	6.057957E-4
0.000000E+0	0.000000E+0	0.000000E+0	0.000000E+0	1.110426E-3	5.272415E-4	9.854005E-4	6.808221E-4
0.000000E+0	0.000000E+0	0.000000E+0	0.000000E+0	1.142399E-3	4.951934E-4	9.532786E-4	6.701040E-4
0.000000E+0	0.000000E+0	0.000000E+0	0.000000E+0	1.131741E-3	4.310973E-4	9.639859E-4	6.165137E-4
0.000000E+0	0.000000E+0	0.000000E+0	0.000000E+0	1.131741E-3	4.738280E-4	9.746932E-4	5.843596E-4
