This is a C(T) experiment being done in Physics 350.
It records the decay response of an RC circuit where the capacitance is a strong function of temperature.

3/4/2017
1:30 PM

Start temp = 35.0
Temp step = 5.0
End temp = 45.0
Num temps = 3
Num avg cycles = 30
Num points per meas = 1000
Meas time interval = 1.000000E-5

DDD

3.000000E+1	3.000000E+0	3.500000E+1	1.045829E-8	1.000000E+0	1.000000E+0	1.000000E+0
1.000000E+3	0.000000E+0	4.000000E+1	1.060735E-8	9.901527E-1	9.902502E-1	9.897976E-1
1.000000E-5	0.000000E+0	4.500000E+1	1.008768E-8	9.804185E-1	9.806321E-1	9.796993E-1
0.000000E+0	0.000000E+0	0.000000E+0	0.000000E+0	9.708208E-1	9.711273E-1	9.697349E-1
0.000000E+0	0.000000E+0	0.000000E+0	0.000000E+0	9.613340E-1	9.617657E-1	9.598607E-1
0.000000E+0	0.000000E+0	0.000000E+0	0.000000E+0	9.519350E-1	9.524342E-1	9.501298E-1
0.000000E+0	0.000000E+0	0.000000E+0	0.000000E+0	9.426284E-1	9.433083E-1	9.405144E-1
0.000000E+0	0.000000E+0	0.000000E+0	0.000000E+0	9.334675E-1	9.341917E-1	9.309891E-1
0.000000E+0	0.000000E+0	0.000000E+0	0.000000E+0	9.243666E-1	9.251884E-1	9.215794E-1
0.000000E+0	0.000000E+0	0.000000E+0	0.000000E+0	9.153859E-1	9.162959E-1	9.122736E-1
0.000000E+0	0.000000E+0	0.000000E+0	0.000000E+0	9.064768E-1	9.074867E-1	9.030511E-1
0.000000E+0	0.000000E+0	0.000000E+0	0.000000E+0	8.976741E-1	8.987745E-1	8.939764E-1
0.000000E+0	0.000000E+0	0.000000E+0	0.000000E+0	8.889430E-1	8.901594E-1	8.849410E-1
0.000000E+0	0.000000E+0	0.000000E+0	0.000000E+0	8.803344E-1	8.816228E-1	8.760605E-1
0.000000E+0	0.000000E+0	0.000000E+0	0.000000E+0	8.717882E-1	8.731926E-1	8.672239E-1
0.000000E+0	0.000000E+0	0.000000E+0	0.000000E+0	8.633552E-1	8.648455E-1	8.585374E-1
0.000000E+0	0.000000E+0	0.000000E+0	0.000000E+0	8.550193E-1	8.565863E-1	8.499227E-1
0.000000E+0	0.000000E+0	0.000000E+0	0.000000E+0	8.467620E-1	8.484079E-1	8.414072E-1
0.000000E+0	0.000000E+0	0.000000E+0	0.000000E+0	8.385532E-1	8.403197E-1	8.329842E-1
0.000000E+0	0.000000E+0	0.000000E+0	0.000000E+0	8.304692E-1	8.323101E-1	8.246167E-1
0.000000E+0	0.000000E+0	0.000000E+0	0.000000E+0	8.224522E-1	8.243559E-1	8.163740E-1
0.000000E+0	0.000000E+0	0.000000E+0	0.000000E+0	8.145184E-1	8.165195E-1	8.081983E-1
0.000000E+0	0.000000E+0	0.000000E+0	0.000000E+0	8.066586E-1	8.087364E-1	8.001334E-1
0.000000E+0	0.000000E+0	0.000000E+0	0.000000E+0	7.988797E-1	8.010641E-1	7.921541E-1
0.000000E+0	0.000000E+0	0.000000E+0	0.000000E+0	7.911862E-1	7.934427E-1	7.842442E-1
0.000000E+0	0.000000E+0	0.000000E+0	0.000000E+0	7.835899E-1	7.859068E-1	7.764151E-1
0.000000E+0	0.000000E+0	0.000000E+0	0.000000E+0	7.760467E-1	7.784379E-1	7.686553E-1
0.000000E+0	0.000000E+0	0.000000E+0	0.000000E+0	7.685843E-1	7.710545E-1	7.610249E-1
0.000000E+0	0.000000E+0	0.000000E+0	0.000000E+0	7.612029E-1	7.637381E-1	7.534385E-1
0.000000E+0	0.000000E+0	0.000000E+0	0.000000E+0	7.538931E-1	7.564957E-1	7.459352E-1
0.000000E+0	0.000000E+0	0.000000E+0	0.000000E+0	7.466665E-1	7.493504E-1	7.385244E-1
0.000000E+0	0.000000E+0	0.000000E+0	0.000000E+0	7.394862E-1	7.422466E-1	7.312152E-1
0.000000E+0	0.000000E+0	0.000000E+0	0.000000E+0	7.324213E-1	7.352214E-1	7.239292E-1
0.000000E+0	0.000000E+0	0.000000E+0	0.000000E+0	7.253889E-1	7.282748E-1	7.167494E-1
0.000000E+0	0.000000E+0	0.000000E+0	0.000000E+0	7.184304E-1	7.214068E-1	7.096275E-1
0.000000E+0	0.000000E+0	0.000000E+0	0.000000E+0	7.115759E-1	7.145734E-1	7.025887E-1
0.000000E+0	0.000000E+0	0.000000E+0	0.000000E+0	7.047560E-1	7.078163E-1	6.956308E-1
0.000000E+0	0.000000E+0	0.000000E+0	0.000000E+0	6.980378E-1	7.011839E-1	6.887422E-1
0.000000E+0	0.000000E+0	0.000000E+0	0.000000E+0	6.913474E-1	6.945701E-1	6.819114E-1
0.000000E+0	0.000000E+0	0.000000E+0	0.000000E+0	6.847494E-1	6.880163E-1	6.751846E-1
0.000000E+0	0.000000E+0	0.000000E+0	0.000000E+0	6.782231E-1	6.815550E-1	6.685109E-1
0.000000E+0	0.000000E+0	0.000000E+0	0.000000E+0	6.717337E-1	6.751122E-1	6.619112E-1
0.000000E+0	0.000000E+0	0.000000E+0	0.000000E+0	6.653229E-1	6.687826E-1	6.553508E-1
0.000000E+0	0.000000E+0	0.000000E+0	0.000000E+0	6.589584E-1	6.624553E-1	6.488966E-1
0.000000E+0	0.000000E+0	0.000000E+0	0.000000E+0	6.527024E-1	6.562644E-1	6.424933E-1
0.000000E+0	0.000000E+0	0.000000E+0	0.000000E+0	6.464858E-1	6.500919E-1	6.361686E-1
0.000000E+0	0.000000E+0	0.000000E+0	0.000000E+0	6.403199E-1	6.440050E-1	6.298762E-1
0.000000E+0	0.000000E+0	0.000000E+0	0.000000E+0	6.342235E-1	6.379481E-1	6.236717E-1
0.000000E+0	0.000000E+0	0.000000E+0	0.000000E+0	6.281940E-1	6.319466E-1	6.175156E-1
0.000000E+0	0.000000E+0	0.000000E+0	0.000000E+0	6.222246E-1	6.260284E-1	6.114613E-1
0.000000E+0	0.000000E+0	0.000000E+0	0.000000E+0	6.162922E-1	6.201679E-1	6.054416E-1
0.000000E+0	0.000000E+0	0.000000E+0	0.000000E+0	6.104361E-1	6.143513E-1	5.994958E-1
0.000000E+0	0.000000E+0	0.000000E+0	0.000000E+0	6.046308E-1	6.085810E-1	5.935986E-1
0.000000E+0	0.000000E+0	0.000000E+0	0.000000E+0	5.989249E-1	6.028846E-1	5.877776E-1
0.000000E+0	0.000000E+0	0.000000E+0	0.000000E+0	5.932097E-1	5.972598E-1	5.819867E-1
0.000000E+0	0.000000E+0	0.000000E+0	0.000000E+0	5.876101E-1	5.916744E-1	5.762767E-1
0.000000E+0	0.000000E+0	0.000000E+0	0.000000E+0	5.820498E-1	5.861675E-1	5.706175E-1
0.000000E+0	0.000000E+0	0.000000E+0	0.000000E+0	5.765218E-1	5.806744E-1	5.650137E-1
0.000000E+0	0.000000E+0	0.000000E+0	0.000000E+0	5.710701E-1	5.752507E-1	5.594701E-1
0.000000E+0	0.000000E+0	0.000000E+0	0.000000E+0	5.656392E-1	5.698756E-1	5.540027E-1
0.000000E+0	0.000000E+0	0.000000E+0	0.000000E+0	5.602776E-1	5.645512E-1	5.485630E-1
0.000000E+0	0.000000E+0	0.000000E+0	0.000000E+0	5.549715E-1	5.593031E-1	5.431811E-1
0.000000E+0	0.000000E+0	0.000000E+0	0.000000E+0	5.497116E-1	5.540920E-1	5.378754E-1
0.000000E+0	0.000000E+0	0.000000E+0	0.000000E+0	5.445326E-1	5.489295E-1	5.326044E-1
0.000000E+0	0.000000E+0	0.000000E+0	0.000000E+0	5.393998E-1	5.438131E-1	5.273589E-1
0.000000E+0	0.000000E+0	0.000000E+0	0.000000E+0	5.342901E-1	5.387291E-1	5.222566E-1
0.000000E+0	0.000000E+0	0.000000E+0	0.000000E+0	5.292637E-1	5.337306E-1	5.171404E-1
0.000000E+0	0.000000E+0	0.000000E+0	0.000000E+0	5.242742E-1	5.287391E-1	5.120636E-1
0.000000E+0	0.000000E+0	0.000000E+0	0.000000E+0	5.192847E-1	5.238399E-1	5.070560E-1
0.000000E+0	0.000000E+0	0.000000E+0	0.000000E+0	5.144246E-1	5.189708E-1	5.021363E-1
0.000000E+0	0.000000E+0	0.000000E+0	0.000000E+0	5.095460E-1	5.141410E-1	4.972212E-1
0.000000E+0	0.000000E+0	0.000000E+0	0.000000E+0	5.047391E-1	5.093690E-1	4.923661E-1
0.000000E+0	0.000000E+0	0.000000E+0	0.000000E+0	4.999923E-1	5.046340E-1	4.875642E-1
0.000000E+0	0.000000E+0	0.000000E+0	0.000000E+0	4.952917E-1	4.999706E-1	4.828178E-1
0.000000E+0	0.000000E+0	0.000000E+0	0.000000E+0	4.906234E-1	4.953048E-1	4.780991E-1
0.000000E+0	0.000000E+0	0.000000E+0	0.000000E+0	4.860199E-1	4.907061E-1	4.734475E-1
0.000000E+0	0.000000E+0	0.000000E+0	0.000000E+0	4.814024E-1	4.861606E-1	4.688374E-1
0.000000E+0	0.000000E+0	0.000000E+0	0.000000E+0	4.768844E-1	4.816612E-1	4.642527E-1
0.000000E+0	0.000000E+0	0.000000E+0	0.000000E+0	4.724033E-1	4.772012E-1	4.597304E-1
0.000000E+0	0.000000E+0	0.000000E+0	0.000000E+0	4.679662E-1	4.727643E-1	4.552682E-1
0.000000E+0	0.000000E+0	0.000000E+0	0.000000E+0	4.635614E-1	4.683735E-1	4.508453E-1
0.000000E+0	0.000000E+0	0.000000E+0	0.000000E+0	4.592074E-1	4.640406E-1	4.464756E-1
0.000000E+0	0.000000E+0	0.000000E+0	0.000000E+0	4.549066E-1	4.597608E-1	4.421174E-1
0.000000E+0	0.000000E+0	0.000000E+0	0.000000E+0	4.506220E-1	4.554879E-1	4.378377E-1
0.000000E+0	0.000000E+0	0.000000E+0	0.000000E+0	4.464113E-1	4.512751E-1	4.335581E-1
0.000000E+0	0.000000E+0	0.000000E+0	0.000000E+0	4.422214E-1	4.470901E-1	4.293755E-1
0.000000E+0	0.000000E+0	0.000000E+0	0.000000E+0	4.380708E-1	4.429905E-1	4.251629E-1
0.000000E+0	0.000000E+0	0.000000E+0	0.000000E+0	4.339641E-1	4.388933E-1	4.210589E-1
0.000000E+0	0.000000E+0	0.000000E+0	0.000000E+0	4.299129E-1	4.348400E-1	4.169664E-1
0.000000E+0	0.000000E+0	0.000000E+0	0.000000E+0	4.258594E-1	4.308121E-1	4.129040E-1
0.000000E+0	0.000000E+0	0.000000E+0	0.000000E+0	4.218729E-1	4.268581E-1	4.089248E-1
0.000000E+0	0.000000E+0	0.000000E+0	0.000000E+0	4.179234E-1	4.229180E-1	4.049479E-1
0.000000E+0	0.000000E+0	0.000000E+0	0.000000E+0	4.140224E-1	4.189987E-1	4.010310E-1
0.000000E+0	0.000000E+0	0.000000E+0	0.000000E+0	4.101399E-1	4.151095E-1	3.971651E-1
0.000000E+0	0.000000E+0	0.000000E+0	0.000000E+0	4.062897E-1	4.113103E-1	3.933106E-1
0.000000E+0	0.000000E+0	0.000000E+0	0.000000E+0	4.024765E-1	4.075181E-1	3.894978E-1
0.000000E+0	0.000000E+0	0.000000E+0	0.000000E+0	3.987119E-1	4.037722E-1	3.857173E-1
0.000000E+0	0.000000E+0	0.000000E+0	0.000000E+0	3.950004E-1	4.000424E-1	3.819945E-1
0.000000E+0	0.000000E+0	0.000000E+0	0.000000E+0	3.913212E-1	3.963611E-1	3.782972E-1
0.000000E+0	0.000000E+0	0.000000E+0	0.000000E+0	3.876721E-1	3.927053E-1	3.746323E-1
0.000000E+0	0.000000E+0	0.000000E+0	0.000000E+0	3.840323E-1	3.890979E-1	3.710297E-1
0.000000E+0	0.000000E+0	0.000000E+0	0.000000E+0	3.804410E-1	3.855114E-1	3.674410E-1
0.000000E+0	0.000000E+0	0.000000E+0	0.000000E+0	3.768843E-1	3.819619E-1	3.638870E-1
0.000000E+0	0.000000E+0	0.000000E+0	0.000000E+0	3.733993E-1	3.784585E-1	3.603838E-1
0.000000E+0	0.000000E+0	0.000000E+0	0.000000E+0	3.699027E-1	3.749829E-1	3.568783E-1
0.000000E+0	0.000000E+0	0.000000E+0	0.000000E+0	3.664455E-1	3.715397E-1	3.534583E-1
0.000000E+0	0.000000E+0	0.000000E+0	0.000000E+0	3.630367E-1	3.681311E-1	3.500314E-1
0.000000E+0	0.000000E+0	0.000000E+0	0.000000E+0	3.596811E-1	3.647364E-1	3.466691E-1
0.000000E+0	0.000000E+0	0.000000E+0	0.000000E+0	3.562909E-1	3.613763E-1	3.433161E-1
0.000000E+0	0.000000E+0	0.000000E+0	0.000000E+0	3.529630E-1	3.580602E-1	3.399955E-1
0.000000E+0	0.000000E+0	0.000000E+0	0.000000E+0	3.497022E-1	3.547926E-1	3.367303E-1
0.000000E+0	0.000000E+0	0.000000E+0	0.000000E+0	3.464367E-1	3.515365E-1	3.334721E-1
0.000000E+0	0.000000E+0	0.000000E+0	0.000000E+0	3.432267E-1	3.483313E-1	3.302531E-1
0.000000E+0	0.000000E+0	0.000000E+0	0.000000E+0	3.400190E-1	3.451261E-1	3.271035E-1
0.000000E+0	0.000000E+0	0.000000E+0	0.000000E+0	3.368760E-1	3.419278E-1	3.239376E-1
0.000000E+0	0.000000E+0	0.000000E+0	0.000000E+0	3.337400E-1	3.388335E-1	3.208365E-1
0.000000E+0	0.000000E+0	0.000000E+0	0.000000E+0	3.306293E-1	3.357230E-1	3.177192E-1
0.000000E+0	0.000000E+0	0.000000E+0	0.000000E+0	3.275441E-1	3.326449E-1	3.146805E-1
0.000000E+0	0.000000E+0	0.000000E+0	0.000000E+0	3.245236E-1	3.296084E-1	3.116603E-1
0.000000E+0	0.000000E+0	0.000000E+0	0.000000E+0	3.215101E-1	3.265926E-1	3.086678E-1
0.000000E+0	0.000000E+0	0.000000E+0	0.000000E+0	3.184850E-1	3.236324E-1	3.056845E-1
0.000000E+0	0.000000E+0	0.000000E+0	0.000000E+0	3.155615E-1	3.206328E-1	3.027613E-1
0.000000E+0	0.000000E+0	0.000000E+0	0.000000E+0	3.126242E-1	3.177049E-1	2.998312E-1
0.000000E+0	0.000000E+0	0.000000E+0	0.000000E+0	3.097424E-1	3.148047E-1	2.969843E-1
0.000000E+0	0.000000E+0	0.000000E+0	0.000000E+0	3.068652E-1	3.119392E-1	2.941374E-1
0.000000E+0	0.000000E+0	0.000000E+0	0.000000E+0	3.040226E-1	3.090621E-1	2.913090E-1
0.000000E+0	0.000000E+0	0.000000E+0	0.000000E+0	3.012148E-1	3.062590E-1	2.885244E-1
0.000000E+0	0.000000E+0	0.000000E+0	0.000000E+0	2.984254E-1	3.034698E-1	2.857676E-1
0.000000E+0	0.000000E+0	0.000000E+0	0.000000E+0	2.956475E-1	3.006944E-1	2.830016E-1
0.000000E+0	0.000000E+0	0.000000E+0	0.000000E+0	2.929298E-1	2.979652E-1	2.802933E-1
0.000000E+0	0.000000E+0	0.000000E+0	0.000000E+0	2.902189E-1	2.952314E-1	2.776428E-1
0.000000E+0	0.000000E+0	0.000000E+0	0.000000E+0	2.875197E-1	2.925600E-1	2.749738E-1
0.000000E+0	0.000000E+0	0.000000E+0	0.000000E+0	2.848528E-1	2.898586E-1	2.723233E-1
0.000000E+0	0.000000E+0	0.000000E+0	0.000000E+0	2.822321E-1	2.872496E-1	2.697306E-1
0.000000E+0	0.000000E+0	0.000000E+0	0.000000E+0	2.796068E-1	2.846382E-1	2.671448E-1
0.000000E+0	0.000000E+0	0.000000E+0	0.000000E+0	2.770462E-1	2.820385E-1	2.645960E-1
0.000000E+0	0.000000E+0	0.000000E+0	0.000000E+0	2.744532E-1	2.794757E-1	2.620495E-1
0.000000E+0	0.000000E+0	0.000000E+0	0.000000E+0	2.719504E-1	2.769291E-1	2.595538E-1
0.000000E+0	0.000000E+0	0.000000E+0	0.000000E+0	2.694360E-1	2.744102E-1	2.570650E-1
0.000000E+0	0.000000E+0	0.000000E+0	0.000000E+0	2.669632E-1	2.719029E-1	2.546410E-1
0.000000E+0	0.000000E+0	0.000000E+0	0.000000E+0	2.644673E-1	2.694487E-1	2.521730E-1
0.000000E+0	0.000000E+0	0.000000E+0	0.000000E+0	2.620523E-1	2.669945E-1	2.497814E-1
0.000000E+0	0.000000E+0	0.000000E+0	0.000000E+0	2.596258E-1	2.645773E-1	2.473804E-1
0.000000E+0	0.000000E+0	0.000000E+0	0.000000E+0	2.572431E-1	2.621647E-1	2.450165E-1
0.000000E+0	0.000000E+0	0.000000E+0	0.000000E+0	2.548697E-1	2.597730E-1	2.426687E-1
0.000000E+0	0.000000E+0	0.000000E+0	0.000000E+0	2.525425E-1	2.574228E-1	2.403740E-1
0.000000E+0	0.000000E+0	0.000000E+0	0.000000E+0	2.502130E-1	2.551049E-1	2.380910E-1
0.000000E+0	0.000000E+0	0.000000E+0	0.000000E+0	2.478951E-1	2.527617E-1	2.358264E-1
0.000000E+0	0.000000E+0	0.000000E+0	0.000000E+0	2.456118E-1	2.504670E-1	2.335918E-1
0.000000E+0	0.000000E+0	0.000000E+0	0.000000E+0	2.433516E-1	2.482069E-1	2.313503E-1
0.000000E+0	0.000000E+0	0.000000E+0	0.000000E+0	2.410961E-1	2.459723E-1	2.291412E-1
0.000000E+0	0.000000E+0	0.000000E+0	0.000000E+0	2.388706E-1	2.437422E-1	2.269621E-1
0.000000E+0	0.000000E+0	0.000000E+0	0.000000E+0	2.367051E-1	2.415261E-1	2.248061E-1
0.000000E+0	0.000000E+0	0.000000E+0	0.000000E+0	2.345166E-1	2.393492E-1	2.226686E-1
0.000000E+0	0.000000E+0	0.000000E+0	0.000000E+0	2.323766E-1	2.371885E-1	2.205635E-1
0.000000E+0	0.000000E+0	0.000000E+0	0.000000E+0	2.302181E-1	2.350163E-1	2.184583E-1
0.000000E+0	0.000000E+0	0.000000E+0	0.000000E+0	2.281151E-1	2.329064E-1	2.163878E-1
0.000000E+0	0.000000E+0	0.000000E+0	0.000000E+0	2.260444E-1	2.308035E-1	2.143428E-1
0.000000E+0	0.000000E+0	0.000000E+0	0.000000E+0	2.239276E-1	2.287122E-1	2.122630E-1
0.000000E+0	0.000000E+0	0.000000E+0	0.000000E+0	2.218569E-1	2.266347E-1	2.102457E-1
0.000000E+0	0.000000E+0	0.000000E+0	0.000000E+0	2.198163E-1	2.245872E-1	2.082838E-1
0.000000E+0	0.000000E+0	0.000000E+0	0.000000E+0	2.178149E-1	2.225698E-1	2.062965E-1
0.000000E+0	0.000000E+0	0.000000E+0	0.000000E+0	2.158390E-1	2.205847E-1	2.043138E-1
0.000000E+0	0.000000E+0	0.000000E+0	0.000000E+0	2.138539E-1	2.185743E-1	2.023936E-1
0.000000E+0	0.000000E+0	0.000000E+0	0.000000E+0	2.118826E-1	2.166077E-1	2.004802E-1
0.000000E+0	0.000000E+0	0.000000E+0	0.000000E+0	2.099690E-1	2.146434E-1	1.985853E-1
0.000000E+0	0.000000E+0	0.000000E+0	0.000000E+0	2.080139E-1	2.127231E-1	1.966928E-1
0.000000E+0	0.000000E+0	0.000000E+0	0.000000E+0	2.061120E-1	2.107704E-1	1.948326E-1
0.000000E+0	0.000000E+0	0.000000E+0	0.000000E+0	2.042354E-1	2.088754E-1	1.930140E-1
0.000000E+0	0.000000E+0	0.000000E+0	0.000000E+0	2.023728E-1	2.069990E-1	1.911792E-1
0.000000E+0	0.000000E+0	0.000000E+0	0.000000E+0	2.005124E-1	2.051318E-1	1.893652E-1
0.000000E+0	0.000000E+0	0.000000E+0	0.000000E+0	1.986913E-1	2.032784E-1	1.875420E-1
0.000000E+0	0.000000E+0	0.000000E+0	0.000000E+0	1.968749E-1	2.014898E-1	1.858043E-1
0.000000E+0	0.000000E+0	0.000000E+0	0.000000E+0	1.950908E-1	1.996272E-1	1.840342E-1
0.000000E+0	0.000000E+0	0.000000E+0	0.000000E+0	1.932836E-1	1.978594E-1	1.823057E-1
0.000000E+0	0.000000E+0	0.000000E+0	0.000000E+0	1.915156E-1	1.960661E-1	1.805888E-1
0.000000E+0	0.000000E+0	0.000000E+0	0.000000E+0	1.897870E-1	1.943352E-1	1.788880E-1
0.000000E+0	0.000000E+0	0.000000E+0	0.000000E+0	1.880699E-1	1.925674E-1	1.771942E-1
0.000000E+0	0.000000E+0	0.000000E+0	0.000000E+0	1.863274E-1	1.908620E-1	1.755096E-1
0.000000E+0	0.000000E+0	0.000000E+0	0.000000E+0	1.846311E-1	1.891519E-1	1.738574E-1
0.000000E+0	0.000000E+0	0.000000E+0	0.000000E+0	1.829418E-1	1.874280E-1	1.721959E-1
0.000000E+0	0.000000E+0	0.000000E+0	0.000000E+0	1.813056E-1	1.857387E-1	1.706084E-1
0.000000E+0	0.000000E+0	0.000000E+0	0.000000E+0	1.796255E-1	1.840772E-1	1.689977E-1
0.000000E+0	0.000000E+0	0.000000E+0	0.000000E+0	1.779985E-1	1.824156E-1	1.674010E-1
0.000000E+0	0.000000E+0	0.000000E+0	0.000000E+0	1.763554E-1	1.807980E-1	1.658250E-1
0.000000E+0	0.000000E+0	0.000000E+0	0.000000E+0	1.748001E-1	1.791619E-1	1.642560E-1
0.000000E+0	0.000000E+0	0.000000E+0	0.000000E+0	1.731801E-1	1.775628E-1	1.627147E-1
0.000000E+0	0.000000E+0	0.000000E+0	0.000000E+0	1.716040E-1	1.759705E-1	1.611826E-1
0.000000E+0	0.000000E+0	0.000000E+0	0.000000E+0	1.700671E-1	1.743922E-1	1.596644E-1
0.000000E+0	0.000000E+0	0.000000E+0	0.000000E+0	1.684957E-1	1.728393E-1	1.581693E-1
0.000000E+0	0.000000E+0	0.000000E+0	0.000000E+0	1.669727E-1	1.713025E-1	1.566973E-1
0.000000E+0	0.000000E+0	0.000000E+0	0.000000E+0	1.654544E-1	1.697519E-1	1.552022E-1
0.000000E+0	0.000000E+0	0.000000E+0	0.000000E+0	1.639615E-1	1.682267E-1	1.537464E-1
0.000000E+0	0.000000E+0	0.000000E+0	0.000000E+0	1.624616E-1	1.667223E-1	1.523114E-1
0.000000E+0	0.000000E+0	0.000000E+0	0.000000E+0	1.609826E-1	1.652457E-1	1.508648E-1
0.000000E+0	0.000000E+0	0.000000E+0	0.000000E+0	1.595243E-1	1.637759E-1	1.494691E-1
0.000000E+0	0.000000E+0	0.000000E+0	0.000000E+0	1.580684E-1	1.623062E-1	1.480688E-1
0.000000E+0	0.000000E+0	0.000000E+0	0.000000E+0	1.566656E-1	1.608642E-1	1.466684E-1
0.000000E+0	0.000000E+0	0.000000E+0	0.000000E+0	1.552189E-1	1.594430E-1	1.452935E-1
0.000000E+0	0.000000E+0	0.000000E+0	0.000000E+0	1.538207E-1	1.580033E-1	1.439509E-1
0.000000E+0	0.000000E+0	0.000000E+0	0.000000E+0	1.524295E-1	1.565891E-1	1.425760E-1
0.000000E+0	0.000000E+0	0.000000E+0	0.000000E+0	1.510568E-1	1.551910E-1	1.412565E-1
0.000000E+0	0.000000E+0	0.000000E+0	0.000000E+0	1.496679E-1	1.538067E-1	1.399393E-1
0.000000E+0	0.000000E+0	0.000000E+0	0.000000E+0	1.483575E-1	1.524664E-1	1.386314E-1
0.000000E+0	0.000000E+0	0.000000E+0	0.000000E+0	1.469871E-1	1.510938E-1	1.373212E-1
0.000000E+0	0.000000E+0	0.000000E+0	0.000000E+0	1.456675E-1	1.497581E-1	1.360179E-1
0.000000E+0	0.000000E+0	0.000000E+0	0.000000E+0	1.443456E-1	1.484270E-1	1.347608E-1
0.000000E+0	0.000000E+0	0.000000E+0	0.000000E+0	1.430330E-1	1.470890E-1	1.334922E-1
0.000000E+0	0.000000E+0	0.000000E+0	0.000000E+0	1.417365E-1	1.457856E-1	1.322443E-1
0.000000E+0	0.000000E+0	0.000000E+0	0.000000E+0	1.404724E-1	1.444915E-1	1.310104E-1
0.000000E+0	0.000000E+0	0.000000E+0	0.000000E+0	1.392036E-1	1.432205E-1	1.298064E-1
0.000000E+0	0.000000E+0	0.000000E+0	0.000000E+0	1.379302E-1	1.418941E-1	1.285702E-1
0.000000E+0	0.000000E+0	0.000000E+0	0.000000E+0	1.366846E-1	1.406670E-1	1.273732E-1
0.000000E+0	0.000000E+0	0.000000E+0	0.000000E+0	1.354482E-1	1.394145E-1	1.261831E-1
0.000000E+0	0.000000E+0	0.000000E+0	0.000000E+0	1.342349E-1	1.381897E-1	1.250161E-1
0.000000E+0	0.000000E+0	0.000000E+0	0.000000E+0	1.330332E-1	1.369511E-1	1.238630E-1
0.000000E+0	0.000000E+0	0.000000E+0	0.000000E+0	1.318361E-1	1.357494E-1	1.227053E-1
0.000000E+0	0.000000E+0	0.000000E+0	0.000000E+0	1.306413E-1	1.345108E-1	1.215753E-1
0.000000E+0	0.000000E+0	0.000000E+0	0.000000E+0	1.295043E-1	1.333507E-1	1.204222E-1
0.000000E+0	0.000000E+0	0.000000E+0	0.000000E+0	1.283257E-1	1.321698E-1	1.192830E-1
0.000000E+0	0.000000E+0	0.000000E+0	0.000000E+0	1.271263E-1	1.310074E-1	1.182016E-1
0.000000E+0	0.000000E+0	0.000000E+0	0.000000E+0	1.260355E-1	1.298358E-1	1.171016E-1
0.000000E+0	0.000000E+0	0.000000E+0	0.000000E+0	1.248661E-1	1.286919E-1	1.160109E-1
0.000000E+0	0.000000E+0	0.000000E+0	0.000000E+0	1.237591E-1	1.275457E-1	1.149156E-1
0.000000E+0	0.000000E+0	0.000000E+0	0.000000E+0	1.226452E-1	1.264249E-1	1.138619E-1
0.000000E+0	0.000000E+0	0.000000E+0	0.000000E+0	1.215706E-1	1.252718E-1	1.128174E-1
0.000000E+0	0.000000E+0	0.000000E+0	0.000000E+0	1.204521E-1	1.241903E-1	1.117336E-1
0.000000E+0	0.000000E+0	0.000000E+0	0.000000E+0	1.193936E-1	1.231134E-1	1.107330E-1
0.000000E+0	0.000000E+0	0.000000E+0	0.000000E+0	1.183052E-1	1.220111E-1	1.097047E-1
0.000000E+0	0.000000E+0	0.000000E+0	0.000000E+0	1.172652E-1	1.209389E-1	1.086764E-1
0.000000E+0	0.000000E+0	0.000000E+0	0.000000E+0	1.161975E-1	1.198666E-1	1.076573E-1
0.000000E+0	0.000000E+0	0.000000E+0	0.000000E+0	1.151460E-1	1.188059E-1	1.066521E-1
0.000000E+0	0.000000E+0	0.000000E+0	0.000000E+0	1.141153E-1	1.177383E-1	1.056562E-1
0.000000E+0	0.000000E+0	0.000000E+0	0.000000E+0	1.130962E-1	1.167261E-1	1.047180E-1
0.000000E+0	0.000000E+0	0.000000E+0	0.000000E+0	1.121001E-1	1.156862E-1	1.037220E-1
0.000000E+0	0.000000E+0	0.000000E+0	0.000000E+0	1.110925E-1	1.147041E-1	1.027815E-1
0.000000E+0	0.000000E+0	0.000000E+0	0.000000E+0	1.100710E-1	1.136804E-1	1.018133E-1
0.000000E+0	0.000000E+0	0.000000E+0	0.000000E+0	1.091027E-1	1.126566E-1	1.008821E-1
0.000000E+0	0.000000E+0	0.000000E+0	0.000000E+0	1.081182E-1	1.116722E-1	9.994618E-2
0.000000E+0	0.000000E+0	0.000000E+0	0.000000E+0	1.071892E-1	1.106831E-1	9.903342E-2
0.000000E+0	0.000000E+0	0.000000E+0	0.000000E+0	1.062024E-1	1.097287E-1	9.810678E-2
0.000000E+0	0.000000E+0	0.000000E+0	0.000000E+0	1.052480E-1	1.087628E-1	9.721943E-2
0.000000E+0	0.000000E+0	0.000000E+0	0.000000E+0	1.043120E-1	1.077968E-1	9.632515E-2
0.000000E+0	0.000000E+0	0.000000E+0	0.000000E+0	1.033945E-1	1.068447E-1	9.542162E-2
0.000000E+0	0.000000E+0	0.000000E+0	0.000000E+0	1.024724E-1	1.059157E-1	9.453659E-2
0.000000E+0	0.000000E+0	0.000000E+0	0.000000E+0	1.015873E-1	1.049683E-1	9.367697E-2
0.000000E+0	0.000000E+0	0.000000E+0	0.000000E+0	1.006722E-1	1.040740E-1	9.281041E-2
0.000000E+0	0.000000E+0	0.000000E+0	0.000000E+0	9.977088E-2	1.031473E-1	9.193693E-2
0.000000E+0	0.000000E+0	0.000000E+0	0.000000E+0	9.886959E-2	1.022391E-1	9.110273E-2
0.000000E+0	0.000000E+0	0.000000E+0	0.000000E+0	9.798909E-2	1.013425E-1	9.028470E-2
0.000000E+0	0.000000E+0	0.000000E+0	0.000000E+0	9.711784E-2	1.004805E-1	8.942970E-2
0.000000E+0	0.000000E+0	0.000000E+0	0.000000E+0	9.626277E-2	9.958852E-2	8.862554E-2
0.000000E+0	0.000000E+0	0.000000E+0	0.000000E+0	9.539845E-2	9.871731E-2	8.779134E-2
0.000000E+0	0.000000E+0	0.000000E+0	0.000000E+0	9.454569E-2	9.784379E-2	8.701029E-2
0.000000E+0	0.000000E+0	0.000000E+0	0.000000E+0	9.370449E-2	9.700263E-2	8.622230E-2
0.000000E+0	0.000000E+0	0.000000E+0	0.000000E+0	9.287946E-2	9.614760E-2	8.541583E-2
0.000000E+0	0.000000E+0	0.000000E+0	0.000000E+0	9.205905E-2	9.530643E-2	8.464864E-2
0.000000E+0	0.000000E+0	0.000000E+0	0.000000E+0	9.124557E-2	9.448375E-2	8.385142E-2
0.000000E+0	0.000000E+0	0.000000E+0	0.000000E+0	9.048063E-2	9.367263E-2	8.306805E-2
0.000000E+0	0.000000E+0	0.000000E+0	0.000000E+0	8.964173E-2	9.284533E-2	8.231011E-2
0.000000E+0	0.000000E+0	0.000000E+0	0.000000E+0	8.882133E-2	9.205962E-2	8.157989E-2
0.000000E+0	0.000000E+0	0.000000E+0	0.000000E+0	8.804252E-2	9.122077E-2	8.084044E-2
0.000000E+0	0.000000E+0	0.000000E+0	0.000000E+0	8.727988E-2	9.042582E-2	8.009173E-2
0.000000E+0	0.000000E+0	0.000000E+0	0.000000E+0	8.650570E-2	8.965398E-2	7.933841E-2
0.000000E+0	0.000000E+0	0.000000E+0	0.000000E+0	8.575000E-2	8.884517E-2	7.861744E-2
0.000000E+0	0.000000E+0	0.000000E+0	0.000000E+0	8.498968E-2	8.810337E-2	7.791496E-2
0.000000E+0	0.000000E+0	0.000000E+0	0.000000E+0	8.423629E-2	8.732460E-2	7.719629E-2
0.000000E+0	0.000000E+0	0.000000E+0	0.000000E+0	8.349908E-2	8.656201E-2	7.646839E-2
0.000000E+0	0.000000E+0	0.000000E+0	0.000000E+0	8.276187E-2	8.582945E-2	7.579364E-2
0.000000E+0	0.000000E+0	0.000000E+0	0.000000E+0	8.200154E-2	8.506917E-2	7.509115E-2
0.000000E+0	0.000000E+0	0.000000E+0	0.000000E+0	8.129438E-2	8.434817E-2	7.441408E-2
0.000000E+0	0.000000E+0	0.000000E+0	0.000000E+0	8.060107E-2	8.360175E-2	7.373009E-2
0.000000E+0	0.000000E+0	0.000000E+0	0.000000E+0	7.986848E-2	8.286689E-2	7.306688E-2
0.000000E+0	0.000000E+0	0.000000E+0	0.000000E+0	7.917287E-2	8.216438E-2	7.239906E-2
0.000000E+0	0.000000E+0	0.000000E+0	0.000000E+0	7.847264E-2	8.144338E-2	7.174048E-2
0.000000E+0	0.000000E+0	0.000000E+0	0.000000E+0	7.777471E-2	8.076166E-2	7.107035E-2
0.000000E+0	0.000000E+0	0.000000E+0	0.000000E+0	7.708834E-2	8.002680E-2	7.041870E-2
0.000000E+0	0.000000E+0	0.000000E+0	0.000000E+0	7.642508E-2	7.934046E-2	6.980403E-2
0.000000E+0	0.000000E+0	0.000000E+0	0.000000E+0	7.574796E-2	7.863795E-2	6.916393E-2
0.000000E+0	0.000000E+0	0.000000E+0	0.000000E+0	7.510550E-2	7.798628E-2	6.853770E-2
0.000000E+0	0.000000E+0	0.000000E+0	0.000000E+0	7.441220E-2	7.730919E-2	6.789992E-2
0.000000E+0	0.000000E+0	0.000000E+0	0.000000E+0	7.376511E-2	7.664134E-2	6.728987E-2
0.000000E+0	0.000000E+0	0.000000E+0	0.000000E+0	7.312728E-2	7.598273E-2	6.666133E-2
0.000000E+0	0.000000E+0	0.000000E+0	0.000000E+0	7.249637E-2	7.531489E-2	6.606052E-2
0.000000E+0	0.000000E+0	0.000000E+0	0.000000E+0	7.184698E-2	7.468632E-2	6.548282E-2
0.000000E+0	0.000000E+0	0.000000E+0	0.000000E+0	7.120914E-2	7.400461E-2	6.487277E-2
0.000000E+0	0.000000E+0	0.000000E+0	0.000000E+0	7.057824E-2	7.337605E-2	6.427658E-2
0.000000E+0	0.000000E+0	0.000000E+0	0.000000E+0	6.995195E-2	7.275442E-2	6.373816E-2
0.000000E+0	0.000000E+0	0.000000E+0	0.000000E+0	6.934647E-2	7.211661E-2	6.310962E-2
0.000000E+0	0.000000E+0	0.000000E+0	0.000000E+0	6.873174E-2	7.149960E-2	6.256427E-2
0.000000E+0	0.000000E+0	0.000000E+0	0.000000E+0	6.815168E-2	7.086410E-2	6.198426E-2
0.000000E+0	0.000000E+0	0.000000E+0	0.000000E+0	6.756699E-2	7.026789E-2	6.144122E-2
0.000000E+0	0.000000E+0	0.000000E+0	0.000000E+0	6.696382E-2	6.965551E-2	6.086583E-2
0.000000E+0	0.000000E+0	0.000000E+0	0.000000E+0	6.638838E-2	6.906854E-2	6.033897E-2
0.000000E+0	0.000000E+0	0.000000E+0	0.000000E+0	6.578290E-2	6.846078E-2	5.978437E-2
0.000000E+0	0.000000E+0	0.000000E+0	0.000000E+0	6.523288E-2	6.787612E-2	5.928293E-2
0.000000E+0	0.000000E+0	0.000000E+0	0.000000E+0	6.466206E-2	6.733306E-2	5.871678E-2
0.000000E+0	0.000000E+0	0.000000E+0	0.000000E+0	6.411435E-2	6.674147E-2	5.820609E-2
0.000000E+0	0.000000E+0	0.000000E+0	0.000000E+0	6.353198E-2	6.616837E-2	5.767923E-2
0.000000E+0	0.000000E+0	0.000000E+0	0.000000E+0	6.298889E-2	6.557678E-2	5.715468E-2
0.000000E+0	0.000000E+0	0.000000E+0	0.000000E+0	6.245043E-2	6.503372E-2	5.659546E-2
0.000000E+0	0.000000E+0	0.000000E+0	0.000000E+0	6.188654E-2	6.448835E-2	5.612175E-2
0.000000E+0	0.000000E+0	0.000000E+0	0.000000E+0	6.135039E-2	6.392449E-2	5.559950E-2
0.000000E+0	0.000000E+0	0.000000E+0	0.000000E+0	6.081886E-2	6.336526E-2	5.512117E-2
0.000000E+0	0.000000E+0	0.000000E+0	0.000000E+0	6.030119E-2	6.285917E-2	5.461741E-2
0.000000E+0	0.000000E+0	0.000000E+0	0.000000E+0	5.978815E-2	6.229762E-2	5.415294E-2
0.000000E+0	0.000000E+0	0.000000E+0	0.000000E+0	5.924275E-2	6.176150E-2	5.363070E-2
0.000000E+0	0.000000E+0	0.000000E+0	0.000000E+0	5.873202E-2	6.124617E-2	5.315236E-2
0.000000E+0	0.000000E+0	0.000000E+0	0.000000E+0	5.823053E-2	6.070542E-2	5.269251E-2
0.000000E+0	0.000000E+0	0.000000E+0	0.000000E+0	5.774984E-2	6.017622E-2	5.221417E-2
0.000000E+0	0.000000E+0	0.000000E+0	0.000000E+0	5.723217E-2	5.968400E-2	5.175663E-2
0.000000E+0	0.000000E+0	0.000000E+0	0.000000E+0	5.671682E-2	5.918485E-2	5.128754E-2
0.000000E+0	0.000000E+0	0.000000E+0	0.000000E+0	5.623382E-2	5.866259E-2	5.083000E-2
0.000000E+0	0.000000E+0	0.000000E+0	0.000000E+0	5.573926E-2	5.817037E-2	5.038170E-2
0.000000E+0	0.000000E+0	0.000000E+0	0.000000E+0	5.527937E-2	5.768508E-2	4.993572E-2
0.000000E+0	0.000000E+0	0.000000E+0	0.000000E+0	5.480099E-2	5.717899E-2	4.947125E-2
0.000000E+0	0.000000E+0	0.000000E+0	0.000000E+0	5.434110E-2	5.670988E-2	4.903682E-2
0.000000E+0	0.000000E+0	0.000000E+0	0.000000E+0	5.385810E-2	5.621766E-2	4.860238E-2
0.000000E+0	0.000000E+0	0.000000E+0	0.000000E+0	5.338204E-2	5.574624E-2	4.816564E-2
0.000000E+0	0.000000E+0	0.000000E+0	0.000000E+0	5.291521E-2	5.524015E-2	4.772659E-2
0.000000E+0	0.000000E+0	0.000000E+0	0.000000E+0	5.246919E-2	5.478953E-2	4.731295E-2
0.000000E+0	0.000000E+0	0.000000E+0	0.000000E+0	5.201392E-2	5.434122E-2	4.689932E-2
0.000000E+0	0.000000E+0	0.000000E+0	0.000000E+0	5.157714E-2	5.387673E-2	4.646489E-2
0.000000E+0	0.000000E+0	0.000000E+0	0.000000E+0	5.111725E-2	5.340531E-2	4.605126E-2
0.000000E+0	0.000000E+0	0.000000E+0	0.000000E+0	5.070589E-2	5.295930E-2	4.565149E-2
0.000000E+0	0.000000E+0	0.000000E+0	0.000000E+0	5.026680E-2	5.250868E-2	4.523554E-2
0.000000E+0	0.000000E+0	0.000000E+0	0.000000E+0	4.980922E-2	5.207423E-2	4.481960E-2
0.000000E+0	0.000000E+0	0.000000E+0	0.000000E+0	4.938168E-2	5.163516E-2	4.446142E-2
0.000000E+0	0.000000E+0	0.000000E+0	0.000000E+0	4.898650E-2	5.117760E-2	4.405010E-2
0.000000E+0	0.000000E+0	0.000000E+0	0.000000E+0	4.857283E-2	5.076627E-2	4.365033E-2
0.000000E+0	0.000000E+0	0.000000E+0	0.000000E+0	4.812219E-2	5.033875E-2	4.327598E-2
0.000000E+0	0.000000E+0	0.000000E+0	0.000000E+0	4.771776E-2	4.991586E-2	4.288545E-2
0.000000E+0	0.000000E+0	0.000000E+0	0.000000E+0	4.732951E-2	4.949296E-2	4.250186E-2
0.000000E+0	0.000000E+0	0.000000E+0	0.000000E+0	4.690891E-2	4.910242E-2	4.212520E-2
0.000000E+0	0.000000E+0	0.000000E+0	0.000000E+0	4.648137E-2	4.866797E-2	4.179013E-2
0.000000E+0	0.000000E+0	0.000000E+0	0.000000E+0	4.610006E-2	4.825201E-2	4.140191E-2
0.000000E+0	0.000000E+0	0.000000E+0	0.000000E+0	4.573492E-2	4.784992E-2	4.104605E-2
0.000000E+0	0.000000E+0	0.000000E+0	0.000000E+0	4.533280E-2	4.743627E-2	4.067632E-2
0.000000E+0	0.000000E+0	0.000000E+0	0.000000E+0	4.493993E-2	4.705035E-2	4.029273E-2
0.000000E+0	0.000000E+0	0.000000E+0	0.000000E+0	4.456555E-2	4.664594E-2	3.997153E-2
0.000000E+0	0.000000E+0	0.000000E+0	0.000000E+0	4.417730E-2	4.626233E-2	3.958100E-2
0.000000E+0	0.000000E+0	0.000000E+0	0.000000E+0	4.381909E-2	4.586948E-2	3.925056E-2
0.000000E+0	0.000000E+0	0.000000E+0	0.000000E+0	4.343547E-2	4.549974E-2	3.890393E-2
0.000000E+0	0.000000E+0	0.000000E+0	0.000000E+0	4.305184E-2	4.511382E-2	3.855962E-2
0.000000E+0	0.000000E+0	0.000000E+0	0.000000E+0	4.267283E-2	4.472097E-2	3.824304E-2
0.000000E+0	0.000000E+0	0.000000E+0	0.000000E+0	4.233543E-2	4.434198E-2	3.789411E-2
0.000000E+0	0.000000E+0	0.000000E+0	0.000000E+0	4.197260E-2	4.399535E-2	3.753363E-2
0.000000E+0	0.000000E+0	0.000000E+0	0.000000E+0	4.163750E-2	4.360943E-2	3.722860E-2
0.000000E+0	0.000000E+0	0.000000E+0	0.000000E+0	4.126081E-2	4.323275E-2	3.687736E-2
0.000000E+0	0.000000E+0	0.000000E+0	0.000000E+0	4.092109E-2	4.290461E-2	3.657002E-2
0.000000E+0	0.000000E+0	0.000000E+0	0.000000E+0	4.057213E-2	4.254180E-2	3.626500E-2
0.000000E+0	0.000000E+0	0.000000E+0	0.000000E+0	4.022548E-2	4.215819E-2	3.593917E-2
0.000000E+0	0.000000E+0	0.000000E+0	0.000000E+0	3.986727E-2	4.181387E-2	3.564339E-2
0.000000E+0	0.000000E+0	0.000000E+0	0.000000E+0	3.955066E-2	4.146954E-2	3.528521E-2
0.000000E+0	0.000000E+0	0.000000E+0	0.000000E+0	3.921788E-2	4.116682E-2	3.498712E-2
0.000000E+0	0.000000E+0	0.000000E+0	0.000000E+0	3.886198E-2	4.078783E-2	3.468209E-2
0.000000E+0	0.000000E+0	0.000000E+0	0.000000E+0	3.857773E-2	4.044813E-2	3.438400E-2
0.000000E+0	0.000000E+0	0.000000E+0	0.000000E+0	3.822877E-2	4.010843E-2	3.409284E-2
0.000000E+0	0.000000E+0	0.000000E+0	0.000000E+0	3.789598E-2	3.978952E-2	3.379706E-2
0.000000E+0	0.000000E+0	0.000000E+0	0.000000E+0	3.760018E-2	3.945907E-2	3.350127E-2
0.000000E+0	0.000000E+0	0.000000E+0	0.000000E+0	3.727432E-2	3.912861E-2	3.320318E-2
0.000000E+0	0.000000E+0	0.000000E+0	0.000000E+0	3.696465E-2	3.878197E-2	3.294206E-2
0.000000E+0	0.000000E+0	0.000000E+0	0.000000E+0	3.665266E-2	3.847694E-2	3.262317E-2
0.000000E+0	0.000000E+0	0.000000E+0	0.000000E+0	3.633143E-2	3.814648E-2	3.234818E-2
0.000000E+0	0.000000E+0	0.000000E+0	0.000000E+0	3.603100E-2	3.785068E-2	3.206626E-2
0.000000E+0	0.000000E+0	0.000000E+0	0.000000E+0	3.573057E-2	3.754334E-2	3.179590E-2
0.000000E+0	0.000000E+0	0.000000E+0	0.000000E+0	3.542552E-2	3.719208E-2	3.148856E-2
0.000000E+0	0.000000E+0	0.000000E+0	0.000000E+0	3.512509E-2	3.690091E-2	3.123668E-2
0.000000E+0	0.000000E+0	0.000000E+0	0.000000E+0	3.482928E-2	3.661667E-2	3.096170E-2
0.000000E+0	0.000000E+0	0.000000E+0	0.000000E+0	3.454734E-2	3.630470E-2	3.070289E-2
0.000000E+0	0.000000E+0	0.000000E+0	0.000000E+0	3.423766E-2	3.599735E-2	3.042559E-2
0.000000E+0	0.000000E+0	0.000000E+0	0.000000E+0	3.396034E-2	3.570849E-2	3.016678E-2
0.000000E+0	0.000000E+0	0.000000E+0	0.000000E+0	3.365991E-2	3.541963E-2	2.991490E-2
0.000000E+0	0.000000E+0	0.000000E+0	0.000000E+0	3.338259E-2	3.510766E-2	2.964223E-2
0.000000E+0	0.000000E+0	0.000000E+0	0.000000E+0	3.313300E-2	3.483266E-2	2.938111E-2
0.000000E+0	0.000000E+0	0.000000E+0	0.000000E+0	3.286261E-2	3.452993E-2	2.914078E-2
0.000000E+0	0.000000E+0	0.000000E+0	0.000000E+0	3.258991E-2	3.423414E-2	2.891432E-2
0.000000E+0	0.000000E+0	0.000000E+0	0.000000E+0	3.230335E-2	3.396839E-2	2.865783E-2
0.000000E+0	0.000000E+0	0.000000E+0	0.000000E+0	3.203065E-2	3.371419E-2	2.841519E-2
0.000000E+0	0.000000E+0	0.000000E+0	0.000000E+0	3.176257E-2	3.340684E-2	2.814483E-2
0.000000E+0	0.000000E+0	0.000000E+0	0.000000E+0	3.148988E-2	3.313184E-2	2.790681E-2
0.000000E+0	0.000000E+0	0.000000E+0	0.000000E+0	3.123567E-2	3.287533E-2	2.767342E-2
0.000000E+0	0.000000E+0	0.000000E+0	0.000000E+0	3.099532E-2	3.261651E-2	2.742848E-2
0.000000E+0	0.000000E+0	0.000000E+0	0.000000E+0	3.074342E-2	3.234614E-2	2.721819E-2
0.000000E+0	0.000000E+0	0.000000E+0	0.000000E+0	3.046148E-2	3.209194E-2	2.698018E-2
0.000000E+0	0.000000E+0	0.000000E+0	0.000000E+0	3.021882E-2	3.179846E-2	2.674448E-2
0.000000E+0	0.000000E+0	0.000000E+0	0.000000E+0	2.995768E-2	3.153964E-2	2.648336E-2
0.000000E+0	0.000000E+0	0.000000E+0	0.000000E+0	2.971965E-2	3.129237E-2	2.627076E-2
0.000000E+0	0.000000E+0	0.000000E+0	0.000000E+0	2.946081E-2	3.104280E-2	2.603737E-2
0.000000E+0	0.000000E+0	0.000000E+0	0.000000E+0	2.924127E-2	3.076318E-2	2.582478E-2
0.000000E+0	0.000000E+0	0.000000E+0	0.000000E+0	2.899399E-2	3.054364E-2	2.559832E-2
0.000000E+0	0.000000E+0	0.000000E+0	0.000000E+0	2.873747E-2	3.027096E-2	2.538804E-2
0.000000E+0	0.000000E+0	0.000000E+0	0.000000E+0	2.850406E-2	3.005835E-2	2.516851E-2
0.000000E+0	0.000000E+0	0.000000E+0	0.000000E+0	2.829607E-2	2.978798E-2	2.495823E-2
0.000000E+0	0.000000E+0	0.000000E+0	0.000000E+0	2.807190E-2	2.956151E-2	2.472946E-2
0.000000E+0	0.000000E+0	0.000000E+0	0.000000E+0	2.781769E-2	2.931194E-2	2.453073E-2
0.000000E+0	0.000000E+0	0.000000E+0	0.000000E+0	2.757965E-2	2.907854E-2	2.432044E-2
0.000000E+0	0.000000E+0	0.000000E+0	0.000000E+0	2.735318E-2	2.884051E-2	2.412865E-2
0.000000E+0	0.000000E+0	0.000000E+0	0.000000E+0	2.712670E-2	2.860943E-2	2.391605E-2
0.000000E+0	0.000000E+0	0.000000E+0	0.000000E+0	2.690946E-2	2.838296E-2	2.371501E-2
0.000000E+0	0.000000E+0	0.000000E+0	0.000000E+0	2.667836E-2	2.815880E-2	2.352784E-2
0.000000E+0	0.000000E+0	0.000000E+0	0.000000E+0	2.648655E-2	2.790460E-2	2.332911E-2
0.000000E+0	0.000000E+0	0.000000E+0	0.000000E+0	2.625314E-2	2.770124E-2	2.311652E-2
0.000000E+0	0.000000E+0	0.000000E+0	0.000000E+0	2.604284E-2	2.746553E-2	2.291548E-2
0.000000E+0	0.000000E+0	0.000000E+0	0.000000E+0	2.580480E-2	2.725986E-2	2.271675E-2
0.000000E+0	0.000000E+0	0.000000E+0	0.000000E+0	2.561992E-2	2.703340E-2	2.252033E-2
0.000000E+0	0.000000E+0	0.000000E+0	0.000000E+0	2.538420E-2	2.680693E-2	2.232622E-2
0.000000E+0	0.000000E+0	0.000000E+0	0.000000E+0	2.519701E-2	2.658508E-2	2.216215E-2
0.000000E+0	0.000000E+0	0.000000E+0	0.000000E+0	2.497515E-2	2.636555E-2	2.193801E-2
0.000000E+0	0.000000E+0	0.000000E+0	0.000000E+0	2.477872E-2	2.614832E-2	2.176469E-2
0.000000E+0	0.000000E+0	0.000000E+0	0.000000E+0	2.456610E-2	2.595883E-2	2.158445E-2
0.000000E+0	0.000000E+0	0.000000E+0	0.000000E+0	2.436967E-2	2.575085E-2	2.139728E-2
0.000000E+0	0.000000E+0	0.000000E+0	0.000000E+0	2.420327E-2	2.553132E-2	2.123090E-2
0.000000E+0	0.000000E+0	0.000000E+0	0.000000E+0	2.400453E-2	2.533258E-2	2.104603E-2
0.000000E+0	0.000000E+0	0.000000E+0	0.000000E+0	2.381271E-2	2.513615E-2	2.087966E-2
0.000000E+0	0.000000E+0	0.000000E+0	0.000000E+0	2.361166E-2	2.493742E-2	2.068555E-2
0.000000E+0	0.000000E+0	0.000000E+0	0.000000E+0	2.339673E-2	2.474099E-2	2.050300E-2
0.000000E+0	0.000000E+0	0.000000E+0	0.000000E+0	2.324652E-2	2.453532E-2	2.033431E-2
0.000000E+0	0.000000E+0	0.000000E+0	0.000000E+0	2.303853E-2	2.433427E-2	2.017486E-2
0.000000E+0	0.000000E+0	0.000000E+0	0.000000E+0	2.284671E-2	2.413323E-2	2.002466E-2
0.000000E+0	0.000000E+0	0.000000E+0	0.000000E+0	2.265028E-2	2.397378E-2	1.985135E-2
0.000000E+0	0.000000E+0	0.000000E+0	0.000000E+0	2.247926E-2	2.376117E-2	1.968959E-2
0.000000E+0	0.000000E+0	0.000000E+0	0.000000E+0	2.229207E-2	2.359017E-2	1.953939E-2
0.000000E+0	0.000000E+0	0.000000E+0	0.000000E+0	2.211181E-2	2.335908E-2	1.936146E-2
0.000000E+0	0.000000E+0	0.000000E+0	0.000000E+0	2.195004E-2	2.320887E-2	1.920663E-2
0.000000E+0	0.000000E+0	0.000000E+0	0.000000E+0	2.176516E-2	2.301475E-2	1.902639E-2
0.000000E+0	0.000000E+0	0.000000E+0	0.000000E+0	2.157566E-2	2.283682E-2	1.889699E-2
0.000000E+0	0.000000E+0	0.000000E+0	0.000000E+0	2.140465E-2	2.266812E-2	1.874678E-2
0.000000E+0	0.000000E+0	0.000000E+0	0.000000E+0	2.126368E-2	2.249480E-2	1.856654E-2
0.000000E+0	0.000000E+0	0.000000E+0	0.000000E+0	2.105337E-2	2.230531E-2	1.840016E-2
0.000000E+0	0.000000E+0	0.000000E+0	0.000000E+0	2.089623E-2	2.212275E-2	1.824303E-2
0.000000E+0	0.000000E+0	0.000000E+0	0.000000E+0	2.074370E-2	2.194250E-2	1.810669E-2
0.000000E+0	0.000000E+0	0.000000E+0	0.000000E+0	2.056113E-2	2.177843E-2	1.793800E-2
0.000000E+0	0.000000E+0	0.000000E+0	0.000000E+0	2.038087E-2	2.159818E-2	1.779704E-2
0.000000E+0	0.000000E+0	0.000000E+0	0.000000E+0	2.021679E-2	2.142255E-2	1.767457E-2
0.000000E+0	0.000000E+0	0.000000E+0	0.000000E+0	2.008275E-2	2.123768E-2	1.749202E-2
0.000000E+0	0.000000E+0	0.000000E+0	0.000000E+0	1.993254E-2	2.107592E-2	1.736030E-2
0.000000E+0	0.000000E+0	0.000000E+0	0.000000E+0	1.977539E-2	2.093264E-2	1.721934E-2
0.000000E+0	0.000000E+0	0.000000E+0	0.000000E+0	1.962748E-2	2.075701E-2	1.707376E-2
0.000000E+0	0.000000E+0	0.000000E+0	0.000000E+0	1.946109E-2	2.057907E-2	1.693742E-2
0.000000E+0	0.000000E+0	0.000000E+0	0.000000E+0	1.929932E-2	2.044273E-2	1.680109E-2
0.000000E+0	0.000000E+0	0.000000E+0	0.000000E+0	1.912831E-2	2.026248E-2	1.666706E-2
0.000000E+0	0.000000E+0	0.000000E+0	0.000000E+0	1.898502E-2	2.011690E-2	1.652379E-2
0.000000E+0	0.000000E+0	0.000000E+0	0.000000E+0	1.883250E-2	1.996207E-2	1.640132E-2
0.000000E+0	0.000000E+0	0.000000E+0	0.000000E+0	1.868922E-2	1.978182E-2	1.625343E-2
0.000000E+0	0.000000E+0	0.000000E+0	0.000000E+0	1.852976E-2	1.965241E-2	1.611940E-2
0.000000E+0	0.000000E+0	0.000000E+0	0.000000E+0	1.838878E-2	1.950682E-2	1.600386E-2
0.000000E+0	0.000000E+0	0.000000E+0	0.000000E+0	1.825706E-2	1.932426E-2	1.584672E-2
0.000000E+0	0.000000E+0	0.000000E+0	0.000000E+0	1.809991E-2	1.920872E-2	1.571732E-2
0.000000E+0	0.000000E+0	0.000000E+0	0.000000E+0	1.795432E-2	1.904002E-2	1.559947E-2
0.000000E+0	0.000000E+0	0.000000E+0	0.000000E+0	1.782721E-2	1.889443E-2	1.546544E-2
0.000000E+0	0.000000E+0	0.000000E+0	0.000000E+0	1.766544E-2	1.873267E-2	1.536377E-2
0.000000E+0	0.000000E+0	0.000000E+0	0.000000E+0	1.753371E-2	1.861251E-2	1.519508E-2
0.000000E+0	0.000000E+0	0.000000E+0	0.000000E+0	1.740661E-2	1.846230E-2	1.510265E-2
0.000000E+0	0.000000E+0	0.000000E+0	0.000000E+0	1.726101E-2	1.833289E-2	1.497093E-2
0.000000E+0	0.000000E+0	0.000000E+0	0.000000E+0	1.712235E-2	1.815495E-2	1.487388E-2
0.000000E+0	0.000000E+0	0.000000E+0	0.000000E+0	1.699756E-2	1.803478E-2	1.472830E-2
0.000000E+0	0.000000E+0	0.000000E+0	0.000000E+0	1.686121E-2	1.787995E-2	1.461044E-2
0.000000E+0	0.000000E+0	0.000000E+0	0.000000E+0	1.670406E-2	1.774592E-2	1.450184E-2
0.000000E+0	0.000000E+0	0.000000E+0	0.000000E+0	1.659313E-2	1.759571E-2	1.439785E-2
0.000000E+0	0.000000E+0	0.000000E+0	0.000000E+0	1.648452E-2	1.748941E-2	1.424765E-2
0.000000E+0	0.000000E+0	0.000000E+0	0.000000E+0	1.633892E-2	1.734151E-2	1.414597E-2
0.000000E+0	0.000000E+0	0.000000E+0	0.000000E+0	1.620951E-2	1.720748E-2	1.404892E-2
0.000000E+0	0.000000E+0	0.000000E+0	0.000000E+0	1.609165E-2	1.706652E-2	1.392645E-2
0.000000E+0	0.000000E+0	0.000000E+0	0.000000E+0	1.596223E-2	1.694173E-2	1.382246E-2
0.000000E+0	0.000000E+0	0.000000E+0	0.000000E+0	1.582126E-2	1.681463E-2	1.371154E-2
0.000000E+0	0.000000E+0	0.000000E+0	0.000000E+0	1.568953E-2	1.668984E-2	1.357751E-2
0.000000E+0	0.000000E+0	0.000000E+0	0.000000E+0	1.559709E-2	1.654195E-2	1.348739E-2
0.000000E+0	0.000000E+0	0.000000E+0	0.000000E+0	1.544688E-2	1.642640E-2	1.336261E-2
0.000000E+0	0.000000E+0	0.000000E+0	0.000000E+0	1.535675E-2	1.628313E-2	1.326325E-2
0.000000E+0	0.000000E+0	0.000000E+0	0.000000E+0	1.524582E-2	1.619531E-2	1.314539E-2
0.000000E+0	0.000000E+0	0.000000E+0	0.000000E+0	1.510254E-2	1.604741E-2	1.306221E-2
0.000000E+0	0.000000E+0	0.000000E+0	0.000000E+0	1.499854E-2	1.593649E-2	1.292587E-2
0.000000E+0	0.000000E+0	0.000000E+0	0.000000E+0	1.490148E-2	1.582095E-2	1.284268E-2
0.000000E+0	0.000000E+0	0.000000E+0	0.000000E+0	1.473277E-2	1.567767E-2	1.273869E-2
0.000000E+0	0.000000E+0	0.000000E+0	0.000000E+0	1.466807E-2	1.557368E-2	1.264395E-2
0.000000E+0	0.000000E+0	0.000000E+0	0.000000E+0	1.455714E-2	1.545814E-2	1.253303E-2
0.000000E+0	0.000000E+0	0.000000E+0	0.000000E+0	1.441386E-2	1.533797E-2	1.243136E-2
0.000000E+0	0.000000E+0	0.000000E+0	0.000000E+0	1.431679E-2	1.521087E-2	1.232506E-2
0.000000E+0	0.000000E+0	0.000000E+0	0.000000E+0	1.421049E-2	1.510457E-2	1.222338E-2
0.000000E+0	0.000000E+0	0.000000E+0	0.000000E+0	1.408569E-2	1.499134E-2	1.212864E-2
0.000000E+0	0.000000E+0	0.000000E+0	0.000000E+0	1.397939E-2	1.489659E-2	1.203621E-2
0.000000E+0	0.000000E+0	0.000000E+0	0.000000E+0	1.386615E-2	1.477180E-2	1.195302E-2
0.000000E+0	0.000000E+0	0.000000E+0	0.000000E+0	1.375291E-2	1.465395E-2	1.184441E-2
0.000000E+0	0.000000E+0	0.000000E+0	0.000000E+0	1.364891E-2	1.454765E-2	1.176584E-2
0.000000E+0	0.000000E+0	0.000000E+0	0.000000E+0	1.355416E-2	1.442979E-2	1.164568E-2
0.000000E+0	0.000000E+0	0.000000E+0	0.000000E+0	1.345479E-2	1.432811E-2	1.157636E-2
0.000000E+0	0.000000E+0	0.000000E+0	0.000000E+0	1.336004E-2	1.421719E-2	1.146775E-2
0.000000E+0	0.000000E+0	0.000000E+0	0.000000E+0	1.325373E-2	1.410858E-2	1.138687E-2
0.000000E+0	0.000000E+0	0.000000E+0	0.000000E+0	1.315436E-2	1.400228E-2	1.130599E-2
0.000000E+0	0.000000E+0	0.000000E+0	0.000000E+0	1.304343E-2	1.390522E-2	1.120663E-2
0.000000E+0	0.000000E+0	0.000000E+0	0.000000E+0	1.295792E-2	1.379661E-2	1.112113E-2
0.000000E+0	0.000000E+0	0.000000E+0	0.000000E+0	1.284237E-2	1.367875E-2	1.102639E-2
0.000000E+0	0.000000E+0	0.000000E+0	0.000000E+0	1.276611E-2	1.356321E-2	1.094782E-2
0.000000E+0	0.000000E+0	0.000000E+0	0.000000E+0	1.264363E-2	1.348926E-2	1.089005E-2
0.000000E+0	0.000000E+0	0.000000E+0	0.000000E+0	1.255812E-2	1.339220E-2	1.079068E-2
0.000000E+0	0.000000E+0	0.000000E+0	0.000000E+0	1.245412E-2	1.326510E-2	1.070750E-2
0.000000E+0	0.000000E+0	0.000000E+0	0.000000E+0	1.238017E-2	1.317729E-2	1.060120E-2
0.000000E+0	0.000000E+0	0.000000E+0	0.000000E+0	1.226231E-2	1.308254E-2	1.053187E-2
0.000000E+0	0.000000E+0	0.000000E+0	0.000000E+0	1.217680E-2	1.299242E-2	1.044869E-2
0.000000E+0	0.000000E+0	0.000000E+0	0.000000E+0	1.211903E-2	1.289074E-2	1.036087E-2
0.000000E+0	0.000000E+0	0.000000E+0	0.000000E+0	1.201041E-2	1.279137E-2	1.026844E-2
0.000000E+0	0.000000E+0	0.000000E+0	0.000000E+0	1.192490E-2	1.270586E-2	1.018525E-2
0.000000E+0	0.000000E+0	0.000000E+0	0.000000E+0	1.182091E-2	1.260187E-2	1.013442E-2
0.000000E+0	0.000000E+0	0.000000E+0	0.000000E+0	1.173540E-2	1.250713E-2	1.003274E-2
0.000000E+0	0.000000E+0	0.000000E+0	0.000000E+0	1.164527E-2	1.242163E-2	9.958795E-3
0.000000E+0	0.000000E+0	0.000000E+0	0.000000E+0	1.155283E-2	1.232688E-2	9.873295E-3
0.000000E+0	0.000000E+0	0.000000E+0	0.000000E+0	1.147195E-2	1.225755E-2	9.806282E-3
0.000000E+0	0.000000E+0	0.000000E+0	0.000000E+0	1.137951E-2	1.213045E-2	9.739269E-3
0.000000E+0	0.000000E+0	0.000000E+0	0.000000E+0	1.130093E-2	1.204264E-2	9.658390E-3
0.000000E+0	0.000000E+0	0.000000E+0	0.000000E+0	1.119463E-2	1.195251E-2	9.586755E-3
0.000000E+0	0.000000E+0	0.000000E+0	0.000000E+0	1.112530E-2	1.187163E-2	9.512810E-3
0.000000E+0	0.000000E+0	0.000000E+0	0.000000E+0	1.104441E-2	1.177226E-2	9.406513E-3
0.000000E+0	0.000000E+0	0.000000E+0	0.000000E+0	1.096352E-2	1.167059E-2	9.385715E-3
0.000000E+0	0.000000E+0	0.000000E+0	0.000000E+0	1.090575E-2	1.161050E-2	9.286351E-3
0.000000E+0	0.000000E+0	0.000000E+0	0.000000E+0	1.080175E-2	1.150882E-2	9.214716E-3
0.000000E+0	0.000000E+0	0.000000E+0	0.000000E+0	1.073011E-2	1.143256E-2	9.163878E-3
0.000000E+0	0.000000E+0	0.000000E+0	0.000000E+0	1.067003E-2	1.135399E-2	9.069135E-3
0.000000E+0	0.000000E+0	0.000000E+0	0.000000E+0	1.056603E-2	1.128236E-2	8.997500E-3
0.000000E+0	0.000000E+0	0.000000E+0	0.000000E+0	1.050363E-2	1.118992E-2	8.930487E-3
0.000000E+0	0.000000E+0	0.000000E+0	0.000000E+0	1.040888E-2	1.111597E-2	8.858852E-3
0.000000E+0	0.000000E+0	0.000000E+0	0.000000E+0	1.034186E-2	1.103047E-2	8.808014E-3
0.000000E+0	0.000000E+0	0.000000E+0	0.000000E+0	1.025867E-2	1.093572E-2	8.708650E-3
0.000000E+0	0.000000E+0	0.000000E+0	0.000000E+0	1.020783E-2	1.086408E-2	8.669366E-3
0.000000E+0	0.000000E+0	0.000000E+0	0.000000E+0	1.012001E-2	1.079707E-2	8.593110E-3
0.000000E+0	0.000000E+0	0.000000E+0	0.000000E+0	1.004143E-2	1.072543E-2	8.549204E-3
0.000000E+0	0.000000E+0	0.000000E+0	0.000000E+0	9.981348E-3	1.066535E-2	8.475259E-3
0.000000E+0	0.000000E+0	0.000000E+0	0.000000E+0	9.898151E-3	1.057522E-2	8.405934E-3
0.000000E+0	0.000000E+0	0.000000E+0	0.000000E+0	9.831132E-3	1.048972E-2	8.345854E-3
0.000000E+0	0.000000E+0	0.000000E+0	0.000000E+0	9.747936E-3	1.042501E-2	8.290394E-3
0.000000E+0	0.000000E+0	0.000000E+0	0.000000E+0	9.673984E-3	1.033489E-2	8.200273E-3
0.000000E+0	0.000000E+0	0.000000E+0	0.000000E+0	9.572300E-3	1.025401E-2	8.124016E-3
0.000000E+0	0.000000E+0	0.000000E+0	0.000000E+0	9.530702E-3	1.018006E-2	8.093976E-3
0.000000E+0	0.000000E+0	0.000000E+0	0.000000E+0	9.470615E-3	1.010380E-2	8.020030E-3
0.000000E+0	0.000000E+0	0.000000E+0	0.000000E+0	9.398974E-3	1.005527E-2	7.966882E-3
0.000000E+0	0.000000E+0	0.000000E+0	0.000000E+0	9.327333E-3	9.958214E-3	7.913733E-3
0.000000E+0	0.000000E+0	0.000000E+0	0.000000E+0	9.269558E-3	9.886577E-3	7.825923E-3
0.000000E+0	0.000000E+0	0.000000E+0	0.000000E+0	9.181740E-3	9.826493E-3	7.775085E-3
0.000000E+0	0.000000E+0	0.000000E+0	0.000000E+0	9.126276E-3	9.766410E-3	7.708072E-3
0.000000E+0	0.000000E+0	0.000000E+0	0.000000E+0	9.066190E-3	9.678596E-3	7.643369E-3
0.000000E+0	0.000000E+0	0.000000E+0	0.000000E+0	8.989926E-3	9.609270E-3	7.613329E-3
0.000000E+0	0.000000E+0	0.000000E+0	0.000000E+0	8.932151E-3	9.533010E-3	7.555558E-3
0.000000E+0	0.000000E+0	0.000000E+0	0.000000E+0	8.830467E-3	9.486792E-3	7.488545E-3
0.000000E+0	0.000000E+0	0.000000E+0	0.000000E+0	8.791180E-3	9.426709E-3	7.428464E-3
0.000000E+0	0.000000E+0	0.000000E+0	0.000000E+0	8.744960E-3	9.327341E-3	7.384559E-3
0.000000E+0	0.000000E+0	0.000000E+0	0.000000E+0	8.666386E-3	9.264947E-3	7.324478E-3
0.000000E+0	0.000000E+0	0.000000E+0	0.000000E+0	8.617855E-3	9.193309E-3	7.262086E-3
0.000000E+0	0.000000E+0	0.000000E+0	0.000000E+0	8.548524E-3	9.142469E-3	7.202005E-3
0.000000E+0	0.000000E+0	0.000000E+0	0.000000E+0	8.467639E-3	9.077764E-3	7.165033E-3
0.000000E+0	0.000000E+0	0.000000E+0	0.000000E+0	8.444529E-3	9.010749E-3	7.118816E-3
0.000000E+0	0.000000E+0	0.000000E+0	0.000000E+0	8.368266E-3	8.950665E-3	7.026384E-3
0.000000E+0	0.000000E+0	0.000000E+0	0.000000E+0	8.308180E-3	8.869784E-3	7.003276E-3
0.000000E+0	0.000000E+0	0.000000E+0	0.000000E+0	8.252716E-3	8.805079E-3	6.957060E-3
0.000000E+0	0.000000E+0	0.000000E+0	0.000000E+0	8.194941E-3	8.765794E-3	6.913155E-3
0.000000E+0	0.000000E+0	0.000000E+0	0.000000E+0	8.123299E-3	8.696467E-3	6.839209E-3
0.000000E+0	0.000000E+0	0.000000E+0	0.000000E+0	8.060902E-3	8.624830E-3	6.790682E-3
0.000000E+0	0.000000E+0	0.000000E+0	0.000000E+0	8.005438E-3	8.569368E-3	6.732912E-3
0.000000E+0	0.000000E+0	0.000000E+0	0.000000E+0	7.956907E-3	8.520839E-3	6.712115E-3
0.000000E+0	0.000000E+0	0.000000E+0	0.000000E+0	7.894510E-3	8.456135E-3	6.640480E-3
0.000000E+0	0.000000E+0	0.000000E+0	0.000000E+0	7.845979E-3	8.393740E-3	6.596575E-3
0.000000E+0	0.000000E+0	0.000000E+0	0.000000E+0	7.790515E-3	8.305927E-3	6.534183E-3
0.000000E+0	0.000000E+0	0.000000E+0	0.000000E+0	7.741984E-3	8.294372E-3	6.506453E-3
0.000000E+0	0.000000E+0	0.000000E+0	0.000000E+0	7.661098E-3	8.225045E-3	6.455616E-3
0.000000E+0	0.000000E+0	0.000000E+0	0.000000E+0	7.649543E-3	8.137231E-3	6.427886E-3
0.000000E+0	0.000000E+0	0.000000E+0	0.000000E+0	7.559414E-3	8.086392E-3	6.342386E-3
0.000000E+0	0.000000E+0	0.000000E+0	0.000000E+0	7.522438E-3	8.019376E-3	6.312346E-3
0.000000E+0	0.000000E+0	0.000000E+0	0.000000E+0	7.476218E-3	7.993956E-3	6.286927E-3
0.000000E+0	0.000000E+0	0.000000E+0	0.000000E+0	7.420754E-3	7.931562E-3	6.203738E-3
0.000000E+0	0.000000E+0	0.000000E+0	0.000000E+0	7.337558E-3	7.885344E-3	6.176008E-3
0.000000E+0	0.000000E+0	0.000000E+0	0.000000E+0	7.291338E-3	7.816017E-3	6.157522E-3
0.000000E+0	0.000000E+0	0.000000E+0	0.000000E+0	7.238185E-3	7.767489E-3	6.092819E-3
0.000000E+0	0.000000E+0	0.000000E+0	0.000000E+0	7.178098E-3	7.705095E-3	6.046603E-3
0.000000E+0	0.000000E+0	0.000000E+0	0.000000E+0	7.120323E-3	7.670431E-3	6.005009E-3
0.000000E+0	0.000000E+0	0.000000E+0	0.000000E+0	7.106457E-3	7.617281E-3	5.988833E-3
0.000000E+0	0.000000E+0	0.000000E+0	0.000000E+0	7.048682E-3	7.541021E-3	5.924131E-3
0.000000E+0	0.000000E+0	0.000000E+0	0.000000E+0	7.011706E-3	7.508669E-3	5.884847E-3
0.000000E+0	0.000000E+0	0.000000E+0	0.000000E+0	6.953931E-3	7.432409E-3	5.822455E-3
0.000000E+0	0.000000E+0	0.000000E+0	0.000000E+0	6.910022E-3	7.390813E-3	5.792415E-3
0.000000E+0	0.000000E+0	0.000000E+0	0.000000E+0	6.868424E-3	7.337663E-3	5.771618E-3
0.000000E+0	0.000000E+0	0.000000E+0	0.000000E+0	6.789850E-3	7.282201E-3	5.695361E-3
0.000000E+0	0.000000E+0	0.000000E+0	0.000000E+0	6.748251E-3	7.224429E-3	5.676875E-3
0.000000E+0	0.000000E+0	0.000000E+0	0.000000E+0	6.725141E-3	7.189766E-3	5.623726E-3
0.000000E+0	0.000000E+0	0.000000E+0	0.000000E+0	6.665055E-3	7.143548E-3	5.621415E-3
0.000000E+0	0.000000E+0	0.000000E+0	0.000000E+0	6.632701E-3	7.092708E-3	5.549780E-3
0.000000E+0	0.000000E+0	0.000000E+0	0.000000E+0	6.584170E-3	7.034936E-3	5.505875E-3
0.000000E+0	0.000000E+0	0.000000E+0	0.000000E+0	6.517151E-3	7.009516E-3	5.457348E-3
0.000000E+0	0.000000E+0	0.000000E+0	0.000000E+0	6.507907E-3	6.949433E-3	5.443483E-3
0.000000E+0	0.000000E+0	0.000000E+0	0.000000E+0	6.450132E-3	6.914770E-3	5.401889E-3
0.000000E+0	0.000000E+0	0.000000E+0	0.000000E+0	6.417778E-3	6.856997E-3	5.353362E-3
0.000000E+0	0.000000E+0	0.000000E+0	0.000000E+0	6.366936E-3	6.799225E-3	5.302524E-3
0.000000E+0	0.000000E+0	0.000000E+0	0.000000E+0	6.334582E-3	6.764562E-3	5.267862E-3
0.000000E+0	0.000000E+0	0.000000E+0	0.000000E+0	6.290672E-3	6.716033E-3	5.240133E-3
0.000000E+0	0.000000E+0	0.000000E+0	0.000000E+0	6.251385E-3	6.681370E-3	5.184673E-3
0.000000E+0	0.000000E+0	0.000000E+0	0.000000E+0	6.184366E-3	6.639773E-3	5.156944E-3
0.000000E+0	0.000000E+0	0.000000E+0	0.000000E+0	6.168189E-3	6.591245E-3	5.117660E-3
0.000000E+0	0.000000E+0	0.000000E+0	0.000000E+0	6.117347E-3	6.542716E-3	5.085309E-3
0.000000E+0	0.000000E+0	0.000000E+0	0.000000E+0	6.082682E-3	6.510364E-3	5.034471E-3
0.000000E+0	0.000000E+0	0.000000E+0	0.000000E+0	6.045706E-3	6.434104E-3	5.013674E-3
0.000000E+0	0.000000E+0	0.000000E+0	0.000000E+0	5.985620E-3	6.417928E-3	4.979012E-3
0.000000E+0	0.000000E+0	0.000000E+0	0.000000E+0	5.953266E-3	6.376332E-3	4.923552E-3
0.000000E+0	0.000000E+0	0.000000E+0	0.000000E+0	5.923223E-3	6.339358E-3	4.900444E-3
0.000000E+0	0.000000E+0	0.000000E+0	0.000000E+0	5.853892E-3	6.286207E-3	4.865782E-3
0.000000E+0	0.000000E+0	0.000000E+0	0.000000E+0	5.819227E-3	6.246922E-3	4.824188E-3
0.000000E+0	0.000000E+0	0.000000E+0	0.000000E+0	5.791495E-3	6.212258E-3	4.784904E-3
0.000000E+0	0.000000E+0	0.000000E+0	0.000000E+0	5.754519E-3	6.175284E-3	4.773350E-3
0.000000E+0	0.000000E+0	0.000000E+0	0.000000E+0	5.717543E-3	6.129066E-3	4.734067E-3
0.000000E+0	0.000000E+0	0.000000E+0	0.000000E+0	5.685189E-3	6.101336E-3	4.699404E-3
0.000000E+0	0.000000E+0	0.000000E+0	0.000000E+0	5.625103E-3	6.043563E-3	4.671675E-3
0.000000E+0	0.000000E+0	0.000000E+0	0.000000E+0	5.581194E-3	6.018144E-3	4.632391E-3
0.000000E+0	0.000000E+0	0.000000E+0	0.000000E+0	5.583505E-3	5.969615E-3	4.602351E-3
0.000000E+0	0.000000E+0	0.000000E+0	0.000000E+0	5.530352E-3	5.923397E-3	4.563067E-3
0.000000E+0	0.000000E+0	0.000000E+0	0.000000E+0	5.488754E-3	5.881801E-3	4.533027E-3
0.000000E+0	0.000000E+0	0.000000E+0	0.000000E+0	5.428668E-3	5.858692E-3	4.493743E-3
0.000000E+0	0.000000E+0	0.000000E+0	0.000000E+0	5.421734E-3	5.791676E-3	4.484500E-3
0.000000E+0	0.000000E+0	0.000000E+0	0.000000E+0	5.380136E-3	5.759324E-3	4.442905E-3
0.000000E+0	0.000000E+0	0.000000E+0	0.000000E+0	5.333916E-3	5.715417E-3	4.424419E-3
0.000000E+0	0.000000E+0	0.000000E+0	0.000000E+0	5.322361E-3	5.687686E-3	4.371270E-3
0.000000E+0	0.000000E+0	0.000000E+0	0.000000E+0	5.269208E-3	5.655334E-3	4.362027E-3
0.000000E+0	0.000000E+0	0.000000E+0	0.000000E+0	5.243787E-3	5.627603E-3	4.325054E-3
0.000000E+0	0.000000E+0	0.000000E+0	0.000000E+0	5.192945E-3	5.581385E-3	4.271906E-3
0.000000E+0	0.000000E+0	0.000000E+0	0.000000E+0	5.158280E-3	5.553654E-3	4.246487E-3
0.000000E+0	0.000000E+0	0.000000E+0	0.000000E+0	5.139792E-3	5.514369E-3	4.234933E-3
0.000000E+0	0.000000E+0	0.000000E+0	0.000000E+0	5.084328E-3	5.491260E-3	4.188717E-3
0.000000E+0	0.000000E+0	0.000000E+0	0.000000E+0	5.079706E-3	5.431177E-3	4.193338E-3
0.000000E+0	0.000000E+0	0.000000E+0	0.000000E+0	5.035797E-3	5.401135E-3	4.135568E-3
0.000000E+0	0.000000E+0	0.000000E+0	0.000000E+0	4.994199E-3	5.361850E-3	4.110149E-3
0.000000E+0	0.000000E+0	0.000000E+0	0.000000E+0	4.947978E-3	5.343363E-3	4.087041E-3
0.000000E+0	0.000000E+0	0.000000E+0	0.000000E+0	4.929490E-3	5.271726E-3	4.061623E-3
0.000000E+0	0.000000E+0	0.000000E+0	0.000000E+0	4.922557E-3	5.255549E-3	4.057001E-3
0.000000E+0	0.000000E+0	0.000000E+0	0.000000E+0	4.874026E-3	5.209331E-3	4.003852E-3
0.000000E+0	0.000000E+0	0.000000E+0	0.000000E+0	4.846294E-3	5.176979E-3	3.966880E-3
0.000000E+0	0.000000E+0	0.000000E+0	0.000000E+0	4.807007E-3	5.149248E-3	3.955326E-3
0.000000E+0	0.000000E+0	0.000000E+0	0.000000E+0	4.756165E-3	5.123828E-3	3.932217E-3
0.000000E+0	0.000000E+0	0.000000E+0	0.000000E+0	4.751543E-3	5.079921E-3	3.899866E-3
0.000000E+0	0.000000E+0	0.000000E+0	0.000000E+0	4.693768E-3	5.033704E-3	3.872137E-3
0.000000E+0	0.000000E+0	0.000000E+0	0.000000E+0	4.672969E-3	5.010595E-3	3.839785E-3
0.000000E+0	0.000000E+0	0.000000E+0	0.000000E+0	4.647548E-3	4.978242E-3	3.818988E-3
0.000000E+0	0.000000E+0	0.000000E+0	0.000000E+0	4.610572E-3	4.971310E-3	3.779704E-3
0.000000E+0	0.000000E+0	0.000000E+0	0.000000E+0	4.603639E-3	4.899672E-3	3.758907E-3
0.000000E+0	0.000000E+0	0.000000E+0	0.000000E+0	4.548175E-3	4.892739E-3	3.740421E-3
0.000000E+0	0.000000E+0	0.000000E+0	0.000000E+0	4.518132E-3	4.846521E-3	3.696515E-3
0.000000E+0	0.000000E+0	0.000000E+0	0.000000E+0	4.492710E-3	4.821102E-3	3.710380E-3
0.000000E+0	0.000000E+0	0.000000E+0	0.000000E+0	4.476533E-3	4.809547E-3	3.657232E-3
0.000000E+0	0.000000E+0	0.000000E+0	0.000000E+0	4.439557E-3	4.779506E-3	3.654921E-3
0.000000E+0	0.000000E+0	0.000000E+0	0.000000E+0	4.409514E-3	4.735599E-3	3.613327E-3
0.000000E+0	0.000000E+0	0.000000E+0	0.000000E+0	4.391026E-3	4.707868E-3	3.590218E-3
0.000000E+0	0.000000E+0	0.000000E+0	0.000000E+0	4.347117E-3	4.691692E-3	3.567110E-3
0.000000E+0	0.000000E+0	0.000000E+0	0.000000E+0	4.337873E-3	4.663961E-3	3.544002E-3
0.000000E+0	0.000000E+0	0.000000E+0	0.000000E+0	4.310141E-3	4.629298E-3	3.520894E-3
0.000000E+0	0.000000E+0	0.000000E+0	0.000000E+0	4.268543E-3	4.580769E-3	3.516273E-3
0.000000E+0	0.000000E+0	0.000000E+0	0.000000E+0	4.238500E-3	4.594634E-3	3.476989E-3
0.000000E+0	0.000000E+0	0.000000E+0	0.000000E+0	4.238500E-3	4.532240E-3	3.474678E-3
0.000000E+0	0.000000E+0	0.000000E+0	0.000000E+0	4.192280E-3	4.509131E-3	3.433084E-3
0.000000E+0	0.000000E+0	0.000000E+0	0.000000E+0	4.176103E-3	4.467535E-3	3.435395E-3
0.000000E+0	0.000000E+0	0.000000E+0	0.000000E+0	4.125261E-3	4.458292E-3	3.384557E-3
0.000000E+0	0.000000E+0	0.000000E+0	0.000000E+0	4.113706E-3	4.409763E-3	3.366070E-3
0.000000E+0	0.000000E+0	0.000000E+0	0.000000E+0	4.102151E-3	4.395898E-3	3.326787E-3
0.000000E+0	0.000000E+0	0.000000E+0	0.000000E+0	4.088285E-3	4.365856E-3	3.326787E-3
0.000000E+0	0.000000E+0	0.000000E+0	0.000000E+0	4.035131E-3	4.351991E-3	3.289814E-3
0.000000E+0	0.000000E+0	0.000000E+0	0.000000E+0	4.005088E-3	4.308084E-3	3.275949E-3
0.000000E+0	0.000000E+0	0.000000E+0	0.000000E+0	3.993533E-3	4.296529E-3	3.266706E-3
0.000000E+0	0.000000E+0	0.000000E+0	0.000000E+0	3.975045E-3	4.231824E-3	3.241287E-3
0.000000E+0	0.000000E+0	0.000000E+0	0.000000E+0	3.914959E-3	4.243379E-3	3.211247E-3
0.000000E+0	0.000000E+0	0.000000E+0	0.000000E+0	3.926514E-3	4.187917E-3	3.206625E-3
0.000000E+0	0.000000E+0	0.000000E+0	0.000000E+0	3.880294E-3	4.180985E-3	3.192760E-3
0.000000E+0	0.000000E+0	0.000000E+0	0.000000E+0	3.882605E-3	4.137078E-3	3.153477E-3
0.000000E+0	0.000000E+0	0.000000E+0	0.000000E+0	3.827141E-3	4.139389E-3	3.118814E-3
0.000000E+0	0.000000E+0	0.000000E+0	0.000000E+0	3.813275E-3	4.083927E-3	3.102639E-3
0.000000E+0	0.000000E+0	0.000000E+0	0.000000E+0	3.790165E-3	4.072373E-3	3.095706E-3
0.000000E+0	0.000000E+0	0.000000E+0	0.000000E+0	3.780921E-3	4.033087E-3	3.070288E-3
0.000000E+0	0.000000E+0	0.000000E+0	0.000000E+0	3.727768E-3	4.030777E-3	3.058734E-3
0.000000E+0	0.000000E+0	0.000000E+0	0.000000E+0	3.741634E-3	3.998424E-3	3.028693E-3
0.000000E+0	0.000000E+0	0.000000E+0	0.000000E+0	3.709280E-3	3.986870E-3	3.028693E-3
0.000000E+0	0.000000E+0	0.000000E+0	0.000000E+0	3.681548E-3	3.942963E-3	2.987099E-3
0.000000E+0	0.000000E+0	0.000000E+0	0.000000E+0	3.660749E-3	3.931408E-3	2.968612E-3
0.000000E+0	0.000000E+0	0.000000E+0	0.000000E+0	3.628395E-3	3.908299E-3	2.945504E-3
0.000000E+0	0.000000E+0	0.000000E+0	0.000000E+0	3.626084E-3	3.880569E-3	2.936261E-3
0.000000E+0	0.000000E+0	0.000000E+0	0.000000E+0	3.623773E-3	3.829729E-3	2.901599E-3
0.000000E+0	0.000000E+0	0.000000E+0	0.000000E+0	3.572930E-3	3.836662E-3	2.901599E-3
0.000000E+0	0.000000E+0	0.000000E+0	0.000000E+0	3.549820E-3	3.820485E-3	2.880802E-3
0.000000E+0	0.000000E+0	0.000000E+0	0.000000E+0	3.526710E-3	3.806620E-3	2.857694E-3
0.000000E+0	0.000000E+0	0.000000E+0	0.000000E+0	3.531332E-3	3.755780E-3	2.855383E-3
0.000000E+0	0.000000E+0	0.000000E+0	0.000000E+0	3.494356E-3	3.741915E-3	2.816099E-3
0.000000E+0	0.000000E+0	0.000000E+0	0.000000E+0	3.492045E-3	3.691075E-3	2.811477E-3
0.000000E+0	0.000000E+0	0.000000E+0	0.000000E+0	3.445825E-3	3.711874E-3	2.776815E-3
0.000000E+0	0.000000E+0	0.000000E+0	0.000000E+0	3.438892E-3	3.695697E-3	2.758329E-3
0.000000E+0	0.000000E+0	0.000000E+0	0.000000E+0	3.390361E-3	3.663345E-3	2.751397E-3
0.000000E+0	0.000000E+0	0.000000E+0	0.000000E+0	3.404227E-3	3.621749E-3	2.735221E-3
0.000000E+0	0.000000E+0	0.000000E+0	0.000000E+0	3.358007E-3	3.603262E-3	2.700559E-3
0.000000E+0	0.000000E+0	0.000000E+0	0.000000E+0	3.364940E-3	3.580153E-3	2.705181E-3
0.000000E+0	0.000000E+0	0.000000E+0	0.000000E+0	3.332586E-3	3.570909E-3	2.656654E-3
0.000000E+0	0.000000E+0	0.000000E+0	0.000000E+0	3.302543E-3	3.527002E-3	2.654343E-3
0.000000E+0	0.000000E+0	0.000000E+0	0.000000E+0	3.267878E-3	3.529313E-3	2.631235E-3
0.000000E+0	0.000000E+0	0.000000E+0	0.000000E+0	3.256323E-3	3.503893E-3	2.640478E-3
0.000000E+0	0.000000E+0	0.000000E+0	0.000000E+0	3.244768E-3	3.503893E-3	2.615059E-3
0.000000E+0	0.000000E+0	0.000000E+0	0.000000E+0	3.233213E-3	3.466919E-3	2.605816E-3
0.000000E+0	0.000000E+0	0.000000E+0	0.000000E+0	3.205481E-3	3.450743E-3	2.578086E-3
0.000000E+0	0.000000E+0	0.000000E+0	0.000000E+0	3.196237E-3	3.432256E-3	2.548046E-3
0.000000E+0	0.000000E+0	0.000000E+0	0.000000E+0	3.184682E-3	3.423012E-3	2.545735E-3
0.000000E+0	0.000000E+0	0.000000E+0	0.000000E+0	3.138462E-3	3.397592E-3	2.513384E-3
0.000000E+0	0.000000E+0	0.000000E+0	0.000000E+0	3.154639E-3	3.399903E-3	2.511073E-3
0.000000E+0	0.000000E+0	0.000000E+0	0.000000E+0	3.126906E-3	3.342131E-3	2.501830E-3
0.000000E+0	0.000000E+0	0.000000E+0	0.000000E+0	3.078375E-3	3.325955E-3	2.474100E-3
0.000000E+0	0.000000E+0	0.000000E+0	0.000000E+0	3.082997E-3	3.298224E-3	2.457924E-3
0.000000E+0	0.000000E+0	0.000000E+0	0.000000E+0	3.050643E-3	3.293602E-3	2.448681E-3
0.000000E+0	0.000000E+0	0.000000E+0	0.000000E+0	3.025222E-3	3.286669E-3	2.432506E-3
0.000000E+0	0.000000E+0	0.000000E+0	0.000000E+0	3.015978E-3	3.249695E-3	2.420952E-3
0.000000E+0	0.000000E+0	0.000000E+0	0.000000E+0	3.006734E-3	3.219654E-3	2.409398E-3
0.000000E+0	0.000000E+0	0.000000E+0	0.000000E+0	2.995179E-3	3.208099E-3	2.386290E-3
0.000000E+0	0.000000E+0	0.000000E+0	0.000000E+0	2.985935E-3	3.208099E-3	2.386290E-3
0.000000E+0	0.000000E+0	0.000000E+0	0.000000E+0	2.962825E-3	3.178058E-3	2.347006E-3
0.000000E+0	0.000000E+0	0.000000E+0	0.000000E+0	2.944337E-3	3.150327E-3	2.349317E-3
0.000000E+0	0.000000E+0	0.000000E+0	0.000000E+0	2.907361E-3	3.143394E-3	2.312344E-3
0.000000E+0	0.000000E+0	0.000000E+0	0.000000E+0	2.914294E-3	3.124907E-3	2.312344E-3
0.000000E+0	0.000000E+0	0.000000E+0	0.000000E+0	2.875007E-3	3.087933E-3	2.305411E-3
0.000000E+0	0.000000E+0	0.000000E+0	0.000000E+0	2.877318E-3	3.081000E-3	2.279993E-3
0.000000E+0	0.000000E+0	0.000000E+0	0.000000E+0	2.842653E-3	3.094865E-3	2.275371E-3
0.000000E+0	0.000000E+0	0.000000E+0	0.000000E+0	2.856519E-3	3.050958E-3	2.275371E-3
0.000000E+0	0.000000E+0	0.000000E+0	0.000000E+0	2.814921E-3	3.037093E-3	2.229155E-3
0.000000E+0	0.000000E+0	0.000000E+0	0.000000E+0	2.794122E-3	3.013984E-3	2.212979E-3
0.000000E+0	0.000000E+0	0.000000E+0	0.000000E+0	2.789500E-3	2.988564E-3	2.192182E-3
0.000000E+0	0.000000E+0	0.000000E+0	0.000000E+0	2.782567E-3	2.977010E-3	2.203736E-3
0.000000E+0	0.000000E+0	0.000000E+0	0.000000E+0	2.761768E-3	2.953901E-3	2.171385E-3
0.000000E+0	0.000000E+0	0.000000E+0	0.000000E+0	2.722481E-3	2.935414E-3	2.162142E-3
0.000000E+0	0.000000E+0	0.000000E+0	0.000000E+0	2.720170E-3	2.935414E-3	2.145966E-3
0.000000E+0	0.000000E+0	0.000000E+0	0.000000E+0	2.720170E-3	2.889196E-3	2.136723E-3
0.000000E+0	0.000000E+0	0.000000E+0	0.000000E+0	2.685505E-3	2.916927E-3	2.125169E-3
0.000000E+0	0.000000E+0	0.000000E+0	0.000000E+0	2.673950E-3	2.879952E-3	2.113615E-3
0.000000E+0	0.000000E+0	0.000000E+0	0.000000E+0	2.646217E-3	2.877642E-3	2.076642E-3
0.000000E+0	0.000000E+0	0.000000E+0	0.000000E+0	2.653150E-3	2.845289E-3	2.085885E-3
0.000000E+0	0.000000E+0	0.000000E+0	0.000000E+0	2.639284E-3	2.826802E-3	2.076642E-3
0.000000E+0	0.000000E+0	0.000000E+0	0.000000E+0	2.618485E-3	2.824491E-3	2.062777E-3
0.000000E+0	0.000000E+0	0.000000E+0	0.000000E+0	2.613863E-3	2.775962E-3	2.055845E-3
0.000000E+0	0.000000E+0	0.000000E+0	0.000000E+0	2.604619E-3	2.773651E-3	2.046601E-3
0.000000E+0	0.000000E+0	0.000000E+0	0.000000E+0	2.574576E-3	2.766719E-3	2.009628E-3
0.000000E+0	0.000000E+0	0.000000E+0	0.000000E+0	2.556088E-3	2.743610E-3	2.025804E-3
0.000000E+0	0.000000E+0	0.000000E+0	0.000000E+0	2.586131E-3	2.732055E-3	2.011939E-3
0.000000E+0	0.000000E+0	0.000000E+0	0.000000E+0	2.519112E-3	2.711257E-3	2.014250E-3
0.000000E+0	0.000000E+0	0.000000E+0	0.000000E+0	2.514490E-3	2.738988E-3	1.956480E-3
0.000000E+0	0.000000E+0	0.000000E+0	0.000000E+0	2.491380E-3	2.702014E-3	1.979588E-3
0.000000E+0	0.000000E+0	0.000000E+0	0.000000E+0	2.465959E-3	2.671972E-3	1.958791E-3
0.000000E+0	0.000000E+0	0.000000E+0	0.000000E+0	2.470581E-3	2.646552E-3	1.958791E-3
0.000000E+0	0.000000E+0	0.000000E+0	0.000000E+0	2.426672E-3	2.630376E-3	1.931061E-3
0.000000E+0	0.000000E+0	0.000000E+0	0.000000E+0	2.431294E-3	2.621133E-3	1.905642E-3
0.000000E+0	0.000000E+0	0.000000E+0	0.000000E+0	2.419739E-3	2.593402E-3	1.894088E-3
0.000000E+0	0.000000E+0	0.000000E+0	0.000000E+0	2.419739E-3	2.591091E-3	1.896399E-3
0.000000E+0	0.000000E+0	0.000000E+0	0.000000E+0	2.385074E-3	2.591091E-3	1.887156E-3
0.000000E+0	0.000000E+0	0.000000E+0	0.000000E+0	2.394318E-3	2.554117E-3	1.884845E-3
0.000000E+0	0.000000E+0	0.000000E+0	0.000000E+0	2.343476E-3	2.558739E-3	1.873291E-3
0.000000E+0	0.000000E+0	0.000000E+0	0.000000E+0	2.352720E-3	2.537940E-3	1.880223E-3
0.000000E+0	0.000000E+0	0.000000E+0	0.000000E+0	2.350409E-3	2.517142E-3	1.859426E-3
0.000000E+0	0.000000E+0	0.000000E+0	0.000000E+0	2.324988E-3	2.503277E-3	1.831697E-3
0.000000E+0	0.000000E+0	0.000000E+0	0.000000E+0	2.304189E-3	2.494034E-3	1.820143E-3
0.000000E+0	0.000000E+0	0.000000E+0	0.000000E+0	2.301878E-3	2.473236E-3	1.824764E-3
0.000000E+0	0.000000E+0	0.000000E+0	0.000000E+0	2.271835E-3	2.473236E-3	1.806278E-3
0.000000E+0	0.000000E+0	0.000000E+0	0.000000E+0	2.285701E-3	2.436261E-3	1.762372E-3
0.000000E+0	0.000000E+0	0.000000E+0	0.000000E+0	2.251036E-3	2.443194E-3	1.783170E-3
0.000000E+0	0.000000E+0	0.000000E+0	0.000000E+0	2.232548E-3	2.410841E-3	1.769305E-3
0.000000E+0	0.000000E+0	0.000000E+0	0.000000E+0	2.251036E-3	2.429329E-3	1.734643E-3
0.000000E+0	0.000000E+0	0.000000E+0	0.000000E+0	2.227926E-3	2.401598E-3	1.755440E-3
0.000000E+0	0.000000E+0	0.000000E+0	0.000000E+0	2.193260E-3	2.403909E-3	1.730021E-3
0.000000E+0	0.000000E+0	0.000000E+0	0.000000E+0	2.202504E-3	2.355380E-3	1.718467E-3
0.000000E+0	0.000000E+0	0.000000E+0	0.000000E+0	2.184016E-3	2.360002E-3	1.702292E-3
0.000000E+0	0.000000E+0	0.000000E+0	0.000000E+0	2.181705E-3	2.343826E-3	1.718467E-3
0.000000E+0	0.000000E+0	0.000000E+0	0.000000E+0	2.158595E-3	2.334582E-3	1.706913E-3
0.000000E+0	0.000000E+0	0.000000E+0	0.000000E+0	2.158595E-3	2.320717E-3	1.656075E-3
0.000000E+0	0.000000E+0	0.000000E+0	0.000000E+0	2.144729E-3	2.297608E-3	1.676873E-3
0.000000E+0	0.000000E+0	0.000000E+0	0.000000E+0	2.105442E-3	2.276810E-3	1.667629E-3
0.000000E+0	0.000000E+0	0.000000E+0	0.000000E+0	2.128552E-3	2.269877E-3	1.651454E-3
0.000000E+0	0.000000E+0	0.000000E+0	0.000000E+0	2.107753E-3	2.246768E-3	1.646832E-3
0.000000E+0	0.000000E+0	0.000000E+0	0.000000E+0	2.116997E-3	2.265255E-3	1.639900E-3
0.000000E+0	0.000000E+0	0.000000E+0	0.000000E+0	2.080021E-3	2.242146E-3	1.628346E-3
0.000000E+0	0.000000E+0	0.000000E+0	0.000000E+0	2.073088E-3	2.207483E-3	1.591373E-3
0.000000E+0	0.000000E+0	0.000000E+0	0.000000E+0	2.052289E-3	2.212105E-3	1.591373E-3
0.000000E+0	0.000000E+0	0.000000E+0	0.000000E+0	2.052289E-3	2.216727E-3	1.589062E-3
0.000000E+0	0.000000E+0	0.000000E+0	0.000000E+0	2.036112E-3	2.200550E-3	1.593684E-3
0.000000E+0	0.000000E+0	0.000000E+0	0.000000E+0	2.031490E-3	2.191307E-3	1.579819E-3
0.000000E+0	0.000000E+0	0.000000E+0	0.000000E+0	2.022246E-3	2.182063E-3	1.554400E-3
0.000000E+0	0.000000E+0	0.000000E+0	0.000000E+0	1.992203E-3	2.165887E-3	1.552089E-3
0.000000E+0	0.000000E+0	0.000000E+0	0.000000E+0	1.999136E-3	2.128913E-3	1.538224E-3
0.000000E+0	0.000000E+0	0.000000E+0	0.000000E+0	1.989892E-3	2.124291E-3	1.533603E-3
0.000000E+0	0.000000E+0	0.000000E+0	0.000000E+0	1.989892E-3	2.101182E-3	1.522049E-3
0.000000E+0	0.000000E+0	0.000000E+0	0.000000E+0	1.955227E-3	2.117358E-3	1.510495E-3
0.000000E+0	0.000000E+0	0.000000E+0	0.000000E+0	1.962160E-3	2.073451E-3	1.508184E-3
0.000000E+0	0.000000E+0	0.000000E+0	0.000000E+0	1.932117E-3	2.080384E-3	1.489698E-3
0.000000E+0	0.000000E+0	0.000000E+0	0.000000E+0	1.962160E-3	2.078073E-3	1.494319E-3
0.000000E+0	0.000000E+0	0.000000E+0	0.000000E+0	1.920562E-3	2.068829E-3	1.475833E-3
0.000000E+0	0.000000E+0	0.000000E+0	0.000000E+0	1.911318E-3	2.052653E-3	1.485076E-3
0.000000E+0	0.000000E+0	0.000000E+0	0.000000E+0	1.915940E-3	2.052653E-3	1.459657E-3
0.000000E+0	0.000000E+0	0.000000E+0	0.000000E+0	1.892830E-3	2.043410E-3	1.468900E-3
0.000000E+0	0.000000E+0	0.000000E+0	0.000000E+0	1.876653E-3	2.024923E-3	1.431927E-3
0.000000E+0	0.000000E+0	0.000000E+0	0.000000E+0	1.876653E-3	2.017990E-3	1.422684E-3
0.000000E+0	0.000000E+0	0.000000E+0	0.000000E+0	1.867409E-3	1.994881E-3	1.424995E-3
0.000000E+0	0.000000E+0	0.000000E+0	0.000000E+0	1.862787E-3	1.987948E-3	1.429617E-3
0.000000E+0	0.000000E+0	0.000000E+0	0.000000E+0	1.841988E-3	1.974083E-3	1.401887E-3
0.000000E+0	0.000000E+0	0.000000E+0	0.000000E+0	1.844299E-3	1.960218E-3	1.399576E-3
0.000000E+0	0.000000E+0	0.000000E+0	0.000000E+0	1.821189E-3	1.967150E-3	1.364914E-3
0.000000E+0	0.000000E+0	0.000000E+0	0.000000E+0	1.800390E-3	1.944041E-3	1.392644E-3
0.000000E+0	0.000000E+0	0.000000E+0	0.000000E+0	1.802701E-3	1.944041E-3	1.371847E-3
0.000000E+0	0.000000E+0	0.000000E+0	0.000000E+0	1.807323E-3	1.946352E-3	1.371847E-3
0.000000E+0	0.000000E+0	0.000000E+0	0.000000E+0	1.795768E-3	1.946352E-3	1.344117E-3
0.000000E+0	0.000000E+0	0.000000E+0	0.000000E+0	1.791146E-3	1.909378E-3	1.351049E-3
0.000000E+0	0.000000E+0	0.000000E+0	0.000000E+0	1.758792E-3	1.916311E-3	1.332563E-3
0.000000E+0	0.000000E+0	0.000000E+0	0.000000E+0	1.744926E-3	1.895513E-3	1.332563E-3
0.000000E+0	0.000000E+0	0.000000E+0	0.000000E+0	1.733370E-3	1.886269E-3	1.318698E-3
0.000000E+0	0.000000E+0	0.000000E+0	0.000000E+0	1.749548E-3	1.867782E-3	1.318698E-3
0.000000E+0	0.000000E+0	0.000000E+0	0.000000E+0	1.710260E-3	1.870093E-3	1.307144E-3
0.000000E+0	0.000000E+0	0.000000E+0	0.000000E+0	1.728748E-3	1.865471E-3	1.311766E-3
0.000000E+0	0.000000E+0	0.000000E+0	0.000000E+0	1.717193E-3	1.846984E-3	1.304833E-3
0.000000E+0	0.000000E+0	0.000000E+0	0.000000E+0	1.705638E-3	1.833119E-3	1.288658E-3
0.000000E+0	0.000000E+0	0.000000E+0	0.000000E+0	1.684839E-3	1.823875E-3	1.279414E-3
0.000000E+0	0.000000E+0	0.000000E+0	0.000000E+0	1.670973E-3	1.812320E-3	1.272482E-3
0.000000E+0	0.000000E+0	0.000000E+0	0.000000E+0	1.673284E-3	1.807699E-3	1.267860E-3
0.000000E+0	0.000000E+0	0.000000E+0	0.000000E+0	1.680217E-3	1.789212E-3	1.256306E-3
0.000000E+0	0.000000E+0	0.000000E+0	0.000000E+0	1.647863E-3	1.803077E-3	1.253996E-3
0.000000E+0	0.000000E+0	0.000000E+0	0.000000E+0	1.631686E-3	1.768414E-3	1.235509E-3
0.000000E+0	0.000000E+0	0.000000E+0	0.000000E+0	1.622442E-3	1.777657E-3	1.242442E-3
0.000000E+0	0.000000E+0	0.000000E+0	0.000000E+0	1.645552E-3	1.754548E-3	1.237820E-3
0.000000E+0	0.000000E+0	0.000000E+0	0.000000E+0	1.622442E-3	1.761481E-3	1.214712E-3
0.000000E+0	0.000000E+0	0.000000E+0	0.000000E+0	1.638619E-3	1.740683E-3	1.212401E-3
0.000000E+0	0.000000E+0	0.000000E+0	0.000000E+0	1.599332E-3	1.736061E-3	1.212401E-3
0.000000E+0	0.000000E+0	0.000000E+0	0.000000E+0	1.613198E-3	1.715263E-3	1.182361E-3
0.000000E+0	0.000000E+0	0.000000E+0	0.000000E+0	1.597021E-3	1.715263E-3	1.168496E-3
0.000000E+0	0.000000E+0	0.000000E+0	0.000000E+0	1.571600E-3	1.703709E-3	1.180050E-3
0.000000E+0	0.000000E+0	0.000000E+0	0.000000E+0	1.587777E-3	1.692154E-3	1.166185E-3
0.000000E+0	0.000000E+0	0.000000E+0	0.000000E+0	1.566978E-3	1.655180E-3	1.177739E-3
0.000000E+0	0.000000E+0	0.000000E+0	0.000000E+0	1.550801E-3	1.673667E-3	1.177739E-3
0.000000E+0	0.000000E+0	0.000000E+0	0.000000E+0	1.539246E-3	1.659802E-3	1.163874E-3
0.000000E+0	0.000000E+0	0.000000E+0	0.000000E+0	1.541557E-3	1.657491E-3	1.150009E-3
0.000000E+0	0.000000E+0	0.000000E+0	0.000000E+0	1.560045E-3	1.639004E-3	1.140766E-3
0.000000E+0	0.000000E+0	0.000000E+0	0.000000E+0	1.504581E-3	1.645936E-3	1.122280E-3
0.000000E+0	0.000000E+0	0.000000E+0	0.000000E+0	1.504581E-3	1.643625E-3	1.113036E-3
0.000000E+0	0.000000E+0	0.000000E+0	0.000000E+0	1.511514E-3	1.632071E-3	1.131523E-3
0.000000E+0	0.000000E+0	0.000000E+0	0.000000E+0	1.504581E-3	1.615895E-3	1.119969E-3
0.000000E+0	0.000000E+0	0.000000E+0	0.000000E+0	1.481471E-3	1.611273E-3	1.099172E-3
0.000000E+0	0.000000E+0	0.000000E+0	0.000000E+0	1.460672E-3	1.602029E-3	1.096861E-3
0.000000E+0	0.000000E+0	0.000000E+0	0.000000E+0	1.490715E-3	1.602029E-3	1.085307E-3
0.000000E+0	0.000000E+0	0.000000E+0	0.000000E+0	1.465294E-3	1.565055E-3	1.087618E-3
0.000000E+0	0.000000E+0	0.000000E+0	0.000000E+0	1.467605E-3	1.581231E-3	1.085307E-3
0.000000E+0	0.000000E+0	0.000000E+0	0.000000E+0	1.435251E-3	1.555812E-3	1.080685E-3
0.000000E+0	0.000000E+0	0.000000E+0	0.000000E+0	1.451428E-3	1.560433E-3	1.073753E-3
0.000000E+0	0.000000E+0	0.000000E+0	0.000000E+0	1.437562E-3	1.569677E-3	1.078374E-3
0.000000E+0	0.000000E+0	0.000000E+0	0.000000E+0	1.435251E-3	1.539635E-3	1.041402E-3
0.000000E+0	0.000000E+0	0.000000E+0	0.000000E+0	1.414452E-3	1.548879E-3	1.050645E-3
0.000000E+0	0.000000E+0	0.000000E+0	0.000000E+0	1.398275E-3	1.509594E-3	1.036780E-3
0.000000E+0	0.000000E+0	0.000000E+0	0.000000E+0	1.400586E-3	1.514215E-3	1.018294E-3
0.000000E+0	0.000000E+0	0.000000E+0	0.000000E+0	1.384409E-3	1.495728E-3	1.022915E-3
0.000000E+0	0.000000E+0	0.000000E+0	0.000000E+0	1.375165E-3	1.498039E-3	1.027537E-3
0.000000E+0	0.000000E+0	0.000000E+0	0.000000E+0	1.361299E-3	1.481863E-3	1.018294E-3
0.000000E+0	0.000000E+0	0.000000E+0	0.000000E+0	1.395964E-3	1.474930E-3	1.009050E-3
0.000000E+0	0.000000E+0	0.000000E+0	0.000000E+0	1.379787E-3	1.498039E-3	9.836315E-4
0.000000E+0	0.000000E+0	0.000000E+0	0.000000E+0	1.349744E-3	1.461065E-3	9.859423E-4
0.000000E+0	0.000000E+0	0.000000E+0	0.000000E+0	1.361299E-3	1.437956E-3	9.928747E-4
0.000000E+0	0.000000E+0	0.000000E+0	0.000000E+0	1.356677E-3	1.437956E-3	9.974963E-4
0.000000E+0	0.000000E+0	0.000000E+0	0.000000E+0	1.356677E-3	1.431023E-3	9.697666E-4
0.000000E+0	0.000000E+0	0.000000E+0	0.000000E+0	1.324323E-3	1.419469E-3	9.651450E-4
0.000000E+0	0.000000E+0	0.000000E+0	0.000000E+0	1.338189E-3	1.428712E-3	9.743882E-4
0.000000E+0	0.000000E+0	0.000000E+0	0.000000E+0	1.322012E-3	1.405604E-3	9.697666E-4
0.000000E+0	0.000000E+0	0.000000E+0	0.000000E+0	1.315079E-3	1.433334E-3	9.489694E-4
0.000000E+0	0.000000E+0	0.000000E+0	0.000000E+0	1.291969E-3	1.410225E-3	9.605234E-4
0.000000E+0	0.000000E+0	0.000000E+0	0.000000E+0	1.303524E-3	1.417158E-3	9.489694E-4
0.000000E+0	0.000000E+0	0.000000E+0	0.000000E+0	1.298902E-3	1.405604E-3	9.512802E-4
0.000000E+0	0.000000E+0	0.000000E+0	0.000000E+0	1.285036E-3	1.384806E-3	9.258613E-4
0.000000E+0	0.000000E+0	0.000000E+0	0.000000E+0	1.287347E-3	1.370940E-3	9.143073E-4
0.000000E+0	0.000000E+0	0.000000E+0	0.000000E+0	1.268858E-3	1.368629E-3	9.351046E-4
0.000000E+0	0.000000E+0	0.000000E+0	0.000000E+0	1.298902E-3	1.377873E-3	9.143073E-4
0.000000E+0	0.000000E+0	0.000000E+0	0.000000E+0	1.250370E-3	1.354764E-3	9.096857E-4
0.000000E+0	0.000000E+0	0.000000E+0	0.000000E+0	1.224949E-3	1.336277E-3	8.773345E-4
0.000000E+0	0.000000E+0	0.000000E+0	0.000000E+0	1.243437E-3	1.350142E-3	9.166181E-4
0.000000E+0	0.000000E+0	0.000000E+0	0.000000E+0	1.254992E-3	1.347831E-3	9.073749E-4
0.000000E+0	0.000000E+0	0.000000E+0	0.000000E+0	1.241126E-3	1.343209E-3	8.657804E-4
0.000000E+0	0.000000E+0	0.000000E+0	0.000000E+0	1.229571E-3	1.317790E-3	8.819561E-4
0.000000E+0	0.000000E+0	0.000000E+0	0.000000E+0	1.224949E-3	1.315479E-3	8.935101E-4
0.000000E+0	0.000000E+0	0.000000E+0	0.000000E+0	1.215705E-3	1.313168E-3	8.819561E-4
0.000000E+0	0.000000E+0	0.000000E+0	0.000000E+0	1.208772E-3	1.294681E-3	8.403616E-4
0.000000E+0	0.000000E+0	0.000000E+0	0.000000E+0	1.194906E-3	1.299303E-3	8.449832E-4
0.000000E+0	0.000000E+0	0.000000E+0	0.000000E+0	1.208772E-3	1.296992E-3	8.449832E-4
0.000000E+0	0.000000E+0	0.000000E+0	0.000000E+0	1.194906E-3	1.273883E-3	8.519156E-4
0.000000E+0	0.000000E+0	0.000000E+0	0.000000E+0	1.181040E-3	1.273883E-3	8.426724E-4
0.000000E+0	0.000000E+0	0.000000E+0	0.000000E+0	1.194906E-3	1.262328E-3	8.496048E-4
0.000000E+0	0.000000E+0	0.000000E+0	0.000000E+0	1.194906E-3	1.248463E-3	8.334292E-4
0.000000E+0	0.000000E+0	0.000000E+0	0.000000E+0	1.176418E-3	1.236908E-3	8.380508E-4
0.000000E+0	0.000000E+0	0.000000E+0	0.000000E+0	1.160241E-3	1.255396E-3	8.241860E-4
0.000000E+0	0.000000E+0	0.000000E+0	0.000000E+0	1.162552E-3	1.266950E-3	8.126319E-4
0.000000E+0	0.000000E+0	0.000000E+0	0.000000E+0	1.150997E-3	1.234598E-3	8.103211E-4
0.000000E+0	0.000000E+0	0.000000E+0	0.000000E+0	1.160241E-3	1.216110E-3	7.987671E-4
0.000000E+0	0.000000E+0	0.000000E+0	0.000000E+0	1.137131E-3	1.236908E-3	8.056995E-4
0.000000E+0	0.000000E+0	0.000000E+0	0.000000E+0	1.139442E-3	1.234598E-3	8.010779E-4
0.000000E+0	0.000000E+0	0.000000E+0	0.000000E+0	1.118643E-3	1.209178E-3	7.964563E-4
0.000000E+0	0.000000E+0	0.000000E+0	0.000000E+0	1.116332E-3	1.216110E-3	8.010779E-4
0.000000E+0	0.000000E+0	0.000000E+0	0.000000E+0	1.114021E-3	1.209178E-3	7.687267E-4
0.000000E+0	0.000000E+0	0.000000E+0	0.000000E+0	1.107088E-3	1.181447E-3	7.872131E-4
0.000000E+0	0.000000E+0	0.000000E+0	0.000000E+0	1.095533E-3	1.190691E-3	7.525510E-4
0.000000E+0	0.000000E+0	0.000000E+0	0.000000E+0	1.095533E-3	1.186069E-3	7.895239E-4
0.000000E+0	0.000000E+0	0.000000E+0	0.000000E+0	1.093222E-3	1.193001E-3	7.479294E-4
0.000000E+0	0.000000E+0	0.000000E+0	0.000000E+0	1.086289E-3	1.160649E-3	7.617943E-4
0.000000E+0	0.000000E+0	0.000000E+0	0.000000E+0	1.060868E-3	1.151405E-3	7.479294E-4
0.000000E+0	0.000000E+0	0.000000E+0	0.000000E+0	1.093222E-3	1.156027E-3	7.271322E-4
0.000000E+0	0.000000E+0	0.000000E+0	0.000000E+0	1.063179E-3	1.146784E-3	7.594835E-4
0.000000E+0	0.000000E+0	0.000000E+0	0.000000E+0	1.070112E-3	1.149095E-3	7.201998E-4
0.000000E+0	0.000000E+0	0.000000E+0	0.000000E+0	1.044691E-3	1.137540E-3	7.340646E-4
0.000000E+0	0.000000E+0	0.000000E+0	0.000000E+0	1.056246E-3	1.132918E-3	7.456186E-4
0.000000E+0	0.000000E+0	0.000000E+0	0.000000E+0	1.065490E-3	1.142162E-3	7.271322E-4
0.000000E+0	0.000000E+0	0.000000E+0	0.000000E+0	1.049313E-3	1.098255E-3	7.409970E-4
0.000000E+0	0.000000E+0	0.000000E+0	0.000000E+0	1.023892E-3	1.100566E-3	7.063350E-4
0.000000E+0	0.000000E+0	0.000000E+0	0.000000E+0	1.021581E-3	1.114431E-3	7.178890E-4
0.000000E+0	0.000000E+0	0.000000E+0	0.000000E+0	1.023892E-3	1.109809E-3	6.832269E-4
0.000000E+0	0.000000E+0	0.000000E+0	0.000000E+0	1.007715E-3	1.084390E-3	6.901593E-4
0.000000E+0	0.000000E+0	0.000000E+0	0.000000E+0	9.961599E-4	1.109809E-3	6.716729E-4
0.000000E+0	0.000000E+0	0.000000E+0	0.000000E+0	1.012337E-3	1.105188E-3	7.017134E-4
0.000000E+0	0.000000E+0	0.000000E+0	0.000000E+0	1.012337E-3	1.072835E-3	7.040242E-4
0.000000E+0	0.000000E+0	0.000000E+0	0.000000E+0	9.892269E-4	1.072835E-3	7.063350E-4
0.000000E+0	0.000000E+0	0.000000E+0	0.000000E+0	9.961599E-4	1.072835E-3	6.624297E-4
0.000000E+0	0.000000E+0	0.000000E+0	0.000000E+0	9.915379E-4	1.049726E-3	6.739837E-4
0.000000E+0	0.000000E+0	0.000000E+0	0.000000E+0	9.799829E-4	1.079768E-3	6.786053E-4
0.000000E+0	0.000000E+0	0.000000E+0	0.000000E+0	9.799829E-4	1.075146E-3	6.762945E-4
0.000000E+0	0.000000E+0	0.000000E+0	0.000000E+0	9.707388E-4	1.045104E-3	6.370108E-4
0.000000E+0	0.000000E+0	0.000000E+0	0.000000E+0	9.753609E-4	1.033550E-3	6.624297E-4
0.000000E+0	0.000000E+0	0.000000E+0	0.000000E+0	9.499398E-4	1.058970E-3	6.531865E-4
0.000000E+0	0.000000E+0	0.000000E+0	0.000000E+0	9.638058E-4	1.045104E-3	6.485649E-4
0.000000E+0	0.000000E+0	0.000000E+0	0.000000E+0	9.314518E-4	1.035861E-3	6.254568E-4
0.000000E+0	0.000000E+0	0.000000E+0	0.000000E+0	9.430068E-4	1.015063E-3	6.323892E-4
0.000000E+0	0.000000E+0	0.000000E+0	0.000000E+0	9.314518E-4	1.017374E-3	6.508757E-4
0.000000E+0	0.000000E+0	0.000000E+0	0.000000E+0	9.198967E-4	1.001197E-3	6.300784E-4
0.000000E+0	0.000000E+0	0.000000E+0	0.000000E+0	9.360738E-4	1.035861E-3	6.069704E-4
0.000000E+0	0.000000E+0	0.000000E+0	0.000000E+0	9.083417E-4	9.965757E-4	6.485649E-4
0.000000E+0	0.000000E+0	0.000000E+0	0.000000E+0	9.106527E-4	1.003508E-3	6.300784E-4
0.000000E+0	0.000000E+0	0.000000E+0	0.000000E+0	9.406958E-4	9.873321E-4	6.485649E-4
0.000000E+0	0.000000E+0	0.000000E+0	0.000000E+0	9.037197E-4	9.965757E-4	6.231460E-4
0.000000E+0	0.000000E+0	0.000000E+0	0.000000E+0	9.129637E-4	9.596014E-4	6.000380E-4
0.000000E+0	0.000000E+0	0.000000E+0	0.000000E+0	9.106527E-4	9.942648E-4	5.815515E-4
0.000000E+0	0.000000E+0	0.000000E+0	0.000000E+0	9.175857E-4	9.688450E-4	6.092812E-4
0.000000E+0	0.000000E+0	0.000000E+0	0.000000E+0	9.037197E-4	9.619123E-4	5.838623E-4
0.000000E+0	0.000000E+0	0.000000E+0	0.000000E+0	8.528776E-4	9.364925E-4	6.000380E-4
0.000000E+0	0.000000E+0	0.000000E+0	0.000000E+0	8.782986E-4	9.803995E-4	5.884840E-4
0.000000E+0	0.000000E+0	0.000000E+0	0.000000E+0	8.829207E-4	9.480470E-4	5.792407E-4
0.000000E+0	0.000000E+0	0.000000E+0	0.000000E+0	8.667436E-4	9.503579E-4	5.815515E-4
0.000000E+0	0.000000E+0	0.000000E+0	0.000000E+0	8.644326E-4	9.318707E-4	5.723083E-4
0.000000E+0	0.000000E+0	0.000000E+0	0.000000E+0	8.621216E-4	9.295598E-4	5.746191E-4
0.000000E+0	0.000000E+0	0.000000E+0	0.000000E+0	8.621216E-4	9.318707E-4	5.561327E-4
0.000000E+0	0.000000E+0	0.000000E+0	0.000000E+0	8.367006E-4	9.203163E-4	5.653759E-4
0.000000E+0	0.000000E+0	0.000000E+0	0.000000E+0	8.528776E-4	9.064509E-4	5.769299E-4
0.000000E+0	0.000000E+0	0.000000E+0	0.000000E+0	8.528776E-4	8.995182E-4	5.676867E-4
0.000000E+0	0.000000E+0	0.000000E+0	0.000000E+0	8.551886E-4	9.226272E-4	5.561327E-4
0.000000E+0	0.000000E+0	0.000000E+0	0.000000E+0	8.390116E-4	9.156945E-4	5.492003E-4
0.000000E+0	0.000000E+0	0.000000E+0	0.000000E+0	8.459446E-4	8.833420E-4	5.515111E-4
0.000000E+0	0.000000E+0	0.000000E+0	0.000000E+0	8.159015E-4	8.948965E-4	5.445787E-4
0.000000E+0	0.000000E+0	0.000000E+0	0.000000E+0	8.413226E-4	8.856529E-4	5.468895E-4
0.000000E+0	0.000000E+0	0.000000E+0	0.000000E+0	8.274565E-4	8.925856E-4	5.399571E-4
0.000000E+0	0.000000E+0	0.000000E+0	0.000000E+0	8.274565E-4	8.787202E-4	5.330247E-4
0.000000E+0	0.000000E+0	0.000000E+0	0.000000E+0	8.089685E-4	8.902747E-4	5.214706E-4
0.000000E+0	0.000000E+0	0.000000E+0	0.000000E+0	7.835474E-4	8.787202E-4	5.214706E-4
0.000000E+0	0.000000E+0	0.000000E+0	0.000000E+0	8.089685E-4	8.879638E-4	5.237814E-4
0.000000E+0	0.000000E+0	0.000000E+0	0.000000E+0	8.159015E-4	8.556113E-4	5.284030E-4
0.000000E+0	0.000000E+0	0.000000E+0	0.000000E+0	7.974135E-4	8.602331E-4	5.168490E-4
0.000000E+0	0.000000E+0	0.000000E+0	0.000000E+0	7.997245E-4	8.394351E-4	5.076058E-4
0.000000E+0	0.000000E+0	0.000000E+0	0.000000E+0	7.927915E-4	8.533004E-4	4.960518E-4
0.000000E+0	0.000000E+0	0.000000E+0	0.000000E+0	7.881695E-4	8.533004E-4	5.076058E-4
0.000000E+0	0.000000E+0	0.000000E+0	0.000000E+0	7.627484E-4	8.463677E-4	4.960518E-4
0.000000E+0	0.000000E+0	0.000000E+0	0.000000E+0	7.719924E-4	8.325024E-4	5.052950E-4
0.000000E+0	0.000000E+0	0.000000E+0	0.000000E+0	7.627484E-4	8.348133E-4	5.191598E-4
0.000000E+0	0.000000E+0	0.000000E+0	0.000000E+0	7.766144E-4	8.509895E-4	4.752546E-4
0.000000E+0	0.000000E+0	0.000000E+0	0.000000E+0	7.627484E-4	8.163261E-4	5.006734E-4
0.000000E+0	0.000000E+0	0.000000E+0	0.000000E+0	7.350163E-4	7.955281E-4	4.775654E-4
0.000000E+0	0.000000E+0	0.000000E+0	0.000000E+0	7.511934E-4	8.117044E-4	4.914302E-4
0.000000E+0	0.000000E+0	0.000000E+0	0.000000E+0	7.373273E-4	8.209479E-4	4.637005E-4
0.000000E+0	0.000000E+0	0.000000E+0	0.000000E+0	7.511934E-4	7.955281E-4	4.798762E-4
0.000000E+0	0.000000E+0	0.000000E+0	0.000000E+0	7.488824E-4	7.978390E-4	4.775654E-4
0.000000E+0	0.000000E+0	0.000000E+0	0.000000E+0	7.350163E-4	8.047717E-4	4.706329E-4
0.000000E+0	0.000000E+0	0.000000E+0	0.000000E+0	7.604374E-4	7.978390E-4	4.521465E-4
0.000000E+0	0.000000E+0	0.000000E+0	0.000000E+0	7.280833E-4	7.978390E-4	4.429033E-4
0.000000E+0	0.000000E+0	0.000000E+0	0.000000E+0	7.373273E-4	7.747301E-4	4.590789E-4
0.000000E+0	0.000000E+0	0.000000E+0	0.000000E+0	7.095953E-4	8.001499E-4	4.544573E-4
0.000000E+0	0.000000E+0	0.000000E+0	0.000000E+0	6.980403E-4	7.608647E-4	4.336601E-4
0.000000E+0	0.000000E+0	0.000000E+0	0.000000E+0	7.188393E-4	7.770410E-4	4.521465E-4
0.000000E+0	0.000000E+0	0.000000E+0	0.000000E+0	7.257723E-4	7.747301E-4	4.544573E-4
0.000000E+0	0.000000E+0	0.000000E+0	0.000000E+0	7.095953E-4	7.793519E-4	4.290385E-4
0.000000E+0	0.000000E+0	0.000000E+0	0.000000E+0	6.887962E-4	7.654865E-4	4.429033E-4
0.000000E+0	0.000000E+0	0.000000E+0	0.000000E+0	7.049733E-4	7.493103E-4	4.313493E-4
0.000000E+0	0.000000E+0	0.000000E+0	0.000000E+0	7.119063E-4	7.516212E-4	4.405925E-4
0.000000E+0	0.000000E+0	0.000000E+0	0.000000E+0	6.887962E-4	7.654865E-4	4.036196E-4
0.000000E+0	0.000000E+0	0.000000E+0	0.000000E+0	7.165283E-4	7.262014E-4	4.290385E-4
0.000000E+0	0.000000E+0	0.000000E+0	0.000000E+0	6.841742E-4	7.400667E-4	4.336601E-4
0.000000E+0	0.000000E+0	0.000000E+0	0.000000E+0	6.957293E-4	7.192687E-4	4.174845E-4
0.000000E+0	0.000000E+0	0.000000E+0	0.000000E+0	6.795522E-4	7.400667E-4	4.197953E-4
0.000000E+0	0.000000E+0	0.000000E+0	0.000000E+0	6.911072E-4	7.331340E-4	4.013088E-4
0.000000E+0	0.000000E+0	0.000000E+0	0.000000E+0	6.679972E-4	7.377558E-4	4.128628E-4
0.000000E+0	0.000000E+0	0.000000E+0	0.000000E+0	6.633752E-4	7.238905E-4	4.174845E-4
0.000000E+0	0.000000E+0	0.000000E+0	0.000000E+0	6.495092E-4	7.192687E-4	4.036196E-4
0.000000E+0	0.000000E+0	0.000000E+0	0.000000E+0	6.610642E-4	7.354449E-4	4.221061E-4
0.000000E+0	0.000000E+0	0.000000E+0	0.000000E+0	6.541312E-4	7.146469E-4	3.712684E-4
0.000000E+0	0.000000E+0	0.000000E+0	0.000000E+0	6.448871E-4	7.030925E-4	4.059304E-4
0.000000E+0	0.000000E+0	0.000000E+0	0.000000E+0	6.564422E-4	6.822944E-4	3.897548E-4
0.000000E+0	0.000000E+0	0.000000E+0	0.000000E+0	6.425761E-4	6.984707E-4	3.689576E-4
0.000000E+0	0.000000E+0	0.000000E+0	0.000000E+0	6.240881E-4	7.054033E-4	3.851332E-4
0.000000E+0	0.000000E+0	0.000000E+0	0.000000E+0	6.425761E-4	6.822944E-4	3.920656E-4
0.000000E+0	0.000000E+0	0.000000E+0	0.000000E+0	6.448871E-4	6.822944E-4	3.620252E-4
0.000000E+0	0.000000E+0	0.000000E+0	0.000000E+0	6.495092E-4	7.007816E-4	3.689576E-4
0.000000E+0	0.000000E+0	0.000000E+0	0.000000E+0	6.217771E-4	6.730509E-4	3.712684E-4
0.000000E+0	0.000000E+0	0.000000E+0	0.000000E+0	6.240881E-4	6.614964E-4	3.851332E-4
