This is a C(T) experiment being done in Physics 350.
It records the decay response of an RC circuit where the capacitance is a strong function of temperature.

11/10/2014
12:59 PM

Start temp = 40.0
Temp step = 10.0
End temp = 60.0
Num temps = 3
Num avg cycles = 30
Num points per meas = 1000
Meas time interval = 1.000000E-5

DDD

3.000000E+1	3.000000E+0	4.000000E+1	1.046884E-8	1.000000E+0	1.000000E+0	1.000000E+0
1.000000E+3	0.000000E+0	5.000000E+1	1.035390E-8	9.899693E-1	9.898729E-1	9.887284E-1
1.000000E-5	0.000000E+0	6.000000E+1	9.290640E-9	9.800987E-1	9.798991E-1	9.776618E-1
0.000000E+0	0.000000E+0	0.000000E+0	0.000000E+0	9.703589E-1	9.700403E-1	9.667462E-1
0.000000E+0	0.000000E+0	0.000000E+0	0.000000E+0	9.607499E-1	9.603595E-1	9.559951E-1
0.000000E+0	0.000000E+0	0.000000E+0	0.000000E+0	9.512650E-1	9.507148E-1	9.453815E-1
0.000000E+0	0.000000E+0	0.000000E+0	0.000000E+0	9.418477E-1	9.412256E-1	9.349075E-1
0.000000E+0	0.000000E+0	0.000000E+0	0.000000E+0	9.325972E-1	9.318604E-1	9.245914E-1
0.000000E+0	0.000000E+0	0.000000E+0	0.000000E+0	9.233897E-1	9.225786E-1	9.143406E-1
0.000000E+0	0.000000E+0	0.000000E+0	0.000000E+0	9.143332E-1	9.134005E-1	9.042700E-1
0.000000E+0	0.000000E+0	0.000000E+0	0.000000E+0	9.053444E-1	9.043734E-1	8.943077E-1
0.000000E+0	0.000000E+0	0.000000E+0	0.000000E+0	8.964706E-1	8.954162E-1	8.844827E-1
0.000000E+0	0.000000E+0	0.000000E+0	0.000000E+0	8.877118E-1	8.865311E-1	8.747705E-1
0.000000E+0	0.000000E+0	0.000000E+0	0.000000E+0	8.790116E-1	8.777744E-1	8.651867E-1
0.000000E+0	0.000000E+0	0.000000E+0	0.000000E+0	8.704377E-1	8.691485E-1	8.557021E-1
0.000000E+0	0.000000E+0	0.000000E+0	0.000000E+0	8.619563E-1	8.605925E-1	8.463797E-1
0.000000E+0	0.000000E+0	0.000000E+0	0.000000E+0	8.535629E-1	8.521199E-1	8.371182E-1
0.000000E+0	0.000000E+0	0.000000E+0	0.000000E+0	8.452416E-1	8.437284E-1	8.279603E-1
0.000000E+0	0.000000E+0	0.000000E+0	0.000000E+0	8.370330E-1	8.354384E-1	8.189489E-1
0.000000E+0	0.000000E+0	0.000000E+0	0.000000E+0	8.289057E-1	8.272723E-1	8.100344E-1
0.000000E+0	0.000000E+0	0.000000E+0	0.000000E+0	8.208821E-1	8.191423E-1	8.012281E-1
0.000000E+0	0.000000E+0	0.000000E+0	0.000000E+0	8.129148E-1	8.111250E-1	7.925096E-1
0.000000E+0	0.000000E+0	0.000000E+0	0.000000E+0	8.050468E-1	8.031934E-1	7.839038E-1
0.000000E+0	0.000000E+0	0.000000E+0	0.000000E+0	7.972487E-1	7.953519E-1	7.754197E-1
0.000000E+0	0.000000E+0	0.000000E+0	0.000000E+0	7.895408E-1	7.875645E-1	7.669875E-1
0.000000E+0	0.000000E+0	0.000000E+0	0.000000E+0	7.819322E-1	7.798740E-1	7.586837E-1
0.000000E+0	0.000000E+0	0.000000E+0	0.000000E+0	7.743664E-1	7.722895E-1	7.504858E-1
0.000000E+0	0.000000E+0	0.000000E+0	0.000000E+0	7.668975E-1	7.647680E-1	7.423532E-1
0.000000E+0	0.000000E+0	0.000000E+0	0.000000E+0	7.595031E-1	7.573120E-1	7.343401E-1
0.000000E+0	0.000000E+0	0.000000E+0	0.000000E+0	7.521989E-1	7.499303E-1	7.264216E-1
0.000000E+0	0.000000E+0	0.000000E+0	0.000000E+0	7.449600E-1	7.426523E-1	7.185798E-1
0.000000E+0	0.000000E+0	0.000000E+0	0.000000E+0	7.377844E-1	7.354397E-1	7.108573E-1
0.000000E+0	0.000000E+0	0.000000E+0	0.000000E+0	7.307169E-1	7.283172E-1	7.031890E-1
0.000000E+0	0.000000E+0	0.000000E+0	0.000000E+0	7.236923E-1	7.212286E-1	6.956153E-1
0.000000E+0	0.000000E+0	0.000000E+0	0.000000E+0	7.167557E-1	7.142571E-1	6.881340E-1
0.000000E+0	0.000000E+0	0.000000E+0	0.000000E+0	7.098799E-1	7.073533E-1	6.807473E-1
0.000000E+0	0.000000E+0	0.000000E+0	0.000000E+0	7.030899E-1	7.004945E-1	6.734756E-1
0.000000E+0	0.000000E+0	0.000000E+0	0.000000E+0	6.963630E-1	6.937305E-1	6.662129E-1
0.000000E+0	0.000000E+0	0.000000E+0	0.000000E+0	6.897173E-1	6.870317E-1	6.590606E-1
0.000000E+0	0.000000E+0	0.000000E+0	0.000000E+0	6.831211E-1	6.803961E-1	6.520052E-1
0.000000E+0	0.000000E+0	0.000000E+0	0.000000E+0	6.766085E-1	6.738349E-1	6.449949E-1
0.000000E+0	0.000000E+0	0.000000E+0	0.000000E+0	6.701386E-1	6.673413E-1	6.381242E-1
0.000000E+0	0.000000E+0	0.000000E+0	0.000000E+0	6.637545E-1	6.609063E-1	6.312942E-1
0.000000E+0	0.000000E+0	0.000000E+0	0.000000E+0	6.574223E-1	6.545637E-1	6.245655E-1
0.000000E+0	0.000000E+0	0.000000E+0	0.000000E+0	6.511622E-1	6.482482E-1	6.178684E-1
0.000000E+0	0.000000E+0	0.000000E+0	0.000000E+0	6.449427E-1	6.420003E-1	6.112750E-1
0.000000E+0	0.000000E+0	0.000000E+0	0.000000E+0	6.388156E-1	6.358447E-1	6.047446E-1
0.000000E+0	0.000000E+0	0.000000E+0	0.000000E+0	6.327404E-1	6.297366E-1	5.983067E-1
0.000000E+0	0.000000E+0	0.000000E+0	0.000000E+0	6.267171E-1	6.236915E-1	5.919228E-1
0.000000E+0	0.000000E+0	0.000000E+0	0.000000E+0	6.207998E-1	6.177005E-1	5.856246E-1
0.000000E+0	0.000000E+0	0.000000E+0	0.000000E+0	6.148960E-1	6.117817E-1	5.793691E-1
0.000000E+0	0.000000E+0	0.000000E+0	0.000000E+0	6.090576E-1	6.059260E-1	5.732151E-1
0.000000E+0	0.000000E+0	0.000000E+0	0.000000E+0	6.032801E-1	6.001446E-1	5.671174E-1
0.000000E+0	0.000000E+0	0.000000E+0	0.000000E+0	5.975567E-1	5.943723E-1	5.610963E-1
0.000000E+0	0.000000E+0	0.000000E+0	0.000000E+0	5.919168E-1	5.886653E-1	5.551406E-1
0.000000E+0	0.000000E+0	0.000000E+0	0.000000E+0	5.863242E-1	5.830711E-1	5.492367E-1
0.000000E+0	0.000000E+0	0.000000E+0	0.000000E+0	5.807835E-1	5.774926E-1	5.434432E-1
0.000000E+0	0.000000E+0	0.000000E+0	0.000000E+0	5.752766E-1	5.719772E-1	5.376678E-1
0.000000E+0	0.000000E+0	0.000000E+0	0.000000E+0	5.698554E-1	5.665182E-1	5.319689E-1
0.000000E+0	0.000000E+0	0.000000E+0	0.000000E+0	5.644770E-1	5.611177E-1	5.263287E-1
0.000000E+0	0.000000E+0	0.000000E+0	0.000000E+0	5.591438E-1	5.557624E-1	5.207470E-1
0.000000E+0	0.000000E+0	0.000000E+0	0.000000E+0	5.538850E-1	5.504814E-1	5.152420E-1
0.000000E+0	0.000000E+0	0.000000E+0	0.000000E+0	5.486577E-1	5.452207E-1	5.098136E-1
0.000000E+0	0.000000E+0	0.000000E+0	0.000000E+0	5.434778E-1	5.400570E-1	5.044054E-1
0.000000E+0	0.000000E+0	0.000000E+0	0.000000E+0	5.383926E-1	5.349203E-1	4.990852E-1
0.000000E+0	0.000000E+0	0.000000E+0	0.000000E+0	5.333097E-1	5.298129E-1	4.938010E-1
0.000000E+0	0.000000E+0	0.000000E+0	0.000000E+0	5.282989E-1	5.247438E-1	4.885979E-1
0.000000E+0	0.000000E+0	0.000000E+0	0.000000E+0	5.233310E-1	5.197986E-1	4.834309E-1
0.000000E+0	0.000000E+0	0.000000E+0	0.000000E+0	5.184307E-1	5.148625E-1	4.783450E-1
0.000000E+0	0.000000E+0	0.000000E+0	0.000000E+0	5.135350E-1	5.099738E-1	4.732861E-1
0.000000E+0	0.000000E+0	0.000000E+0	0.000000E+0	5.087407E-1	5.051323E-1	4.683151E-1
0.000000E+0	0.000000E+0	0.000000E+0	0.000000E+0	5.039712E-1	5.003607E-1	4.633734E-1
0.000000E+0	0.000000E+0	0.000000E+0	0.000000E+0	4.992266E-1	4.956140E-1	4.584903E-1
0.000000E+0	0.000000E+0	0.000000E+0	0.000000E+0	4.945473E-1	4.909055E-1	4.536456E-1
0.000000E+0	0.000000E+0	0.000000E+0	0.000000E+0	4.899131E-1	4.862827E-1	4.488909E-1
0.000000E+0	0.000000E+0	0.000000E+0	0.000000E+0	4.853331E-1	4.816644E-1	4.441903E-1
0.000000E+0	0.000000E+0	0.000000E+0	0.000000E+0	4.807936E-1	4.771182E-1	4.395484E-1
0.000000E+0	0.000000E+0	0.000000E+0	0.000000E+0	4.762858E-1	4.725991E-1	4.349086E-1
0.000000E+0	0.000000E+0	0.000000E+0	0.000000E+0	4.718275E-1	4.681273E-1	4.303027E-1
0.000000E+0	0.000000E+0	0.000000E+0	0.000000E+0	4.674256E-1	4.637141E-1	4.258185E-1
0.000000E+0	0.000000E+0	0.000000E+0	0.000000E+0	4.630688E-1	4.593347E-1	4.213680E-1
0.000000E+0	0.000000E+0	0.000000E+0	0.000000E+0	4.587571E-1	4.550094E-1	4.169289E-1
0.000000E+0	0.000000E+0	0.000000E+0	0.000000E+0	4.544793E-1	4.507022E-1	4.125595E-1
0.000000E+0	0.000000E+0	0.000000E+0	0.000000E+0	4.502149E-1	4.464558E-1	4.082668E-1
0.000000E+0	0.000000E+0	0.000000E+0	0.000000E+0	4.460385E-1	4.422477E-1	4.040102E-1
0.000000E+0	0.000000E+0	0.000000E+0	0.000000E+0	4.418802E-1	4.380892E-1	3.997558E-1
0.000000E+0	0.000000E+0	0.000000E+0	0.000000E+0	4.377782E-1	4.339645E-1	3.955667E-1
0.000000E+0	0.000000E+0	0.000000E+0	0.000000E+0	4.336898E-1	4.298782E-1	3.914138E-1
0.000000E+0	0.000000E+0	0.000000E+0	0.000000E+0	4.296510E-1	4.258346E-1	3.873216E-1
0.000000E+0	0.000000E+0	0.000000E+0	0.000000E+0	4.256798E-1	4.218204E-1	3.833038E-1
0.000000E+0	0.000000E+0	0.000000E+0	0.000000E+0	4.217312E-1	4.178535E-1	3.792883E-1
0.000000E+0	0.000000E+0	0.000000E+0	0.000000E+0	4.178142E-1	4.139632E-1	3.753336E-1
0.000000E+0	0.000000E+0	0.000000E+0	0.000000E+0	4.139264E-1	4.100729E-1	3.714082E-1
0.000000E+0	0.000000E+0	0.000000E+0	0.000000E+0	4.100883E-1	4.062232E-1	3.675189E-1
0.000000E+0	0.000000E+0	0.000000E+0	0.000000E+0	4.062795E-1	4.023735E-1	3.637219E-1
0.000000E+0	0.000000E+0	0.000000E+0	0.000000E+0	4.025113E-1	3.986275E-1	3.598934E-1
0.000000E+0	0.000000E+0	0.000000E+0	0.000000E+0	3.987724E-1	3.948815E-1	3.561686E-1
0.000000E+0	0.000000E+0	0.000000E+0	0.000000E+0	3.950921E-1	3.911850E-1	3.524663E-1
0.000000E+0	0.000000E+0	0.000000E+0	0.000000E+0	3.914479E-1	3.875247E-1	3.487865E-1
0.000000E+0	0.000000E+0	0.000000E+0	0.000000E+0	3.878105E-1	3.838913E-1	3.451630E-1
0.000000E+0	0.000000E+0	0.000000E+0	0.000000E+0	3.842137E-1	3.803166E-1	3.415418E-1
0.000000E+0	0.000000E+0	0.000000E+0	0.000000E+0	3.806913E-1	3.767374E-1	3.380063E-1
0.000000E+0	0.000000E+0	0.000000E+0	0.000000E+0	3.771621E-1	3.732258E-1	3.345158E-1
0.000000E+0	0.000000E+0	0.000000E+0	0.000000E+0	3.736781E-1	3.697412E-1	3.310140E-1
0.000000E+0	0.000000E+0	0.000000E+0	0.000000E+0	3.702413E-1	3.663017E-1	3.275912E-1
0.000000E+0	0.000000E+0	0.000000E+0	0.000000E+0	3.668204E-1	3.628938E-1	3.241931E-1
0.000000E+0	0.000000E+0	0.000000E+0	0.000000E+0	3.634288E-1	3.594904E-1	3.208310E-1
0.000000E+0	0.000000E+0	0.000000E+0	0.000000E+0	3.600642E-1	3.561275E-1	3.175140E-1
0.000000E+0	0.000000E+0	0.000000E+0	0.000000E+0	3.567674E-1	3.528052E-1	3.142263E-1
0.000000E+0	0.000000E+0	0.000000E+0	0.000000E+0	3.534953E-1	3.495258E-1	3.109702E-1
0.000000E+0	0.000000E+0	0.000000E+0	0.000000E+0	3.502254E-1	3.462553E-1	3.077434E-1
0.000000E+0	0.000000E+0	0.000000E+0	0.000000E+0	3.470052E-1	3.430277E-1	3.045503E-1
0.000000E+0	0.000000E+0	0.000000E+0	0.000000E+0	3.438030E-1	3.398294E-1	3.014001E-1
0.000000E+0	0.000000E+0	0.000000E+0	0.000000E+0	3.406549E-1	3.366807E-1	2.982724E-1
0.000000E+0	0.000000E+0	0.000000E+0	0.000000E+0	3.374798E-1	3.335432E-1	2.951785E-1
0.000000E+0	0.000000E+0	0.000000E+0	0.000000E+0	3.344084E-1	3.304576E-1	2.921635E-1
0.000000E+0	0.000000E+0	0.000000E+0	0.000000E+0	3.313415E-1	3.273765E-1	2.891462E-1
0.000000E+0	0.000000E+0	0.000000E+0	0.000000E+0	3.282995E-1	3.243179E-1	2.861447E-1
0.000000E+0	0.000000E+0	0.000000E+0	0.000000E+0	3.252642E-1	3.213134E-1	2.831680E-1
0.000000E+0	0.000000E+0	0.000000E+0	0.000000E+0	3.223123E-1	3.183428E-1	2.802814E-1
0.000000E+0	0.000000E+0	0.000000E+0	0.000000E+0	3.193446E-1	3.154014E-1	2.773588E-1
0.000000E+0	0.000000E+0	0.000000E+0	0.000000E+0	3.164176E-1	3.124443E-1	2.745015E-1
0.000000E+0	0.000000E+0	0.000000E+0	0.000000E+0	3.135379E-1	3.095660E-1	2.717028E-1
0.000000E+0	0.000000E+0	0.000000E+0	0.000000E+0	3.106536E-1	3.066900E-1	2.688906E-1
0.000000E+0	0.000000E+0	0.000000E+0	0.000000E+0	3.078145E-1	3.038568E-1	2.660806E-1
0.000000E+0	0.000000E+0	0.000000E+0	0.000000E+0	3.050070E-1	3.010372E-1	2.633743E-1
0.000000E+0	0.000000E+0	0.000000E+0	0.000000E+0	3.022378E-1	2.982649E-1	2.606635E-1
0.000000E+0	0.000000E+0	0.000000E+0	0.000000E+0	2.994595E-1	2.955128E-1	2.579820E-1
0.000000E+0	0.000000E+0	0.000000E+0	0.000000E+0	2.967174E-1	2.927563E-1	2.553342E-1
0.000000E+0	0.000000E+0	0.000000E+0	0.000000E+0	2.940023E-1	2.900516E-1	2.527023E-1
0.000000E+0	0.000000E+0	0.000000E+0	0.000000E+0	2.913188E-1	2.873672E-1	2.501402E-1
0.000000E+0	0.000000E+0	0.000000E+0	0.000000E+0	2.886758E-1	2.847075E-1	2.475533E-1
0.000000E+0	0.000000E+0	0.000000E+0	0.000000E+0	2.860104E-1	2.820840E-1	2.450048E-1
0.000000E+0	0.000000E+0	0.000000E+0	0.000000E+0	2.834306E-1	2.794807E-1	2.424855E-1
0.000000E+0	0.000000E+0	0.000000E+0	0.000000E+0	2.808553E-1	2.769022E-1	2.400135E-1
0.000000E+0	0.000000E+0	0.000000E+0	0.000000E+0	2.782913E-1	2.743553E-1	2.375393E-1
0.000000E+0	0.000000E+0	0.000000E+0	0.000000E+0	2.757611E-1	2.718467E-1	2.351169E-1
0.000000E+0	0.000000E+0	0.000000E+0	0.000000E+0	2.732422E-1	2.693245E-1	2.326968E-1
0.000000E+0	0.000000E+0	0.000000E+0	0.000000E+0	2.707865E-1	2.668858E-1	2.302947E-1
0.000000E+0	0.000000E+0	0.000000E+0	0.000000E+0	2.683149E-1	2.643817E-1	2.279647E-1
0.000000E+0	0.000000E+0	0.000000E+0	0.000000E+0	2.658795E-1	2.619542E-1	2.256280E-1
0.000000E+0	0.000000E+0	0.000000E+0	0.000000E+0	2.634620E-1	2.595471E-1	2.233408E-1
0.000000E+0	0.000000E+0	0.000000E+0	0.000000E+0	2.610784E-1	2.571759E-1	2.210513E-1
0.000000E+0	0.000000E+0	0.000000E+0	0.000000E+0	2.587039E-1	2.548206E-1	2.187709E-1
0.000000E+0	0.000000E+0	0.000000E+0	0.000000E+0	2.563541E-1	2.524765E-1	2.165378E-1
0.000000E+0	0.000000E+0	0.000000E+0	0.000000E+0	2.540427E-1	2.501527E-1	2.143498E-1
0.000000E+0	0.000000E+0	0.000000E+0	0.000000E+0	2.517290E-1	2.478515E-1	2.121483E-1
0.000000E+0	0.000000E+0	0.000000E+0	0.000000E+0	2.494762E-1	2.455795E-1	2.099985E-1
0.000000E+0	0.000000E+0	0.000000E+0	0.000000E+0	2.471896E-1	2.433256E-1	2.078353E-1
0.000000E+0	0.000000E+0	0.000000E+0	0.000000E+0	2.449751E-1	2.410852E-1	2.057036E-1
0.000000E+0	0.000000E+0	0.000000E+0	0.000000E+0	2.427494E-1	2.388967E-1	2.036440E-1
0.000000E+0	0.000000E+0	0.000000E+0	0.000000E+0	2.405665E-1	2.367104E-1	2.015687E-1
0.000000E+0	0.000000E+0	0.000000E+0	0.000000E+0	2.383723E-1	2.345376E-1	1.994933E-1
0.000000E+0	0.000000E+0	0.000000E+0	0.000000E+0	2.362413E-1	2.323986E-1	1.974855E-1
0.000000E+0	0.000000E+0	0.000000E+0	0.000000E+0	2.340899E-1	2.302461E-1	1.954552E-1
0.000000E+0	0.000000E+0	0.000000E+0	0.000000E+0	2.319927E-1	2.281793E-1	1.934971E-1
0.000000E+0	0.000000E+0	0.000000E+0	0.000000E+0	2.298775E-1	2.260561E-1	1.915276E-1
0.000000E+0	0.000000E+0	0.000000E+0	0.000000E+0	2.278096E-1	2.239938E-1	1.895649E-1
0.000000E+0	0.000000E+0	0.000000E+0	0.000000E+0	2.257688E-1	2.219652E-1	1.876653E-1
0.000000E+0	0.000000E+0	0.000000E+0	0.000000E+0	2.237325E-1	2.199390E-1	1.857409E-1
0.000000E+0	0.000000E+0	0.000000E+0	0.000000E+0	2.217165E-1	2.179398E-1	1.838616E-1
0.000000E+0	0.000000E+0	0.000000E+0	0.000000E+0	2.197230E-1	2.159405E-1	1.819958E-1
0.000000E+0	0.000000E+0	0.000000E+0	0.000000E+0	2.177588E-1	2.139977E-1	1.801548E-1
0.000000E+0	0.000000E+0	0.000000E+0	0.000000E+0	2.157924E-1	2.120255E-1	1.783318E-1
0.000000E+0	0.000000E+0	0.000000E+0	0.000000E+0	2.138531E-1	2.101051E-1	1.765427E-1
0.000000E+0	0.000000E+0	0.000000E+0	0.000000E+0	2.119385E-1	2.081668E-1	1.747309E-1
0.000000E+0	0.000000E+0	0.000000E+0	0.000000E+0	2.100443E-1	2.062757E-1	1.729440E-1
0.000000E+0	0.000000E+0	0.000000E+0	0.000000E+0	2.081365E-1	2.044208E-1	1.712089E-1
0.000000E+0	0.000000E+0	0.000000E+0	0.000000E+0	2.062581E-1	2.025590E-1	1.694716E-1
0.000000E+0	0.000000E+0	0.000000E+0	0.000000E+0	2.044608E-1	2.007176E-1	1.677725E-1
0.000000E+0	0.000000E+0	0.000000E+0	0.000000E+0	2.026229E-1	1.988784E-1	1.660960E-1
0.000000E+0	0.000000E+0	0.000000E+0	0.000000E+0	2.007850E-1	1.970865E-1	1.644172E-1
0.000000E+0	0.000000E+0	0.000000E+0	0.000000E+0	1.989990E-1	1.952721E-1	1.627543E-1
0.000000E+0	0.000000E+0	0.000000E+0	0.000000E+0	1.971950E-1	1.934983E-1	1.610913E-1
0.000000E+0	0.000000E+0	0.000000E+0	0.000000E+0	1.954473E-1	1.917831E-1	1.594914E-1
0.000000E+0	0.000000E+0	0.000000E+0	0.000000E+0	1.936952E-1	1.900498E-1	1.579072E-1
0.000000E+0	0.000000E+0	0.000000E+0	0.000000E+0	1.919723E-1	1.883053E-1	1.563051E-1
0.000000E+0	0.000000E+0	0.000000E+0	0.000000E+0	1.902652E-1	1.865923E-1	1.546894E-1
0.000000E+0	0.000000E+0	0.000000E+0	0.000000E+0	1.885559E-1	1.849379E-1	1.531504E-1
0.000000E+0	0.000000E+0	0.000000E+0	0.000000E+0	1.868578E-1	1.832543E-1	1.516158E-1
0.000000E+0	0.000000E+0	0.000000E+0	0.000000E+0	1.852139E-1	1.815773E-1	1.501151E-1
0.000000E+0	0.000000E+0	0.000000E+0	0.000000E+0	1.835655E-1	1.799297E-1	1.485760E-1
0.000000E+0	0.000000E+0	0.000000E+0	0.000000E+0	1.819328E-1	1.783047E-1	1.470888E-1
0.000000E+0	0.000000E+0	0.000000E+0	0.000000E+0	1.803182E-1	1.767089E-1	1.456421E-1
0.000000E+0	0.000000E+0	0.000000E+0	0.000000E+0	1.787081E-1	1.751041E-1	1.441526E-1
0.000000E+0	0.000000E+0	0.000000E+0	0.000000E+0	1.771092E-1	1.735174E-1	1.427037E-1
0.000000E+0	0.000000E+0	0.000000E+0	0.000000E+0	1.755375E-1	1.719734E-1	1.412683E-1
0.000000E+0	0.000000E+0	0.000000E+0	0.000000E+0	1.739770E-1	1.704317E-1	1.398893E-1
0.000000E+0	0.000000E+0	0.000000E+0	0.000000E+0	1.724210E-1	1.688630E-1	1.384606E-1
0.000000E+0	0.000000E+0	0.000000E+0	0.000000E+0	1.708988E-1	1.673754E-1	1.370883E-1
0.000000E+0	0.000000E+0	0.000000E+0	0.000000E+0	1.693812E-1	1.658608E-1	1.357228E-1
0.000000E+0	0.000000E+0	0.000000E+0	0.000000E+0	1.678861E-1	1.643732E-1	1.343617E-1
0.000000E+0	0.000000E+0	0.000000E+0	0.000000E+0	1.664000E-1	1.628631E-1	1.330390E-1
0.000000E+0	0.000000E+0	0.000000E+0	0.000000E+0	1.649229E-1	1.614026E-1	1.316982E-1
0.000000E+0	0.000000E+0	0.000000E+0	0.000000E+0	1.634774E-1	1.599510E-1	1.304003E-1
0.000000E+0	0.000000E+0	0.000000E+0	0.000000E+0	1.620072E-1	1.585604E-1	1.290933E-1
0.000000E+0	0.000000E+0	0.000000E+0	0.000000E+0	1.605820E-1	1.571314E-1	1.277999E-1
0.000000E+0	0.000000E+0	0.000000E+0	0.000000E+0	1.591680E-1	1.556799E-1	1.265042E-1
0.000000E+0	0.000000E+0	0.000000E+0	0.000000E+0	1.577699E-1	1.542960E-1	1.252378E-1
0.000000E+0	0.000000E+0	0.000000E+0	0.000000E+0	1.563673E-1	1.529369E-1	1.240030E-1
0.000000E+0	0.000000E+0	0.000000E+0	0.000000E+0	1.549962E-1	1.515462E-1	1.227681E-1
0.000000E+0	0.000000E+0	0.000000E+0	0.000000E+0	1.536499E-1	1.501826E-1	1.215423E-1
0.000000E+0	0.000000E+0	0.000000E+0	0.000000E+0	1.522834E-1	1.488393E-1	1.203503E-1
0.000000E+0	0.000000E+0	0.000000E+0	0.000000E+0	1.509123E-1	1.475410E-1	1.191470E-1
0.000000E+0	0.000000E+0	0.000000E+0	0.000000E+0	1.495886E-1	1.461887E-1	1.179504E-1
0.000000E+0	0.000000E+0	0.000000E+0	0.000000E+0	1.482694E-1	1.448927E-1	1.167967E-1
0.000000E+0	0.000000E+0	0.000000E+0	0.000000E+0	1.469660E-1	1.435696E-1	1.156475E-1
0.000000E+0	0.000000E+0	0.000000E+0	0.000000E+0	1.456783E-1	1.423255E-1	1.145185E-1
0.000000E+0	0.000000E+0	0.000000E+0	0.000000E+0	1.443997E-1	1.410475E-1	1.133603E-1
0.000000E+0	0.000000E+0	0.000000E+0	0.000000E+0	1.431279E-1	1.397763E-1	1.122291E-1
0.000000E+0	0.000000E+0	0.000000E+0	0.000000E+0	1.418741E-1	1.385231E-1	1.111272E-1
0.000000E+0	0.000000E+0	0.000000E+0	0.000000E+0	1.406518E-1	1.373375E-1	1.100321E-1
0.000000E+0	0.000000E+0	0.000000E+0	0.000000E+0	1.393912E-1	1.361047E-1	1.089031E-1
0.000000E+0	0.000000E+0	0.000000E+0	0.000000E+0	1.381668E-1	1.348673E-1	1.078328E-1
0.000000E+0	0.000000E+0	0.000000E+0	0.000000E+0	1.369693E-1	1.336885E-1	1.067804E-1
0.000000E+0	0.000000E+0	0.000000E+0	0.000000E+0	1.357696E-1	1.325209E-1	1.057349E-1
0.000000E+0	0.000000E+0	0.000000E+0	0.000000E+0	1.345835E-1	1.313241E-1	1.046848E-1
0.000000E+0	0.000000E+0	0.000000E+0	0.000000E+0	1.334018E-1	1.301318E-1	1.036550E-1
0.000000E+0	0.000000E+0	0.000000E+0	0.000000E+0	1.322450E-1	1.289868E-1	1.026297E-1
0.000000E+0	0.000000E+0	0.000000E+0	0.000000E+0	1.311039E-1	1.278531E-1	1.016270E-1
0.000000E+0	0.000000E+0	0.000000E+0	0.000000E+0	1.299403E-1	1.267104E-1	1.006107E-1
0.000000E+0	0.000000E+0	0.000000E+0	0.000000E+0	1.288128E-1	1.255902E-1	9.961247E-2
0.000000E+0	0.000000E+0	0.000000E+0	0.000000E+0	1.276650E-1	1.244857E-1	9.862775E-2
0.000000E+0	0.000000E+0	0.000000E+0	0.000000E+0	1.265713E-1	1.233994E-1	9.769260E-2
0.000000E+0	0.000000E+0	0.000000E+0	0.000000E+0	1.254663E-1	1.223017E-1	9.672815E-2
0.000000E+0	0.000000E+0	0.000000E+0	0.000000E+0	1.243771E-1	1.211905E-1	9.575695E-2
0.000000E+0	0.000000E+0	0.000000E+0	0.000000E+0	1.232992E-1	1.201199E-1	9.482180E-2
0.000000E+0	0.000000E+0	0.000000E+0	0.000000E+0	1.222326E-1	1.190718E-1	9.390468E-2
0.000000E+0	0.000000E+0	0.000000E+0	0.000000E+0	1.211501E-1	1.180057E-1	9.297178E-2
0.000000E+0	0.000000E+0	0.000000E+0	0.000000E+0	1.201061E-1	1.169622E-1	9.205240E-2
0.000000E+0	0.000000E+0	0.000000E+0	0.000000E+0	1.190439E-1	1.159344E-1	9.114430E-2
0.000000E+0	0.000000E+0	0.000000E+0	0.000000E+0	1.180337E-1	1.149382E-1	9.025647E-2
0.000000E+0	0.000000E+0	0.000000E+0	0.000000E+0	1.169918E-1	1.139194E-1	8.939117E-2
0.000000E+0	0.000000E+0	0.000000E+0	0.000000E+0	1.160019E-1	1.128871E-1	8.851686E-2
0.000000E+0	0.000000E+0	0.000000E+0	0.000000E+0	1.149736E-1	1.118661E-1	8.766734E-2
0.000000E+0	0.000000E+0	0.000000E+0	0.000000E+0	1.140107E-1	1.109285E-1	8.678177E-2
0.000000E+0	0.000000E+0	0.000000E+0	0.000000E+0	1.130117E-1	1.099390E-1	8.595253E-2
0.000000E+0	0.000000E+0	0.000000E+0	0.000000E+0	1.120240E-1	1.089721E-1	8.508723E-2
0.000000E+0	0.000000E+0	0.000000E+0	0.000000E+0	1.110362E-1	1.080096E-1	8.424447E-2
0.000000E+0	0.000000E+0	0.000000E+0	0.000000E+0	1.100846E-1	1.070720E-1	8.344678E-2
0.000000E+0	0.000000E+0	0.000000E+0	0.000000E+0	1.091420E-1	1.061366E-1	8.262204E-2
0.000000E+0	0.000000E+0	0.000000E+0	0.000000E+0	1.081904E-1	1.051990E-1	8.180632E-2
0.000000E+0	0.000000E+0	0.000000E+0	0.000000E+0	1.072771E-1	1.042682E-1	8.105370E-2
0.000000E+0	0.000000E+0	0.000000E+0	0.000000E+0	1.063570E-1	1.033688E-1	8.024474E-2
0.000000E+0	0.000000E+0	0.000000E+0	0.000000E+0	1.054392E-1	1.024583E-1	7.947859E-2
0.000000E+0	0.000000E+0	0.000000E+0	0.000000E+0	1.045146E-1	1.015725E-1	7.871244E-2
0.000000E+0	0.000000E+0	0.000000E+0	0.000000E+0	1.036307E-1	1.006754E-1	7.794630E-2
0.000000E+0	0.000000E+0	0.000000E+0	0.000000E+0	1.027331E-1	9.980992E-2	7.717564E-2
0.000000E+0	0.000000E+0	0.000000E+0	0.000000E+0	1.018695E-1	9.893315E-2	7.642978E-2
0.000000E+0	0.000000E+0	0.000000E+0	0.000000E+0	1.009765E-1	9.805638E-2	7.569293E-2
0.000000E+0	0.000000E+0	0.000000E+0	0.000000E+0	1.001150E-1	9.720440E-2	7.494481E-2
0.000000E+0	0.000000E+0	0.000000E+0	0.000000E+0	9.924684E-2	9.635919E-2	7.421697E-2
0.000000E+0	0.000000E+0	0.000000E+0	0.000000E+0	9.842149E-2	9.551397E-2	7.350039E-2
0.000000E+0	0.000000E+0	0.000000E+0	0.000000E+0	9.757359E-2	9.468453E-2	7.279284E-2
0.000000E+0	0.000000E+0	0.000000E+0	0.000000E+0	9.672119E-2	9.385509E-2	7.210105E-2
0.000000E+0	0.000000E+0	0.000000E+0	0.000000E+0	9.589358E-2	9.302791E-2	7.138223E-2
0.000000E+0	0.000000E+0	0.000000E+0	0.000000E+0	9.508176E-2	9.223002E-2	7.070171E-2
0.000000E+0	0.000000E+0	0.000000E+0	0.000000E+0	9.428122E-2	9.142312E-2	7.002795E-2
0.000000E+0	0.000000E+0	0.000000E+0	0.000000E+0	9.346715E-2	9.062298E-2	6.934292E-2
0.000000E+0	0.000000E+0	0.000000E+0	0.000000E+0	9.266210E-2	8.984538E-2	6.868945E-2
0.000000E+0	0.000000E+0	0.000000E+0	0.000000E+0	9.187734E-2	8.907455E-2	6.802696E-2
0.000000E+0	0.000000E+0	0.000000E+0	0.000000E+0	9.108356E-2	8.831273E-2	6.736897E-2
0.000000E+0	0.000000E+0	0.000000E+0	0.000000E+0	9.030783E-2	8.752160E-2	6.671549E-2
0.000000E+0	0.000000E+0	0.000000E+0	0.000000E+0	8.956591E-2	8.675527E-2	6.606878E-2
0.000000E+0	0.000000E+0	0.000000E+0	0.000000E+0	8.879920E-2	8.600923E-2	6.542882E-2
0.000000E+0	0.000000E+0	0.000000E+0	0.000000E+0	8.803023E-2	8.529699E-2	6.478435E-2
0.000000E+0	0.000000E+0	0.000000E+0	0.000000E+0	8.729057E-2	8.451714E-2	6.417369E-2
0.000000E+0	0.000000E+0	0.000000E+0	0.000000E+0	8.654189E-2	8.379589E-2	6.358105E-2
0.000000E+0	0.000000E+0	0.000000E+0	0.000000E+0	8.580449E-2	8.307689E-2	6.296814E-2
0.000000E+0	0.000000E+0	0.000000E+0	0.000000E+0	8.506258E-2	8.236691E-2	6.237099E-2
0.000000E+0	0.000000E+0	0.000000E+0	0.000000E+0	8.435224E-2	8.163664E-2	6.174681E-2
0.000000E+0	0.000000E+0	0.000000E+0	0.000000E+0	8.362612E-2	8.096949E-2	6.117671E-2
0.000000E+0	0.000000E+0	0.000000E+0	0.000000E+0	8.293382E-2	8.024373E-2	6.057956E-2
0.000000E+0	0.000000E+0	0.000000E+0	0.000000E+0	8.222122E-2	7.954727E-2	5.999369E-2
0.000000E+0	0.000000E+0	0.000000E+0	0.000000E+0	8.154471E-2	7.889589E-2	5.944612E-2
0.000000E+0	0.000000E+0	0.000000E+0	0.000000E+0	8.084564E-2	7.818140E-2	5.883545E-2
0.000000E+0	0.000000E+0	0.000000E+0	0.000000E+0	8.015334E-2	7.751875E-2	5.831493E-2
0.000000E+0	0.000000E+0	0.000000E+0	0.000000E+0	7.948359E-2	7.685385E-2	5.775609E-2
0.000000E+0	0.000000E+0	0.000000E+0	0.000000E+0	7.880257E-2	7.619571E-2	5.719500E-2
0.000000E+0	0.000000E+0	0.000000E+0	0.000000E+0	7.814409E-2	7.553531E-2	5.666095E-2
0.000000E+0	0.000000E+0	0.000000E+0	0.000000E+0	7.750591E-2	7.487717E-2	5.611789E-2
0.000000E+0	0.000000E+0	0.000000E+0	0.000000E+0	7.684744E-2	7.425284E-2	5.558835E-2
0.000000E+0	0.000000E+0	0.000000E+0	0.000000E+0	7.619799E-2	7.360596E-2	5.508359E-2
0.000000E+0	0.000000E+0	0.000000E+0	0.000000E+0	7.557108E-2	7.299515E-2	5.455856E-2
0.000000E+0	0.000000E+0	0.000000E+0	0.000000E+0	7.490359E-2	7.234828E-2	5.402000E-2
0.000000E+0	0.000000E+0	0.000000E+0	0.000000E+0	7.427217E-2	7.174423E-2	5.349271E-2
0.000000E+0	0.000000E+0	0.000000E+0	0.000000E+0	7.366331E-2	7.113568E-2	5.300598E-2
0.000000E+0	0.000000E+0	0.000000E+0	0.000000E+0	7.305670E-2	7.049782E-2	5.250348E-2
0.000000E+0	0.000000E+0	0.000000E+0	0.000000E+0	7.246588E-2	6.989828E-2	5.199873E-2
0.000000E+0	0.000000E+0	0.000000E+0	0.000000E+0	7.183221E-2	6.932128E-2	5.151425E-2
0.000000E+0	0.000000E+0	0.000000E+0	0.000000E+0	7.122335E-2	6.871273E-2	5.103879E-2
0.000000E+0	0.000000E+0	0.000000E+0	0.000000E+0	7.063027E-2	6.814023E-2	5.054981E-2
0.000000E+0	0.000000E+0	0.000000E+0	0.000000E+0	7.004847E-2	6.755422E-2	5.006308E-2
0.000000E+0	0.000000E+0	0.000000E+0	0.000000E+0	6.945088E-2	6.699975E-2	4.958987E-2
0.000000E+0	0.000000E+0	0.000000E+0	0.000000E+0	6.888261E-2	6.641599E-2	4.914371E-2
0.000000E+0	0.000000E+0	0.000000E+0	0.000000E+0	6.828728E-2	6.584575E-2	4.864346E-2
0.000000E+0	0.000000E+0	0.000000E+0	0.000000E+0	6.775734E-2	6.525523E-2	4.819053E-2
0.000000E+0	0.000000E+0	0.000000E+0	0.000000E+0	6.718230E-2	6.473007E-2	4.772408E-2
0.000000E+0	0.000000E+0	0.000000E+0	0.000000E+0	6.659824E-2	6.418237E-2	4.728693E-2
0.000000E+0	0.000000E+0	0.000000E+0	0.000000E+0	6.607056E-2	6.364819E-2	4.690160E-2
0.000000E+0	0.000000E+0	0.000000E+0	0.000000E+0	6.551131E-2	6.309598E-2	4.643966E-2
0.000000E+0	0.000000E+0	0.000000E+0	0.000000E+0	6.493402E-2	6.259562E-2	4.601152E-2
0.000000E+0	0.000000E+0	0.000000E+0	0.000000E+0	6.440408E-2	6.202988E-2	4.555634E-2
0.000000E+0	0.000000E+0	0.000000E+0	0.000000E+0	6.389895E-2	6.150247E-2	4.513271E-2
0.000000E+0	0.000000E+0	0.000000E+0	0.000000E+0	6.336676E-2	6.098407E-2	4.470907E-2
0.000000E+0	0.000000E+0	0.000000E+0	0.000000E+0	6.285261E-2	6.048145E-2	4.430572E-2
0.000000E+0	0.000000E+0	0.000000E+0	0.000000E+0	6.233169E-2	5.994727E-2	4.388659E-2
0.000000E+0	0.000000E+0	0.000000E+0	0.000000E+0	6.179274E-2	5.947170E-2	4.347648E-2
0.000000E+0	0.000000E+0	0.000000E+0	0.000000E+0	6.129663E-2	5.895330E-2	4.306186E-2
0.000000E+0	0.000000E+0	0.000000E+0	0.000000E+0	6.079375E-2	5.845519E-2	4.268329E-2
0.000000E+0	0.000000E+0	0.000000E+0	0.000000E+0	6.028411E-2	5.797510E-2	4.226191E-2
0.000000E+0	0.000000E+0	0.000000E+0	0.000000E+0	5.980153E-2	5.747699E-2	4.187884E-2
0.000000E+0	0.000000E+0	0.000000E+0	0.000000E+0	5.931218E-2	5.699465E-2	4.148675E-2
0.000000E+0	0.000000E+0	0.000000E+0	0.000000E+0	5.880705E-2	5.649428E-2	4.110143E-2
0.000000E+0	0.000000E+0	0.000000E+0	0.000000E+0	5.832447E-2	5.603449E-2	4.072512E-2
0.000000E+0	0.000000E+0	0.000000E+0	0.000000E+0	5.784415E-2	5.557920E-2	4.035331E-2
0.000000E+0	0.000000E+0	0.000000E+0	0.000000E+0	5.737961E-2	5.511715E-2	3.996573E-2
0.000000E+0	0.000000E+0	0.000000E+0	0.000000E+0	5.689477E-2	5.466186E-2	3.958266E-2
0.000000E+0	0.000000E+0	0.000000E+0	0.000000E+0	5.641445E-2	5.419980E-2	3.921536E-2
0.000000E+0	0.000000E+0	0.000000E+0	0.000000E+0	5.597922E-2	5.374226E-2	3.885031E-2
0.000000E+0	0.000000E+0	0.000000E+0	0.000000E+0	5.551468E-2	5.328697E-2	3.849879E-2
0.000000E+0	0.000000E+0	0.000000E+0	0.000000E+0	5.507495E-2	5.284746E-2	3.815402E-2
0.000000E+0	0.000000E+0	0.000000E+0	0.000000E+0	5.462168E-2	5.239668E-2	3.781827E-2
0.000000E+0	0.000000E+0	0.000000E+0	0.000000E+0	5.414812E-2	5.197520E-2	3.745998E-2
0.000000E+0	0.000000E+0	0.000000E+0	0.000000E+0	5.371741E-2	5.151089E-2	3.711296E-2
0.000000E+0	0.000000E+0	0.000000E+0	0.000000E+0	5.331150E-2	5.109843E-2	3.676594E-2
0.000000E+0	0.000000E+0	0.000000E+0	0.000000E+0	5.286275E-2	5.068371E-2	3.644822E-2
0.000000E+0	0.000000E+0	0.000000E+0	0.000000E+0	5.242076E-2	5.027124E-2	3.610120E-2
0.000000E+0	0.000000E+0	0.000000E+0	0.000000E+0	5.199906E-2	4.982271E-2	3.577446E-2
0.000000E+0	0.000000E+0	0.000000E+0	0.000000E+0	5.158414E-2	4.942152E-2	3.541843E-2
0.000000E+0	0.000000E+0	0.000000E+0	0.000000E+0	5.113087E-2	4.898877E-2	3.514352E-2
0.000000E+0	0.000000E+0	0.000000E+0	0.000000E+0	5.072722E-2	4.862138E-2	3.481002E-2
0.000000E+0	0.000000E+0	0.000000E+0	0.000000E+0	5.033935E-2	4.819539E-2	3.444948E-2
0.000000E+0	0.000000E+0	0.000000E+0	0.000000E+0	4.991314E-2	4.779645E-2	3.415879E-2
0.000000E+0	0.000000E+0	0.000000E+0	0.000000E+0	4.950498E-2	4.738173E-2	3.385459E-2
0.000000E+0	0.000000E+0	0.000000E+0	0.000000E+0	4.910584E-2	4.703012E-2	3.355038E-2
0.000000E+0	0.000000E+0	0.000000E+0	0.000000E+0	4.869091E-2	4.664019E-2	3.322590E-2
0.000000E+0	0.000000E+0	0.000000E+0	0.000000E+0	4.833912E-2	4.624576E-2	3.293071E-2
0.000000E+0	0.000000E+0	0.000000E+0	0.000000E+0	4.793321E-2	4.588964E-2	3.264002E-2
0.000000E+0	0.000000E+0	0.000000E+0	0.000000E+0	4.753632E-2	4.548394E-2	3.235159E-2
0.000000E+0	0.000000E+0	0.000000E+0	0.000000E+0	4.718003E-2	4.510528E-2	3.203161E-2
0.000000E+0	0.000000E+0	0.000000E+0	0.000000E+0	4.678765E-2	4.473790E-2	3.174318E-2
0.000000E+0	0.000000E+0	0.000000E+0	0.000000E+0	4.640880E-2	4.437502E-2	3.146602E-2
0.000000E+0	0.000000E+0	0.000000E+0	0.000000E+0	4.603446E-2	4.401214E-2	3.118435E-2
0.000000E+0	0.000000E+0	0.000000E+0	0.000000E+0	4.566238E-2	4.364700E-2	3.087789E-2
0.000000E+0	0.000000E+0	0.000000E+0	0.000000E+0	4.532187E-2	4.328863E-2	3.059847E-2
0.000000E+0	0.000000E+0	0.000000E+0	0.000000E+0	4.493400E-2	4.292350E-2	3.032807E-2
0.000000E+0	0.000000E+0	0.000000E+0	0.000000E+0	4.460251E-2	4.260344E-2	3.005090E-2
0.000000E+0	0.000000E+0	0.000000E+0	0.000000E+0	4.422817E-2	4.222479E-2	2.978951E-2
0.000000E+0	0.000000E+0	0.000000E+0	0.000000E+0	4.388766E-2	4.185515E-2	2.953713E-2
0.000000E+0	0.000000E+0	0.000000E+0	0.000000E+0	4.352234E-2	4.153960E-2	2.925997E-2
0.000000E+0	0.000000E+0	0.000000E+0	0.000000E+0	4.317055E-2	4.122856E-2	2.901886E-2
0.000000E+0	0.000000E+0	0.000000E+0	0.000000E+0	4.282102E-2	4.085892E-2	2.875747E-2
0.000000E+0	0.000000E+0	0.000000E+0	0.000000E+0	4.248953E-2	4.053661E-2	2.848256E-2
0.000000E+0	0.000000E+0	0.000000E+0	0.000000E+0	4.214676E-2	4.019852E-2	2.820990E-2
0.000000E+0	0.000000E+0	0.000000E+0	0.000000E+0	4.182203E-2	3.987847E-2	2.797780E-2
0.000000E+0	0.000000E+0	0.000000E+0	0.000000E+0	4.147701E-2	3.952911E-2	2.772317E-2
0.000000E+0	0.000000E+0	0.000000E+0	0.000000E+0	4.113876E-2	3.923160E-2	2.745502E-2
0.000000E+0	0.000000E+0	0.000000E+0	0.000000E+0	4.082305E-2	3.888450E-2	2.724095E-2
0.000000E+0	0.000000E+0	0.000000E+0	0.000000E+0	4.050058E-2	3.858473E-2	2.700660E-2
0.000000E+0	0.000000E+0	0.000000E+0	0.000000E+0	4.018487E-2	3.830073E-2	2.672943E-2
0.000000E+0	0.000000E+0	0.000000E+0	0.000000E+0	3.986916E-2	3.799420E-2	2.648382E-2
0.000000E+0	0.000000E+0	0.000000E+0	0.000000E+0	3.954444E-2	3.766062E-2	2.627651E-2
0.000000E+0	0.000000E+0	0.000000E+0	0.000000E+0	3.923099E-2	3.739692E-2	2.603314E-2
0.000000E+0	0.000000E+0	0.000000E+0	0.000000E+0	3.891979E-2	3.706334E-2	2.580330E-2
0.000000E+0	0.000000E+0	0.000000E+0	0.000000E+0	3.859732E-2	3.677709E-2	2.555768E-2
0.000000E+0	0.000000E+0	0.000000E+0	0.000000E+0	3.831318E-2	3.645704E-2	2.533460E-2
0.000000E+0	0.000000E+0	0.000000E+0	0.000000E+0	3.801100E-2	3.617981E-2	2.512729E-2
0.000000E+0	0.000000E+0	0.000000E+0	0.000000E+0	3.769981E-2	3.587778E-2	2.489744E-2
0.000000E+0	0.000000E+0	0.000000E+0	0.000000E+0	3.741567E-2	3.558477E-2	2.468563E-2
0.000000E+0	0.000000E+0	0.000000E+0	0.000000E+0	3.713154E-2	3.528726E-2	2.445804E-2
0.000000E+0	0.000000E+0	0.000000E+0	0.000000E+0	3.683162E-2	3.503707E-2	2.423946E-2
0.000000E+0	0.000000E+0	0.000000E+0	0.000000E+0	3.656326E-2	3.475759E-2	2.403215E-2
0.000000E+0	0.000000E+0	0.000000E+0	0.000000E+0	3.625883E-2	3.445782E-2	2.380456E-2
0.000000E+0	0.000000E+0	0.000000E+0	0.000000E+0	3.596342E-2	3.418510E-2	2.360852E-2
0.000000E+0	0.000000E+0	0.000000E+0	0.000000E+0	3.570860E-2	3.391914E-2	2.340797E-2
0.000000E+0	0.000000E+0	0.000000E+0	0.000000E+0	3.542898E-2	3.363740E-2	2.318038E-2
0.000000E+0	0.000000E+0	0.000000E+0	0.000000E+0	3.516288E-2	3.336242E-2	2.298884E-2
0.000000E+0	0.000000E+0	0.000000E+0	0.000000E+0	3.487649E-2	3.309646E-2	2.276350E-2
0.000000E+0	0.000000E+0	0.000000E+0	0.000000E+0	3.459010E-2	3.286431E-2	2.259225E-2
0.000000E+0	0.000000E+0	0.000000E+0	0.000000E+0	3.433528E-2	3.259609E-2	2.238268E-2
0.000000E+0	0.000000E+0	0.000000E+0	0.000000E+0	3.405340E-2	3.232562E-2	2.220467E-2
0.000000E+0	0.000000E+0	0.000000E+0	0.000000E+0	3.380985E-2	3.205741E-2	2.199736E-2
0.000000E+0	0.000000E+0	0.000000E+0	0.000000E+0	3.355052E-2	3.179595E-2	2.181483E-2
0.000000E+0	0.000000E+0	0.000000E+0	0.000000E+0	3.328894E-2	3.154126E-2	2.160076E-2
0.000000E+0	0.000000E+0	0.000000E+0	0.000000E+0	3.302284E-2	3.131587E-2	2.143176E-2
0.000000E+0	0.000000E+0	0.000000E+0	0.000000E+0	3.276351E-2	3.104991E-2	2.121544E-2
0.000000E+0	0.000000E+0	0.000000E+0	0.000000E+0	3.250418E-2	3.080874E-2	2.107122E-2
0.000000E+0	0.000000E+0	0.000000E+0	0.000000E+0	3.226063E-2	3.056307E-2	2.089771E-2
0.000000E+0	0.000000E+0	0.000000E+0	0.000000E+0	3.201934E-2	3.033768E-2	2.070167E-2
0.000000E+0	0.000000E+0	0.000000E+0	0.000000E+0	3.175550E-2	3.008524E-2	2.051239E-2
0.000000E+0	0.000000E+0	0.000000E+0	0.000000E+0	3.151647E-2	2.985309E-2	2.035690E-2
0.000000E+0	0.000000E+0	0.000000E+0	0.000000E+0	3.126390E-2	2.962093E-2	2.017663E-2
0.000000E+0	0.000000E+0	0.000000E+0	0.000000E+0	3.104291E-2	2.937526E-2	1.999862E-2
0.000000E+0	0.000000E+0	0.000000E+0	0.000000E+0	3.079034E-2	2.913184E-2	1.982736E-2
0.000000E+0	0.000000E+0	0.000000E+0	0.000000E+0	3.055807E-2	2.894025E-2	1.965385E-2
0.000000E+0	0.000000E+0	0.000000E+0	0.000000E+0	3.031227E-2	2.868556E-2	1.950513E-2
0.000000E+0	0.000000E+0	0.000000E+0	0.000000E+0	3.010255E-2	2.846468E-2	1.933162E-2
0.000000E+0	0.000000E+0	0.000000E+0	0.000000E+0	2.986577E-2	2.824154E-2	1.914234E-2
0.000000E+0	0.000000E+0	0.000000E+0	0.000000E+0	2.965380E-2	2.803869E-2	1.897784E-2
0.000000E+0	0.000000E+0	0.000000E+0	0.000000E+0	2.941928E-2	2.779978E-2	1.882236E-2
0.000000E+0	0.000000E+0	0.000000E+0	0.000000E+0	2.920054E-2	2.757438E-2	1.865786E-2
0.000000E+0	0.000000E+0	0.000000E+0	0.000000E+0	2.897503E-2	2.738506E-2	1.850689E-2
0.000000E+0	0.000000E+0	0.000000E+0	0.000000E+0	2.874727E-2	2.716192E-2	1.834239E-2
0.000000E+0	0.000000E+0	0.000000E+0	0.000000E+0	2.852628E-2	2.694104E-2	1.818240E-2
0.000000E+0	0.000000E+0	0.000000E+0	0.000000E+0	2.830754E-2	2.672241E-2	1.799763E-2
0.000000E+0	0.000000E+0	0.000000E+0	0.000000E+0	2.811360E-2	2.652181E-2	1.785566E-2
0.000000E+0	0.000000E+0	0.000000E+0	0.000000E+0	2.789937E-2	2.632347E-2	1.771370E-2
0.000000E+0	0.000000E+0	0.000000E+0	0.000000E+0	2.769191E-2	2.613414E-2	1.758301E-2
0.000000E+0	0.000000E+0	0.000000E+0	0.000000E+0	2.747317E-2	2.590875E-2	1.741400E-2
0.000000E+0	0.000000E+0	0.000000E+0	0.000000E+0	2.724541E-2	2.570815E-2	1.726303E-2
0.000000E+0	0.000000E+0	0.000000E+0	0.000000E+0	2.705599E-2	2.551882E-2	1.712332E-2
0.000000E+0	0.000000E+0	0.000000E+0	0.000000E+0	2.683725E-2	2.530921E-2	1.696558E-2
0.000000E+0	0.000000E+0	0.000000E+0	0.000000E+0	2.665684E-2	2.510861E-2	1.683489E-2
0.000000E+0	0.000000E+0	0.000000E+0	0.000000E+0	2.644487E-2	2.492154E-2	1.667941E-2
0.000000E+0	0.000000E+0	0.000000E+0	0.000000E+0	2.625544E-2	2.473671E-2	1.655096E-2
0.000000E+0	0.000000E+0	0.000000E+0	0.000000E+0	2.606151E-2	2.454288E-2	1.642703E-2
0.000000E+0	0.000000E+0	0.000000E+0	0.000000E+0	2.585630E-2	2.438060E-2	1.630084E-2
0.000000E+0	0.000000E+0	0.000000E+0	0.000000E+0	2.564658E-2	2.416197E-2	1.616338E-2
0.000000E+0	0.000000E+0	0.000000E+0	0.000000E+0	2.545716E-2	2.398391E-2	1.600790E-2
0.000000E+0	0.000000E+0	0.000000E+0	0.000000E+0	2.527675E-2	2.379909E-2	1.589073E-2
0.000000E+0	0.000000E+0	0.000000E+0	0.000000E+0	2.512341E-2	2.361201E-2	1.574651E-2
0.000000E+0	0.000000E+0	0.000000E+0	0.000000E+0	2.490693E-2	2.343846E-2	1.559779E-2
0.000000E+0	0.000000E+0	0.000000E+0	0.000000E+0	2.473103E-2	2.323561E-2	1.548061E-2
0.000000E+0	0.000000E+0	0.000000E+0	0.000000E+0	2.456867E-2	2.307558E-2	1.536344E-2
0.000000E+0	0.000000E+0	0.000000E+0	0.000000E+0	2.437023E-2	2.292007E-2	1.521246E-2
0.000000E+0	0.000000E+0	0.000000E+0	0.000000E+0	2.417404E-2	2.271496E-2	1.510205E-2
0.000000E+0	0.000000E+0	0.000000E+0	0.000000E+0	2.400942E-2	2.253014E-2	1.497360E-2
0.000000E+0	0.000000E+0	0.000000E+0	0.000000E+0	2.383803E-2	2.237913E-2	1.485418E-2
0.000000E+0	0.000000E+0	0.000000E+0	0.000000E+0	2.365312E-2	2.221008E-2	1.474376E-2
0.000000E+0	0.000000E+0	0.000000E+0	0.000000E+0	2.349076E-2	2.205907E-2	1.458377E-2
0.000000E+0	0.000000E+0	0.000000E+0	0.000000E+0	2.329908E-2	2.186749E-2	1.449138E-2
0.000000E+0	0.000000E+0	0.000000E+0	0.000000E+0	2.312770E-2	2.169394E-2	1.434491E-2
0.000000E+0	0.000000E+0	0.000000E+0	0.000000E+0	2.298337E-2	2.153617E-2	1.423225E-2
0.000000E+0	0.000000E+0	0.000000E+0	0.000000E+0	2.278718E-2	2.139868E-2	1.412634E-2
0.000000E+0	0.000000E+0	0.000000E+0	0.000000E+0	2.262482E-2	2.120033E-2	1.401592E-2
0.000000E+0	0.000000E+0	0.000000E+0	0.000000E+0	2.245118E-2	2.106285E-2	1.388748E-2
0.000000E+0	0.000000E+0	0.000000E+0	0.000000E+0	2.229107E-2	2.091859E-2	1.377481E-2
0.000000E+0	0.000000E+0	0.000000E+0	0.000000E+0	2.212645E-2	2.074730E-2	1.365088E-2
0.000000E+0	0.000000E+0	0.000000E+0	0.000000E+0	2.195733E-2	2.059854E-2	1.352694E-2
0.000000E+0	0.000000E+0	0.000000E+0	0.000000E+0	2.182653E-2	2.044302E-2	1.341878E-2
0.000000E+0	0.000000E+0	0.000000E+0	0.000000E+0	2.162583E-2	2.028525E-2	1.334217E-2
0.000000E+0	0.000000E+0	0.000000E+0	0.000000E+0	2.147926E-2	2.013649E-2	1.322274E-2
0.000000E+0	0.000000E+0	0.000000E+0	0.000000E+0	2.131915E-2	2.000125E-2	1.311683E-2
0.000000E+0	0.000000E+0	0.000000E+0	0.000000E+0	2.117482E-2	1.982996E-2	1.299515E-2
0.000000E+0	0.000000E+0	0.000000E+0	0.000000E+0	2.101923E-2	1.969698E-2	1.290501E-2
0.000000E+0	0.000000E+0	0.000000E+0	0.000000E+0	2.088392E-2	1.951441E-2	1.280136E-2
0.000000E+0	0.000000E+0	0.000000E+0	0.000000E+0	2.075088E-2	1.939045E-2	1.268418E-2
0.000000E+0	0.000000E+0	0.000000E+0	0.000000E+0	2.059528E-2	1.923718E-2	1.258954E-2
0.000000E+0	0.000000E+0	0.000000E+0	0.000000E+0	2.042389E-2	1.909969E-2	1.249265E-2
0.000000E+0	0.000000E+0	0.000000E+0	0.000000E+0	2.028408E-2	1.894643E-2	1.237998E-2
0.000000E+0	0.000000E+0	0.000000E+0	0.000000E+0	2.014878E-2	1.881570E-2	1.230787E-2
0.000000E+0	0.000000E+0	0.000000E+0	0.000000E+0	2.000446E-2	1.866694E-2	1.221999E-2
0.000000E+0	0.000000E+0	0.000000E+0	0.000000E+0	1.986239E-2	1.855650E-2	1.210281E-2
0.000000E+0	0.000000E+0	0.000000E+0	0.000000E+0	1.971130E-2	1.840098E-2	1.201493E-2
0.000000E+0	0.000000E+0	0.000000E+0	0.000000E+0	1.958727E-2	1.826124E-2	1.190001E-2
0.000000E+0	0.000000E+0	0.000000E+0	0.000000E+0	1.944069E-2	1.812150E-2	1.180311E-2
0.000000E+0	0.000000E+0	0.000000E+0	0.000000E+0	1.928284E-2	1.801556E-2	1.171298E-2
0.000000E+0	0.000000E+0	0.000000E+0	0.000000E+0	1.915430E-2	1.786004E-2	1.164087E-2
0.000000E+0	0.000000E+0	0.000000E+0	0.000000E+0	1.900998E-2	1.773382E-2	1.151694E-2
0.000000E+0	0.000000E+0	0.000000E+0	0.000000E+0	1.885664E-2	1.759408E-2	1.142229E-2
0.000000E+0	0.000000E+0	0.000000E+0	0.000000E+0	1.874839E-2	1.747237E-2	1.133667E-2
0.000000E+0	0.000000E+0	0.000000E+0	0.000000E+0	1.860407E-2	1.733714E-2	1.126005E-2
0.000000E+0	0.000000E+0	0.000000E+0	0.000000E+0	1.848455E-2	1.719514E-2	1.116541E-2
0.000000E+0	0.000000E+0	0.000000E+0	0.000000E+0	1.835376E-2	1.706216E-2	1.105950E-2
0.000000E+0	0.000000E+0	0.000000E+0	0.000000E+0	1.820493E-2	1.696975E-2	1.099190E-2
0.000000E+0	0.000000E+0	0.000000E+0	0.000000E+0	1.811247E-2	1.684804E-2	1.089951E-2
0.000000E+0	0.000000E+0	0.000000E+0	0.000000E+0	1.795687E-2	1.672633E-2	1.083417E-2
0.000000E+0	0.000000E+0	0.000000E+0	0.000000E+0	1.784638E-2	1.659560E-2	1.075079E-2
0.000000E+0	0.000000E+0	0.000000E+0	0.000000E+0	1.772686E-2	1.647840E-2	1.065615E-2
0.000000E+0	0.000000E+0	0.000000E+0	0.000000E+0	1.757126E-2	1.636345E-2	1.056601E-2
0.000000E+0	0.000000E+0	0.000000E+0	0.000000E+0	1.746076E-2	1.624850E-2	1.047363E-2
0.000000E+0	0.000000E+0	0.000000E+0	0.000000E+0	1.733448E-2	1.612453E-2	1.041053E-2
0.000000E+0	0.000000E+0	0.000000E+0	0.000000E+0	1.722398E-2	1.600958E-2	1.031138E-2
0.000000E+0	0.000000E+0	0.000000E+0	0.000000E+0	1.710447E-2	1.591041E-2	1.023026E-2
0.000000E+0	0.000000E+0	0.000000E+0	0.000000E+0	1.696916E-2	1.577518E-2	1.017167E-2
0.000000E+0	0.000000E+0	0.000000E+0	0.000000E+0	1.686769E-2	1.566699E-2	1.007027E-2
0.000000E+0	0.000000E+0	0.000000E+0	0.000000E+0	1.676170E-2	1.552950E-2	9.989152E-3
0.000000E+0	0.000000E+0	0.000000E+0	0.000000E+0	1.663542E-2	1.543709E-2	9.928311E-3
0.000000E+0	0.000000E+0	0.000000E+0	0.000000E+0	1.652041E-2	1.533567E-2	9.835923E-3
0.000000E+0	0.000000E+0	0.000000E+0	0.000000E+0	1.639638E-2	1.520494E-2	9.766068E-3
0.000000E+0	0.000000E+0	0.000000E+0	0.000000E+0	1.628814E-2	1.511478E-2	9.691707E-3
0.000000E+0	0.000000E+0	0.000000E+0	0.000000E+0	1.616862E-2	1.498180E-2	9.621853E-3
0.000000E+0	0.000000E+0	0.000000E+0	0.000000E+0	1.606038E-2	1.488488E-2	9.558758E-3
0.000000E+0	0.000000E+0	0.000000E+0	0.000000E+0	1.594763E-2	1.480149E-2	9.439330E-3
0.000000E+0	0.000000E+0	0.000000E+0	0.000000E+0	1.585292E-2	1.467978E-2	9.385249E-3
0.000000E+0	0.000000E+0	0.000000E+0	0.000000E+0	1.573791E-2	1.457385E-2	9.337928E-3
0.000000E+0	0.000000E+0	0.000000E+0	0.000000E+0	1.561163E-2	1.447467E-2	9.227513E-3
0.000000E+0	0.000000E+0	0.000000E+0	0.000000E+0	1.555299E-2	1.436198E-2	9.168925E-3
0.000000E+0	0.000000E+0	0.000000E+0	0.000000E+0	1.541995E-2	1.426055E-2	9.126111E-3
0.000000E+0	0.000000E+0	0.000000E+0	0.000000E+0	1.530945E-2	1.415913E-2	9.022456E-3
0.000000E+0	0.000000E+0	0.000000E+0	0.000000E+0	1.521248E-2	1.407122E-2	8.957109E-3
0.000000E+0	0.000000E+0	0.000000E+0	0.000000E+0	1.510198E-2	1.397205E-2	8.896268E-3
0.000000E+0	0.000000E+0	0.000000E+0	0.000000E+0	1.500502E-2	1.385710E-2	8.799373E-3
0.000000E+0	0.000000E+0	0.000000E+0	0.000000E+0	1.490354E-2	1.376469E-2	8.776839E-3
0.000000E+0	0.000000E+0	0.000000E+0	0.000000E+0	1.478177E-2	1.366777E-2	8.693465E-3
0.000000E+0	0.000000E+0	0.000000E+0	0.000000E+0	1.470510E-2	1.355733E-2	8.639384E-3
0.000000E+0	0.000000E+0	0.000000E+0	0.000000E+0	1.460362E-2	1.345140E-2	8.569529E-3
0.000000E+0	0.000000E+0	0.000000E+0	0.000000E+0	1.448410E-2	1.337477E-2	8.504182E-3
0.000000E+0	0.000000E+0	0.000000E+0	0.000000E+0	1.438939E-2	1.328236E-2	8.450101E-3
0.000000E+0	0.000000E+0	0.000000E+0	0.000000E+0	1.430821E-2	1.318995E-2	8.353206E-3
0.000000E+0	0.000000E+0	0.000000E+0	0.000000E+0	1.421124E-2	1.310655E-2	8.294618E-3
0.000000E+0	0.000000E+0	0.000000E+0	0.000000E+0	1.409398E-2	1.300287E-2	8.256311E-3
0.000000E+0	0.000000E+0	0.000000E+0	0.000000E+0	1.401280E-2	1.291722E-2	8.188710E-3
0.000000E+0	0.000000E+0	0.000000E+0	0.000000E+0	1.389779E-2	1.281580E-2	8.123362E-3
0.000000E+0	0.000000E+0	0.000000E+0	0.000000E+0	1.382788E-2	1.272564E-2	8.078295E-3
0.000000E+0	0.000000E+0	0.000000E+0	0.000000E+0	1.372415E-2	1.264450E-2	8.006187E-3
0.000000E+0	0.000000E+0	0.000000E+0	0.000000E+0	1.362718E-2	1.257688E-2	7.965626E-3
0.000000E+0	0.000000E+0	0.000000E+0	0.000000E+0	1.353247E-2	1.247771E-2	7.884505E-3
0.000000E+0	0.000000E+0	0.000000E+0	0.000000E+0	1.346708E-2	1.238305E-2	7.832678E-3
0.000000E+0	0.000000E+0	0.000000E+0	0.000000E+0	1.336334E-2	1.229965E-2	7.767330E-3
0.000000E+0	0.000000E+0	0.000000E+0	0.000000E+0	1.327089E-2	1.222302E-2	7.708742E-3
0.000000E+0	0.000000E+0	0.000000E+0	0.000000E+0	1.318971E-2	1.212610E-2	7.634381E-3
0.000000E+0	0.000000E+0	0.000000E+0	0.000000E+0	1.309048E-2	1.206975E-2	7.584807E-3
0.000000E+0	0.000000E+0	0.000000E+0	0.000000E+0	1.301381E-2	1.196833E-2	7.544246E-3
0.000000E+0	0.000000E+0	0.000000E+0	0.000000E+0	1.291684E-2	1.188944E-2	7.517206E-3
0.000000E+0	0.000000E+0	0.000000E+0	0.000000E+0	1.285145E-2	1.181957E-2	7.436085E-3
0.000000E+0	0.000000E+0	0.000000E+0	0.000000E+0	1.275223E-2	1.172941E-2	7.377497E-3
0.000000E+0	0.000000E+0	0.000000E+0	0.000000E+0	1.267781E-2	1.166405E-2	7.316656E-3
0.000000E+0	0.000000E+0	0.000000E+0	0.000000E+0	1.258084E-2	1.157389E-2	7.264829E-3
0.000000E+0	0.000000E+0	0.000000E+0	0.000000E+0	1.250192E-2	1.149050E-2	7.208494E-3
0.000000E+0	0.000000E+0	0.000000E+0	0.000000E+0	1.242524E-2	1.140485E-2	7.158920E-3
0.000000E+0	0.000000E+0	0.000000E+0	0.000000E+0	1.235759E-2	1.133949E-2	7.102586E-3
0.000000E+0	0.000000E+0	0.000000E+0	0.000000E+0	1.226965E-2	1.129216E-2	7.068785E-3
0.000000E+0	0.000000E+0	0.000000E+0	0.000000E+0	1.218846E-2	1.117721E-2	7.003438E-3
0.000000E+0	0.000000E+0	0.000000E+0	0.000000E+0	1.211405E-2	1.109832E-2	6.976397E-3
0.000000E+0	0.000000E+0	0.000000E+0	0.000000E+0	1.207571E-2	1.102394E-2	6.911050E-3
0.000000E+0	0.000000E+0	0.000000E+0	0.000000E+0	1.196071E-2	1.096309E-2	6.870489E-3
0.000000E+0	0.000000E+0	0.000000E+0	0.000000E+0	1.187276E-2	1.087068E-2	6.807395E-3
0.000000E+0	0.000000E+0	0.000000E+0	0.000000E+0	1.180962E-2	1.079179E-2	6.748807E-3
0.000000E+0	0.000000E+0	0.000000E+0	0.000000E+0	1.172844E-2	1.073544E-2	6.690219E-3
0.000000E+0	0.000000E+0	0.000000E+0	0.000000E+0	1.166529E-2	1.066106E-2	6.658672E-3
0.000000E+0	0.000000E+0	0.000000E+0	0.000000E+0	1.156833E-2	1.061148E-2	6.609098E-3
0.000000E+0	0.000000E+0	0.000000E+0	0.000000E+0	1.150744E-2	1.053484E-2	6.552764E-3
0.000000E+0	0.000000E+0	0.000000E+0	0.000000E+0	1.144655E-2	1.044919E-2	6.500936E-3
0.000000E+0	0.000000E+0	0.000000E+0	0.000000E+0	1.136537E-2	1.037031E-2	6.485163E-3
0.000000E+0	0.000000E+0	0.000000E+0	0.000000E+0	1.127066E-2	1.031847E-2	6.410802E-3
0.000000E+0	0.000000E+0	0.000000E+0	0.000000E+0	1.121203E-2	1.022831E-2	6.370241E-3
0.000000E+0	0.000000E+0	0.000000E+0	0.000000E+0	1.114212E-2	1.017422E-2	6.320667E-3
0.000000E+0	0.000000E+0	0.000000E+0	0.000000E+0	1.106996E-2	1.011111E-2	6.291373E-3
0.000000E+0	0.000000E+0	0.000000E+0	0.000000E+0	1.101584E-2	1.003448E-2	6.237292E-3
0.000000E+0	0.000000E+0	0.000000E+0	0.000000E+0	1.093240E-2	9.969112E-3	6.196732E-3
0.000000E+0	0.000000E+0	0.000000E+0	0.000000E+0	1.086250E-2	9.894733E-3	6.153918E-3
0.000000E+0	0.000000E+0	0.000000E+0	0.000000E+0	1.079710E-2	9.851909E-3	6.122370E-3
0.000000E+0	0.000000E+0	0.000000E+0	0.000000E+0	1.072268E-2	9.779784E-3	6.079556E-3
0.000000E+0	0.000000E+0	0.000000E+0	0.000000E+0	1.066856E-2	9.714421E-3	6.005195E-3
0.000000E+0	0.000000E+0	0.000000E+0	0.000000E+0	1.057836E-2	9.649057E-3	5.953368E-3
0.000000E+0	0.000000E+0	0.000000E+0	0.000000E+0	1.053777E-2	9.583694E-3	5.937594E-3
0.000000E+0	0.000000E+0	0.000000E+0	0.000000E+0	1.045659E-2	9.509315E-3	5.892527E-3
0.000000E+0	0.000000E+0	0.000000E+0	0.000000E+0	1.037992E-2	9.441698E-3	5.851966E-3
0.000000E+0	0.000000E+0	0.000000E+0	0.000000E+0	1.032354E-2	9.394366E-3	5.802392E-3
0.000000E+0	0.000000E+0	0.000000E+0	0.000000E+0	1.025815E-2	9.331256E-3	5.770845E-3
0.000000E+0	0.000000E+0	0.000000E+0	0.000000E+0	1.019726E-2	9.288432E-3	5.739298E-3
0.000000E+0	0.000000E+0	0.000000E+0	0.000000E+0	1.012059E-2	9.223069E-3	5.705497E-3
0.000000E+0	0.000000E+0	0.000000E+0	0.000000E+0	1.007098E-2	9.139674E-3	5.664936E-3
0.000000E+0	0.000000E+0	0.000000E+0	0.000000E+0	9.983030E-3	9.105866E-3	5.622122E-3
0.000000E+0	0.000000E+0	0.000000E+0	0.000000E+0	9.949204E-3	9.035995E-3	5.588322E-3
0.000000E+0	0.000000E+0	0.000000E+0	0.000000E+0	9.879297E-3	8.975139E-3	5.529734E-3
0.000000E+0	0.000000E+0	0.000000E+0	0.000000E+0	9.813901E-3	8.909776E-3	5.495934E-3
0.000000E+0	0.000000E+0	0.000000E+0	0.000000E+0	9.768800E-3	8.866951E-3	5.468893E-3
0.000000E+0	0.000000E+0	0.000000E+0	0.000000E+0	9.687618E-3	8.785811E-3	5.428333E-3
0.000000E+0	0.000000E+0	0.000000E+0	0.000000E+0	9.640262E-3	8.745240E-3	5.378759E-3
0.000000E+0	0.000000E+0	0.000000E+0	0.000000E+0	9.586141E-3	8.673115E-3	5.338198E-3
0.000000E+0	0.000000E+0	0.000000E+0	0.000000E+0	9.527510E-3	8.619022E-3	5.315664E-3
0.000000E+0	0.000000E+0	0.000000E+0	0.000000E+0	9.473389E-3	8.582959E-3	5.277357E-3
0.000000E+0	0.000000E+0	0.000000E+0	0.000000E+0	9.407993E-3	8.515342E-3	5.257077E-3
0.000000E+0	0.000000E+0	0.000000E+0	0.000000E+0	9.353872E-3	8.461248E-3	5.209756E-3
0.000000E+0	0.000000E+0	0.000000E+0	0.000000E+0	9.290730E-3	8.429693E-3	5.160182E-3
0.000000E+0	0.000000E+0	0.000000E+0	0.000000E+0	9.247884E-3	8.371092E-3	5.137648E-3
0.000000E+0	0.000000E+0	0.000000E+0	0.000000E+0	9.180233E-3	8.296713E-3	5.097087E-3
0.000000E+0	0.000000E+0	0.000000E+0	0.000000E+0	9.117092E-3	8.247127E-3	5.076807E-3
0.000000E+0	0.000000E+0	0.000000E+0	0.000000E+0	9.062971E-3	8.195287E-3	5.022726E-3
0.000000E+0	0.000000E+0	0.000000E+0	0.000000E+0	9.026890E-3	8.134432E-3	5.013713E-3
0.000000E+0	0.000000E+0	0.000000E+0	0.000000E+0	8.938943E-3	8.107385E-3	4.957379E-3
0.000000E+0	0.000000E+0	0.000000E+0	0.000000E+0	8.909628E-3	8.057799E-3	4.921325E-3
0.000000E+0	0.000000E+0	0.000000E+0	0.000000E+0	8.853251E-3	7.987928E-3	4.880764E-3
0.000000E+0	0.000000E+0	0.000000E+0	0.000000E+0	8.808150E-3	7.954119E-3	4.874004E-3
0.000000E+0	0.000000E+0	0.000000E+0	0.000000E+0	8.738244E-3	7.891010E-3	4.846963E-3
0.000000E+0	0.000000E+0	0.000000E+0	0.000000E+0	8.704418E-3	7.845931E-3	4.788376E-3
0.000000E+0	0.000000E+0	0.000000E+0	0.000000E+0	8.639022E-3	7.789584E-3	4.745562E-3
0.000000E+0	0.000000E+0	0.000000E+0	0.000000E+0	8.589411E-3	7.749013E-3	4.745562E-3
0.000000E+0	0.000000E+0	0.000000E+0	0.000000E+0	8.528525E-3	7.706189E-3	4.711761E-3
0.000000E+0	0.000000E+0	0.000000E+0	0.000000E+0	8.465383E-3	7.625049E-3	4.655427E-3
0.000000E+0	0.000000E+0	0.000000E+0	0.000000E+0	8.427048E-3	7.582224E-3	4.646414E-3
0.000000E+0	0.000000E+0	0.000000E+0	0.000000E+0	8.381947E-3	7.595748E-3	4.610360E-3
0.000000E+0	0.000000E+0	0.000000E+0	0.000000E+0	8.334591E-3	7.521369E-3	4.581066E-3
0.000000E+0	0.000000E+0	0.000000E+0	0.000000E+0	8.298510E-3	7.458259E-3	4.545012E-3
0.000000E+0	0.000000E+0	0.000000E+0	0.000000E+0	8.224093E-3	7.419943E-3	4.526985E-3
0.000000E+0	0.000000E+0	0.000000E+0	0.000000E+0	8.185758E-3	7.390642E-3	4.497691E-3
0.000000E+0	0.000000E+0	0.000000E+0	0.000000E+0	8.127126E-3	7.334295E-3	4.461637E-3
0.000000E+0	0.000000E+0	0.000000E+0	0.000000E+0	8.091046E-3	7.302740E-3	4.414317E-3
0.000000E+0	0.000000E+0	0.000000E+0	0.000000E+0	8.041435E-3	7.250900E-3	4.380516E-3
0.000000E+0	0.000000E+0	0.000000E+0	0.000000E+0	7.998589E-3	7.203568E-3	4.371503E-3
0.000000E+0	0.000000E+0	0.000000E+0	0.000000E+0	7.951233E-3	7.151728E-3	4.339955E-3
0.000000E+0	0.000000E+0	0.000000E+0	0.000000E+0	7.888092E-3	7.108904E-3	4.315168E-3
0.000000E+0	0.000000E+0	0.000000E+0	0.000000E+0	7.865541E-3	7.079603E-3	4.274608E-3
0.000000E+0	0.000000E+0	0.000000E+0	0.000000E+0	7.836226E-3	7.021001E-3	4.263341E-3
0.000000E+0	0.000000E+0	0.000000E+0	0.000000E+0	7.782104E-3	6.989447E-3	4.256581E-3
0.000000E+0	0.000000E+0	0.000000E+0	0.000000E+0	7.723473E-3	6.969162E-3	4.177713E-3
0.000000E+0	0.000000E+0	0.000000E+0	0.000000E+0	7.673862E-3	6.874497E-3	4.177713E-3
0.000000E+0	0.000000E+0	0.000000E+0	0.000000E+0	7.631016E-3	6.847451E-3	4.157433E-3
0.000000E+0	0.000000E+0	0.000000E+0	0.000000E+0	7.579150E-3	6.806880E-3	4.137152E-3
0.000000E+0	0.000000E+0	0.000000E+0	0.000000E+0	7.547580E-3	6.768564E-3	4.114619E-3
0.000000E+0	0.000000E+0	0.000000E+0	0.000000E+0	7.488948E-3	6.721232E-3	4.078565E-3
0.000000E+0	0.000000E+0	0.000000E+0	0.000000E+0	7.459633E-3	6.698693E-3	4.031244E-3
0.000000E+0	0.000000E+0	0.000000E+0	0.000000E+0	7.421297E-3	6.651361E-3	4.026737E-3
0.000000E+0	0.000000E+0	0.000000E+0	0.000000E+0	7.382961E-3	6.590505E-3	3.997443E-3
0.000000E+0	0.000000E+0	0.000000E+0	0.000000E+0	7.346881E-3	6.561204E-3	3.968150E-3
0.000000E+0	0.000000E+0	0.000000E+0	0.000000E+0	7.295014E-3	6.529650E-3	3.963643E-3
0.000000E+0	0.000000E+0	0.000000E+0	0.000000E+0	7.252169E-3	6.477810E-3	3.914069E-3
0.000000E+0	0.000000E+0	0.000000E+0	0.000000E+0	7.220598E-3	6.446255E-3	3.896042E-3
0.000000E+0	0.000000E+0	0.000000E+0	0.000000E+0	7.161967E-3	6.412446E-3	3.864495E-3
0.000000E+0	0.000000E+0	0.000000E+0	0.000000E+0	7.123631E-3	6.380892E-3	3.850974E-3
0.000000E+0	0.000000E+0	0.000000E+0	0.000000E+0	7.087550E-3	6.349337E-3	3.826187E-3
0.000000E+0	0.000000E+0	0.000000E+0	0.000000E+0	7.055980E-3	6.295243E-3	3.796893E-3
0.000000E+0	0.000000E+0	0.000000E+0	0.000000E+0	7.010879E-3	6.254673E-3	3.787880E-3
0.000000E+0	0.000000E+0	0.000000E+0	0.000000E+0	6.979308E-3	6.202833E-3	3.756333E-3
0.000000E+0	0.000000E+0	0.000000E+0	0.000000E+0	6.954503E-3	6.200579E-3	3.749573E-3
0.000000E+0	0.000000E+0	0.000000E+0	0.000000E+0	6.904891E-3	6.178040E-3	3.709012E-3
0.000000E+0	0.000000E+0	0.000000E+0	0.000000E+0	6.846260E-3	6.101407E-3	3.706759E-3
0.000000E+0	0.000000E+0	0.000000E+0	0.000000E+0	6.819200E-3	6.085630E-3	3.675212E-3
0.000000E+0	0.000000E+0	0.000000E+0	0.000000E+0	6.778609E-3	6.058583E-3	3.650425E-3
0.000000E+0	0.000000E+0	0.000000E+0	0.000000E+0	6.740273E-3	6.013505E-3	3.636904E-3
0.000000E+0	0.000000E+0	0.000000E+0	0.000000E+0	6.713213E-3	5.968427E-3	3.596344E-3
0.000000E+0	0.000000E+0	0.000000E+0	0.000000E+0	6.679387E-3	5.939126E-3	3.551276E-3
0.000000E+0	0.000000E+0	0.000000E+0	0.000000E+0	6.641051E-3	5.898556E-3	3.573810E-3
0.000000E+0	0.000000E+0	0.000000E+0	0.000000E+0	6.598205E-3	5.864747E-3	3.542263E-3
0.000000E+0	0.000000E+0	0.000000E+0	0.000000E+0	6.555359E-3	5.837700E-3	3.510716E-3
0.000000E+0	0.000000E+0	0.000000E+0	0.000000E+0	6.528299E-3	5.803891E-3	3.485929E-3
0.000000E+0	0.000000E+0	0.000000E+0	0.000000E+0	6.487708E-3	5.776845E-3	3.503956E-3
0.000000E+0	0.000000E+0	0.000000E+0	0.000000E+0	6.462902E-3	5.734020E-3	3.445368E-3
0.000000E+0	0.000000E+0	0.000000E+0	0.000000E+0	6.417802E-3	5.682180E-3	3.431848E-3
0.000000E+0	0.000000E+0	0.000000E+0	0.000000E+0	6.390741E-3	5.650626E-3	3.418327E-3
0.000000E+0	0.000000E+0	0.000000E+0	0.000000E+0	6.354660E-3	5.628087E-3	3.395794E-3
0.000000E+0	0.000000E+0	0.000000E+0	0.000000E+0	6.314069E-3	5.598786E-3	3.357487E-3
0.000000E+0	0.000000E+0	0.000000E+0	0.000000E+0	6.275734E-3	5.567231E-3	3.341713E-3
0.000000E+0	0.000000E+0	0.000000E+0	0.000000E+0	6.248673E-3	5.519899E-3	3.332699E-3
0.000000E+0	0.000000E+0	0.000000E+0	0.000000E+0	6.205827E-3	5.501868E-3	3.314673E-3
0.000000E+0	0.000000E+0	0.000000E+0	0.000000E+0	6.169746E-3	5.488344E-3	3.278619E-3
0.000000E+0	0.000000E+0	0.000000E+0	0.000000E+0	6.142686E-3	5.438759E-3	3.278619E-3
0.000000E+0	0.000000E+0	0.000000E+0	0.000000E+0	6.124646E-3	5.407204E-3	3.258338E-3
0.000000E+0	0.000000E+0	0.000000E+0	0.000000E+0	6.059249E-3	5.389173E-3	3.211018E-3
0.000000E+0	0.000000E+0	0.000000E+0	0.000000E+0	6.054739E-3	5.353110E-3	3.215524E-3
0.000000E+0	0.000000E+0	0.000000E+0	0.000000E+0	5.991598E-3	5.321555E-3	3.206511E-3
0.000000E+0	0.000000E+0	0.000000E+0	0.000000E+0	5.962282E-3	5.294508E-3	3.188484E-3
0.000000E+0	0.000000E+0	0.000000E+0	0.000000E+0	5.946497E-3	5.247176E-3	3.118629E-3
0.000000E+0	0.000000E+0	0.000000E+0	0.000000E+0	5.926201E-3	5.238161E-3	3.132150E-3
0.000000E+0	0.000000E+0	0.000000E+0	0.000000E+0	5.872080E-3	5.206606E-3	3.120883E-3
0.000000E+0	0.000000E+0	0.000000E+0	0.000000E+0	5.860805E-3	5.172797E-3	3.109616E-3
0.000000E+0	0.000000E+0	0.000000E+0	0.000000E+0	5.822469E-3	5.132227E-3	3.064549E-3
0.000000E+0	0.000000E+0	0.000000E+0	0.000000E+0	5.772858E-3	5.091657E-3	3.057788E-3
0.000000E+0	0.000000E+0	0.000000E+0	0.000000E+0	5.745798E-3	5.084895E-3	3.060042E-3
0.000000E+0	0.000000E+0	0.000000E+0	0.000000E+0	5.716482E-3	5.046579E-3	3.030748E-3
0.000000E+0	0.000000E+0	0.000000E+0	0.000000E+0	5.689422E-3	5.024040E-3	3.012721E-3
0.000000E+0	0.000000E+0	0.000000E+0	0.000000E+0	5.671381E-3	4.999247E-3	2.990187E-3
0.000000E+0	0.000000E+0	0.000000E+0	0.000000E+0	5.664616E-3	4.972200E-3	2.967654E-3
0.000000E+0	0.000000E+0	0.000000E+0	0.000000E+0	5.592455E-3	4.949661E-3	2.958640E-3
0.000000E+0	0.000000E+0	0.000000E+0	0.000000E+0	5.585690E-3	4.909090E-3	2.945120E-3
0.000000E+0	0.000000E+0	0.000000E+0	0.000000E+0	5.558629E-3	4.893313E-3	2.922586E-3
0.000000E+0	0.000000E+0	0.000000E+0	0.000000E+0	5.527058E-3	4.857250E-3	2.904559E-3
0.000000E+0	0.000000E+0	0.000000E+0	0.000000E+0	5.488723E-3	4.823442E-3	2.884279E-3
0.000000E+0	0.000000E+0	0.000000E+0	0.000000E+0	5.461662E-3	4.807665E-3	2.886532E-3
0.000000E+0	0.000000E+0	0.000000E+0	0.000000E+0	5.443622E-3	4.776110E-3	2.854985E-3
0.000000E+0	0.000000E+0	0.000000E+0	0.000000E+0	5.398521E-3	4.746809E-3	2.836958E-3
0.000000E+0	0.000000E+0	0.000000E+0	0.000000E+0	5.366950E-3	4.710746E-3	2.841465E-3
0.000000E+0	0.000000E+0	0.000000E+0	0.000000E+0	5.360185E-3	4.683700E-3	2.803158E-3
0.000000E+0	0.000000E+0	0.000000E+0	0.000000E+0	5.328614E-3	4.674684E-3	2.789638E-3
0.000000E+0	0.000000E+0	0.000000E+0	0.000000E+0	5.299299E-3	4.643129E-3	2.782877E-3
0.000000E+0	0.000000E+0	0.000000E+0	0.000000E+0	5.274493E-3	4.620590E-3	2.762597E-3
0.000000E+0	0.000000E+0	0.000000E+0	0.000000E+0	5.238412E-3	4.591289E-3	2.717530E-3
0.000000E+0	0.000000E+0	0.000000E+0	0.000000E+0	5.224882E-3	4.561989E-3	2.728797E-3
0.000000E+0	0.000000E+0	0.000000E+0	0.000000E+0	5.188801E-3	4.577766E-3	2.719783E-3
0.000000E+0	0.000000E+0	0.000000E+0	0.000000E+0	5.152721E-3	4.528180E-3	2.710770E-3
0.000000E+0	0.000000E+0	0.000000E+0	0.000000E+0	5.145956E-3	4.474086E-3	2.683729E-3
0.000000E+0	0.000000E+0	0.000000E+0	0.000000E+0	5.094089E-3	4.449293E-3	2.681476E-3
0.000000E+0	0.000000E+0	0.000000E+0	0.000000E+0	5.073794E-3	4.462817E-3	2.683729E-3
0.000000E+0	0.000000E+0	0.000000E+0	0.000000E+0	5.058009E-3	4.433516E-3	2.638662E-3
0.000000E+0	0.000000E+0	0.000000E+0	0.000000E+0	5.001633E-3	4.390692E-3	2.631902E-3
0.000000E+0	0.000000E+0	0.000000E+0	0.000000E+0	5.001633E-3	4.377168E-3	2.622888E-3
0.000000E+0	0.000000E+0	0.000000E+0	0.000000E+0	4.992612E-3	4.359137E-3	2.589088E-3
0.000000E+0	0.000000E+0	0.000000E+0	0.000000E+0	4.947511E-3	4.336598E-3	2.582328E-3
0.000000E+0	0.000000E+0	0.000000E+0	0.000000E+0	4.936236E-3	4.300535E-3	2.559794E-3
0.000000E+0	0.000000E+0	0.000000E+0	0.000000E+0	4.915941E-3	4.300535E-3	2.553034E-3
0.000000E+0	0.000000E+0	0.000000E+0	0.000000E+0	4.900156E-3	4.277996E-3	2.532753E-3
0.000000E+0	0.000000E+0	0.000000E+0	0.000000E+0	4.870840E-3	4.248696E-3	2.521487E-3
0.000000E+0	0.000000E+0	0.000000E+0	0.000000E+0	4.864075E-3	4.221649E-3	2.489939E-3
0.000000E+0	0.000000E+0	0.000000E+0	0.000000E+0	4.805444E-3	4.181078E-3	2.485433E-3
0.000000E+0	0.000000E+0	0.000000E+0	0.000000E+0	4.778383E-3	4.187840E-3	2.467406E-3
0.000000E+0	0.000000E+0	0.000000E+0	0.000000E+0	4.760343E-3	4.149524E-3	2.465152E-3
0.000000E+0	0.000000E+0	0.000000E+0	0.000000E+0	4.726517E-3	4.142762E-3	2.456139E-3
0.000000E+0	0.000000E+0	0.000000E+0	0.000000E+0	4.697201E-3	4.093176E-3	2.442619E-3
0.000000E+0	0.000000E+0	0.000000E+0	0.000000E+0	4.681416E-3	4.115715E-3	2.438112E-3
0.000000E+0	0.000000E+0	0.000000E+0	0.000000E+0	4.663376E-3	4.054860E-3	2.402058E-3
0.000000E+0	0.000000E+0	0.000000E+0	0.000000E+0	4.663376E-3	4.039082E-3	2.417832E-3
0.000000E+0	0.000000E+0	0.000000E+0	0.000000E+0	4.616020E-3	4.009781E-3	2.372764E-3
0.000000E+0	0.000000E+0	0.000000E+0	0.000000E+0	4.602489E-3	4.012035E-3	2.366004E-3
0.000000E+0	0.000000E+0	0.000000E+0	0.000000E+0	4.575429E-3	3.984988E-3	2.363751E-3
0.000000E+0	0.000000E+0	0.000000E+0	0.000000E+0	4.546113E-3	3.935402E-3	2.343470E-3
0.000000E+0	0.000000E+0	0.000000E+0	0.000000E+0	4.505522E-3	3.939910E-3	2.318683E-3
0.000000E+0	0.000000E+0	0.000000E+0	0.000000E+0	4.516798E-3	3.912863E-3	2.325444E-3
0.000000E+0	0.000000E+0	0.000000E+0	0.000000E+0	4.469442E-3	3.906102E-3	2.289390E-3
0.000000E+0	0.000000E+0	0.000000E+0	0.000000E+0	4.460422E-3	3.885816E-3	2.289390E-3
0.000000E+0	0.000000E+0	0.000000E+0	0.000000E+0	4.451401E-3	3.870039E-3	2.282630E-3
0.000000E+0	0.000000E+0	0.000000E+0	0.000000E+0	4.428851E-3	3.836231E-3	2.264603E-3
0.000000E+0	0.000000E+0	0.000000E+0	0.000000E+0	4.397280E-3	3.824961E-3	2.248829E-3
0.000000E+0	0.000000E+0	0.000000E+0	0.000000E+0	4.374730E-3	3.800168E-3	2.255589E-3
0.000000E+0	0.000000E+0	0.000000E+0	0.000000E+0	4.365710E-3	3.773121E-3	2.217282E-3
0.000000E+0	0.000000E+0	0.000000E+0	0.000000E+0	4.327374E-3	3.777629E-3	2.219535E-3
0.000000E+0	0.000000E+0	0.000000E+0	0.000000E+0	4.307078E-3	3.743820E-3	2.197002E-3
0.000000E+0	0.000000E+0	0.000000E+0	0.000000E+0	4.304823E-3	3.743820E-3	2.194748E-3
0.000000E+0	0.000000E+0	0.000000E+0	0.000000E+0	4.277763E-3	3.705504E-3	2.165454E-3
0.000000E+0	0.000000E+0	0.000000E+0	0.000000E+0	4.273253E-3	3.712266E-3	2.174468E-3
0.000000E+0	0.000000E+0	0.000000E+0	0.000000E+0	4.223642E-3	3.685219E-3	2.154187E-3
0.000000E+0	0.000000E+0	0.000000E+0	0.000000E+0	4.219132E-3	3.633379E-3	2.160948E-3
0.000000E+0	0.000000E+0	0.000000E+0	0.000000E+0	4.219132E-3	3.615348E-3	2.145174E-3
0.000000E+0	0.000000E+0	0.000000E+0	0.000000E+0	4.205601E-3	3.644648E-3	2.129400E-3
0.000000E+0	0.000000E+0	0.000000E+0	0.000000E+0	4.144715E-3	3.624363E-3	2.138414E-3
0.000000E+0	0.000000E+0	0.000000E+0	0.000000E+0	4.142460E-3	3.583793E-3	2.111373E-3
0.000000E+0	0.000000E+0	0.000000E+0	0.000000E+0	4.097359E-3	3.568016E-3	2.097853E-3
0.000000E+0	0.000000E+0	0.000000E+0	0.000000E+0	4.113144E-3	3.563508E-3	2.077573E-3
0.000000E+0	0.000000E+0	0.000000E+0	0.000000E+0	4.072554E-3	3.520684E-3	2.066306E-3
0.000000E+0	0.000000E+0	0.000000E+0	0.000000E+0	4.077064E-3	3.520684E-3	2.057293E-3
0.000000E+0	0.000000E+0	0.000000E+0	0.000000E+0	4.029708E-3	3.504906E-3	2.061799E-3
0.000000E+0	0.000000E+0	0.000000E+0	0.000000E+0	4.027453E-3	3.491383E-3	2.055039E-3
0.000000E+0	0.000000E+0	0.000000E+0	0.000000E+0	4.013922E-3	3.493637E-3	2.046026E-3
0.000000E+0	0.000000E+0	0.000000E+0	0.000000E+0	3.975587E-3	3.459828E-3	2.005465E-3
0.000000E+0	0.000000E+0	0.000000E+0	0.000000E+0	3.962056E-3	3.417004E-3	2.000958E-3
0.000000E+0	0.000000E+0	0.000000E+0	0.000000E+0	3.962056E-3	3.414750E-3	2.014479E-3
0.000000E+0	0.000000E+0	0.000000E+0	0.000000E+0	3.932741E-3	3.417004E-3	2.003212E-3
0.000000E+0	0.000000E+0	0.000000E+0	0.000000E+0	3.930486E-3	3.405734E-3	1.973918E-3
0.000000E+0	0.000000E+0	0.000000E+0	0.000000E+0	3.905680E-3	3.365164E-3	1.962651E-3
0.000000E+0	0.000000E+0	0.000000E+0	0.000000E+0	3.869599E-3	3.349387E-3	1.962651E-3
0.000000E+0	0.000000E+0	0.000000E+0	0.000000E+0	3.862834E-3	3.340371E-3	1.940117E-3
0.000000E+0	0.000000E+0	0.000000E+0	0.000000E+0	3.849304E-3	3.320086E-3	1.917584E-3
0.000000E+0	0.000000E+0	0.000000E+0	0.000000E+0	3.835774E-3	3.286277E-3	1.928851E-3
0.000000E+0	0.000000E+0	0.000000E+0	0.000000E+0	3.817733E-3	3.277262E-3	1.908570E-3
0.000000E+0	0.000000E+0	0.000000E+0	0.000000E+0	3.788418E-3	3.286277E-3	1.924344E-3
0.000000E+0	0.000000E+0	0.000000E+0	0.000000E+0	3.788418E-3	3.250215E-3	1.895050E-3
0.000000E+0	0.000000E+0	0.000000E+0	0.000000E+0	3.756847E-3	3.236691E-3	1.881530E-3
0.000000E+0	0.000000E+0	0.000000E+0	0.000000E+0	3.765867E-3	3.229930E-3	1.874770E-3
0.000000E+0	0.000000E+0	0.000000E+0	0.000000E+0	3.734297E-3	3.232183E-3	1.858996E-3
0.000000E+0	0.000000E+0	0.000000E+0	0.000000E+0	3.723022E-3	3.196121E-3	1.843223E-3
0.000000E+0	0.000000E+0	0.000000E+0	0.000000E+0	3.682431E-3	3.171328E-3	1.865756E-3
0.000000E+0	0.000000E+0	0.000000E+0	0.000000E+0	3.700471E-3	3.178090E-3	1.822942E-3
0.000000E+0	0.000000E+0	0.000000E+0	0.000000E+0	3.677921E-3	3.148789E-3	1.827449E-3
0.000000E+0	0.000000E+0	0.000000E+0	0.000000E+0	3.650860E-3	3.151043E-3	1.834209E-3
0.000000E+0	0.000000E+0	0.000000E+0	0.000000E+0	3.637330E-3	3.114980E-3	1.798155E-3
0.000000E+0	0.000000E+0	0.000000E+0	0.000000E+0	3.628310E-3	3.126250E-3	1.811675E-3
0.000000E+0	0.000000E+0	0.000000E+0	0.000000E+0	3.610269E-3	3.083426E-3	1.807169E-3
0.000000E+0	0.000000E+0	0.000000E+0	0.000000E+0	3.583209E-3	3.094695E-3	1.807169E-3
0.000000E+0	0.000000E+0	0.000000E+0	0.000000E+0	3.583209E-3	3.058633E-3	1.777875E-3
0.000000E+0	0.000000E+0	0.000000E+0	0.000000E+0	3.574188E-3	3.024824E-3	1.766608E-3
0.000000E+0	0.000000E+0	0.000000E+0	0.000000E+0	3.544873E-3	3.036093E-3	1.762101E-3
0.000000E+0	0.000000E+0	0.000000E+0	0.000000E+0	3.553893E-3	3.027078E-3	1.739568E-3
0.000000E+0	0.000000E+0	0.000000E+0	0.000000E+0	3.495262E-3	3.000031E-3	1.728301E-3
0.000000E+0	0.000000E+0	0.000000E+0	0.000000E+0	3.506537E-3	2.982000E-3	1.728301E-3
0.000000E+0	0.000000E+0	0.000000E+0	0.000000E+0	3.477221E-3	2.988761E-3	1.726047E-3
0.000000E+0	0.000000E+0	0.000000E+0	0.000000E+0	3.472711E-3	2.943683E-3	1.710274E-3
0.000000E+0	0.000000E+0	0.000000E+0	0.000000E+0	3.459181E-3	2.948191E-3	1.710274E-3
0.000000E+0	0.000000E+0	0.000000E+0	0.000000E+0	3.434376E-3	2.945937E-3	1.708020E-3
0.000000E+0	0.000000E+0	0.000000E+0	0.000000E+0	3.441141E-3	2.923398E-3	1.685487E-3
0.000000E+0	0.000000E+0	0.000000E+0	0.000000E+0	3.409570E-3	2.905367E-3	1.669713E-3
0.000000E+0	0.000000E+0	0.000000E+0	0.000000E+0	3.396040E-3	2.894097E-3	1.699007E-3
0.000000E+0	0.000000E+0	0.000000E+0	0.000000E+0	3.375744E-3	2.876066E-3	1.665206E-3
0.000000E+0	0.000000E+0	0.000000E+0	0.000000E+0	3.350939E-3	2.871558E-3	1.647179E-3
0.000000E+0	0.000000E+0	0.000000E+0	0.000000E+0	3.371234E-3	2.864797E-3	1.635913E-3
0.000000E+0	0.000000E+0	0.000000E+0	0.000000E+0	3.344174E-3	2.840004E-3	1.644926E-3
0.000000E+0	0.000000E+0	0.000000E+0	0.000000E+0	3.294563E-3	2.821972E-3	1.635913E-3
0.000000E+0	0.000000E+0	0.000000E+0	0.000000E+0	3.308093E-3	2.812957E-3	1.629153E-3
0.000000E+0	0.000000E+0	0.000000E+0	0.000000E+0	3.308093E-3	2.824226E-3	1.599859E-3
0.000000E+0	0.000000E+0	0.000000E+0	0.000000E+0	3.265247E-3	2.781402E-3	1.615632E-3
0.000000E+0	0.000000E+0	0.000000E+0	0.000000E+0	3.256227E-3	2.756609E-3	1.588592E-3
0.000000E+0	0.000000E+0	0.000000E+0	0.000000E+0	3.244952E-3	2.749847E-3	1.584085E-3
0.000000E+0	0.000000E+0	0.000000E+0	0.000000E+0	3.231421E-3	2.763371E-3	1.597605E-3
0.000000E+0	0.000000E+0	0.000000E+0	0.000000E+0	3.235932E-3	2.720546E-3	1.590845E-3
0.000000E+0	0.000000E+0	0.000000E+0	0.000000E+0	3.206616E-3	2.729562E-3	1.563805E-3
0.000000E+0	0.000000E+0	0.000000E+0	0.000000E+0	3.204361E-3	2.702515E-3	1.559298E-3
0.000000E+0	0.000000E+0	0.000000E+0	0.000000E+0	3.193086E-3	2.693500E-3	1.568312E-3
0.000000E+0	0.000000E+0	0.000000E+0	0.000000E+0	3.163770E-3	2.686738E-3	1.527751E-3
0.000000E+0	0.000000E+0	0.000000E+0	0.000000E+0	3.157005E-3	2.688992E-3	1.548031E-3
0.000000E+0	0.000000E+0	0.000000E+0	0.000000E+0	3.147985E-3	2.652929E-3	1.532258E-3
0.000000E+0	0.000000E+0	0.000000E+0	0.000000E+0	3.143475E-3	2.657437E-3	1.532258E-3
0.000000E+0	0.000000E+0	0.000000E+0	0.000000E+0	3.134455E-3	2.641660E-3	1.518737E-3
0.000000E+0	0.000000E+0	0.000000E+0	0.000000E+0	3.107394E-3	2.603343E-3	1.530004E-3
0.000000E+0	0.000000E+0	0.000000E+0	0.000000E+0	3.114159E-3	2.612359E-3	1.505217E-3
0.000000E+0	0.000000E+0	0.000000E+0	0.000000E+0	3.087099E-3	2.601089E-3	1.502964E-3
0.000000E+0	0.000000E+0	0.000000E+0	0.000000E+0	3.064548E-3	2.607851E-3	1.500710E-3
0.000000E+0	0.000000E+0	0.000000E+0	0.000000E+0	3.057783E-3	2.565027E-3	1.480430E-3
0.000000E+0	0.000000E+0	0.000000E+0	0.000000E+0	3.055528E-3	2.549250E-3	1.491697E-3
0.000000E+0	0.000000E+0	0.000000E+0	0.000000E+0	3.039743E-3	2.567281E-3	1.489444E-3
0.000000E+0	0.000000E+0	0.000000E+0	0.000000E+0	3.019447E-3	2.553757E-3	1.464657E-3
0.000000E+0	0.000000E+0	0.000000E+0	0.000000E+0	3.014937E-3	2.510933E-3	1.469163E-3
0.000000E+0	0.000000E+0	0.000000E+0	0.000000E+0	3.005917E-3	2.483886E-3	1.457896E-3
0.000000E+0	0.000000E+0	0.000000E+0	0.000000E+0	3.012682E-3	2.501918E-3	1.451136E-3
0.000000E+0	0.000000E+0	0.000000E+0	0.000000E+0	2.978856E-3	2.524457E-3	1.451136E-3
0.000000E+0	0.000000E+0	0.000000E+0	0.000000E+0	2.945031E-3	2.488394E-3	1.430856E-3
0.000000E+0	0.000000E+0	0.000000E+0	0.000000E+0	2.945031E-3	2.461347E-3	1.415082E-3
0.000000E+0	0.000000E+0	0.000000E+0	0.000000E+0	2.929245E-3	2.479378E-3	1.433109E-3
0.000000E+0	0.000000E+0	0.000000E+0	0.000000E+0	2.924735E-3	2.450078E-3	1.417336E-3
0.000000E+0	0.000000E+0	0.000000E+0	0.000000E+0	2.917970E-3	2.456839E-3	1.419589E-3
0.000000E+0	0.000000E+0	0.000000E+0	0.000000E+0	2.881889E-3	2.411761E-3	1.399309E-3
0.000000E+0	0.000000E+0	0.000000E+0	0.000000E+0	2.890910E-3	2.432046E-3	1.392549E-3
0.000000E+0	0.000000E+0	0.000000E+0	0.000000E+0	2.861594E-3	2.416269E-3	1.412829E-3
0.000000E+0	0.000000E+0	0.000000E+0	0.000000E+0	2.870614E-3	2.409507E-3	1.365508E-3
0.000000E+0	0.000000E+0	0.000000E+0	0.000000E+0	2.852574E-3	2.375699E-3	1.376775E-3
0.000000E+0	0.000000E+0	0.000000E+0	0.000000E+0	2.823258E-3	2.353160E-3	1.367762E-3
0.000000E+0	0.000000E+0	0.000000E+0	0.000000E+0	2.814238E-3	2.393730E-3	1.358748E-3
0.000000E+0	0.000000E+0	0.000000E+0	0.000000E+0	2.825513E-3	2.368937E-3	1.331708E-3
0.000000E+0	0.000000E+0	0.000000E+0	0.000000E+0	2.814238E-3	2.346398E-3	1.351988E-3
0.000000E+0	0.000000E+0	0.000000E+0	0.000000E+0	2.796198E-3	2.330621E-3	1.349735E-3
0.000000E+0	0.000000E+0	0.000000E+0	0.000000E+0	2.766882E-3	2.346398E-3	1.347481E-3
0.000000E+0	0.000000E+0	0.000000E+0	0.000000E+0	2.737566E-3	2.317097E-3	1.340721E-3
0.000000E+0	0.000000E+0	0.000000E+0	0.000000E+0	2.755607E-3	2.294558E-3	1.318188E-3
0.000000E+0	0.000000E+0	0.000000E+0	0.000000E+0	2.755607E-3	2.305828E-3	1.318188E-3
0.000000E+0	0.000000E+0	0.000000E+0	0.000000E+0	2.733056E-3	2.303574E-3	1.327201E-3
0.000000E+0	0.000000E+0	0.000000E+0	0.000000E+0	2.735311E-3	2.265257E-3	1.322694E-3
0.000000E+0	0.000000E+0	0.000000E+0	0.000000E+0	2.724036E-3	2.258496E-3	1.306921E-3
0.000000E+0	0.000000E+0	0.000000E+0	0.000000E+0	2.690210E-3	2.263003E-3	1.302414E-3
0.000000E+0	0.000000E+0	0.000000E+0	0.000000E+0	2.717271E-3	2.229195E-3	1.266360E-3
0.000000E+0	0.000000E+0	0.000000E+0	0.000000E+0	2.687955E-3	2.249480E-3	1.297907E-3
0.000000E+0	0.000000E+0	0.000000E+0	0.000000E+0	2.669915E-3	2.226941E-3	1.270867E-3
0.000000E+0	0.000000E+0	0.000000E+0	0.000000E+0	2.665405E-3	2.204402E-3	1.257347E-3
0.000000E+0	0.000000E+0	0.000000E+0	0.000000E+0	2.649620E-3	2.217925E-3	1.255093E-3
0.000000E+0	0.000000E+0	0.000000E+0	0.000000E+0	2.647365E-3	2.195386E-3	1.266360E-3
0.000000E+0	0.000000E+0	0.000000E+0	0.000000E+0	2.633834E-3	2.197640E-3	1.246080E-3
0.000000E+0	0.000000E+0	0.000000E+0	0.000000E+0	2.631579E-3	2.170593E-3	1.219039E-3
0.000000E+0	0.000000E+0	0.000000E+0	0.000000E+0	2.606774E-3	2.175101E-3	1.237066E-3
0.000000E+0	0.000000E+0	0.000000E+0	0.000000E+0	2.579713E-3	2.168339E-3	1.241573E-3
0.000000E+0	0.000000E+0	0.000000E+0	0.000000E+0	2.593243E-3	2.159324E-3	1.228053E-3
0.000000E+0	0.000000E+0	0.000000E+0	0.000000E+0	2.581968E-3	2.145800E-3	1.203266E-3
0.000000E+0	0.000000E+0	0.000000E+0	0.000000E+0	2.575203E-3	2.107484E-3	1.225799E-3
0.000000E+0	0.000000E+0	0.000000E+0	0.000000E+0	2.570693E-3	2.127769E-3	1.205519E-3
0.000000E+0	0.000000E+0	0.000000E+0	0.000000E+0	2.559418E-3	2.150308E-3	1.221293E-3
0.000000E+0	0.000000E+0	0.000000E+0	0.000000E+0	2.534612E-3	2.105230E-3	1.187492E-3
0.000000E+0	0.000000E+0	0.000000E+0	0.000000E+0	2.532357E-3	2.089453E-3	1.176225E-3
0.000000E+0	0.000000E+0	0.000000E+0	0.000000E+0	2.516572E-3	2.125515E-3	1.187492E-3
0.000000E+0	0.000000E+0	0.000000E+0	0.000000E+0	2.512062E-3	2.082691E-3	1.178479E-3
0.000000E+0	0.000000E+0	0.000000E+0	0.000000E+0	2.503042E-3	2.075929E-3	1.167212E-3
0.000000E+0	0.000000E+0	0.000000E+0	0.000000E+0	2.487256E-3	2.073675E-3	1.180732E-3
0.000000E+0	0.000000E+0	0.000000E+0	0.000000E+0	2.482746E-3	2.051136E-3	1.180732E-3
0.000000E+0	0.000000E+0	0.000000E+0	0.000000E+0	2.469216E-3	2.048882E-3	1.167212E-3
0.000000E+0	0.000000E+0	0.000000E+0	0.000000E+0	2.444410E-3	2.044374E-3	1.131158E-3
0.000000E+0	0.000000E+0	0.000000E+0	0.000000E+0	2.453431E-3	2.039867E-3	1.149185E-3
0.000000E+0	0.000000E+0	0.000000E+0	0.000000E+0	2.419605E-3	2.044374E-3	1.149185E-3
0.000000E+0	0.000000E+0	0.000000E+0	0.000000E+0	2.426370E-3	2.035359E-3	1.131158E-3
0.000000E+0	0.000000E+0	0.000000E+0	0.000000E+0	2.419605E-3	2.006058E-3	1.146932E-3
0.000000E+0	0.000000E+0	0.000000E+0	0.000000E+0	2.421860E-3	2.006058E-3	1.142425E-3
0.000000E+0	0.000000E+0	0.000000E+0	0.000000E+0	2.417350E-3	1.992534E-3	1.133411E-3
0.000000E+0	0.000000E+0	0.000000E+0	0.000000E+0	2.383524E-3	1.974503E-3	1.119891E-3
0.000000E+0	0.000000E+0	0.000000E+0	0.000000E+0	2.408330E-3	1.976757E-3	1.101864E-3
0.000000E+0	0.000000E+0	0.000000E+0	0.000000E+0	2.383524E-3	1.956472E-3	1.119891E-3
0.000000E+0	0.000000E+0	0.000000E+0	0.000000E+0	2.381269E-3	2.010566E-3	1.113131E-3
0.000000E+0	0.000000E+0	0.000000E+0	0.000000E+0	2.367739E-3	1.940695E-3	1.104118E-3
0.000000E+0	0.000000E+0	0.000000E+0	0.000000E+0	2.356464E-3	1.911394E-3	1.088344E-3
0.000000E+0	0.000000E+0	0.000000E+0	0.000000E+0	2.345188E-3	1.938441E-3	1.081584E-3
0.000000E+0	0.000000E+0	0.000000E+0	0.000000E+0	2.354209E-3	1.951964E-3	1.104118E-3
0.000000E+0	0.000000E+0	0.000000E+0	0.000000E+0	2.320383E-3	1.913648E-3	1.068064E-3
0.000000E+0	0.000000E+0	0.000000E+0	0.000000E+0	2.315873E-3	1.918156E-3	1.072570E-3
0.000000E+0	0.000000E+0	0.000000E+0	0.000000E+0	2.322638E-3	1.902378E-3	1.063557E-3
0.000000E+0	0.000000E+0	0.000000E+0	0.000000E+0	2.297832E-3	1.893363E-3	1.077077E-3
0.000000E+0	0.000000E+0	0.000000E+0	0.000000E+0	2.282047E-3	1.893363E-3	1.047783E-3
0.000000E+0	0.000000E+0	0.000000E+0	0.000000E+0	2.266262E-3	1.857300E-3	1.041023E-3
0.000000E+0	0.000000E+0	0.000000E+0	0.000000E+0	2.284302E-3	1.879839E-3	1.047783E-3
0.000000E+0	0.000000E+0	0.000000E+0	0.000000E+0	2.277537E-3	1.870824E-3	1.072570E-3
0.000000E+0	0.000000E+0	0.000000E+0	0.000000E+0	2.264007E-3	1.861808E-3	1.054543E-3
0.000000E+0	0.000000E+0	0.000000E+0	0.000000E+0	2.254987E-3	1.861808E-3	1.029756E-3
0.000000E+0	0.000000E+0	0.000000E+0	0.000000E+0	2.221161E-3	1.837015E-3	1.022996E-3
0.000000E+0	0.000000E+0	0.000000E+0	0.000000E+0	2.243711E-3	1.866316E-3	1.038770E-3
0.000000E+0	0.000000E+0	0.000000E+0	0.000000E+0	2.212141E-3	1.841523E-3	1.045530E-3
0.000000E+0	0.000000E+0	0.000000E+0	0.000000E+0	2.207631E-3	1.827999E-3	1.027503E-3
0.000000E+0	0.000000E+0	0.000000E+0	0.000000E+0	2.203121E-3	1.805460E-3	1.009476E-3
0.000000E+0	0.000000E+0	0.000000E+0	0.000000E+0	2.185080E-3	1.825745E-3	1.007223E-3
0.000000E+0	0.000000E+0	0.000000E+0	0.000000E+0	2.167040E-3	1.814476E-3	9.959559E-4
0.000000E+0	0.000000E+0	0.000000E+0	0.000000E+0	2.200865E-3	1.769398E-3	9.914491E-4
0.000000E+0	0.000000E+0	0.000000E+0	0.000000E+0	2.171550E-3	1.762636E-3	9.756755E-4
0.000000E+0	0.000000E+0	0.000000E+0	0.000000E+0	2.151254E-3	1.782921E-3	1.007223E-3
0.000000E+0	0.000000E+0	0.000000E+0	0.000000E+0	2.171550E-3	1.782921E-3	9.914491E-4
0.000000E+0	0.000000E+0	0.000000E+0	0.000000E+0	2.158020E-3	1.749113E-3	9.531418E-4
0.000000E+0	0.000000E+0	0.000000E+0	0.000000E+0	2.148999E-3	1.742351E-3	9.621553E-4
0.000000E+0	0.000000E+0	0.000000E+0	0.000000E+0	2.124194E-3	1.749113E-3	9.711688E-4
0.000000E+0	0.000000E+0	0.000000E+0	0.000000E+0	2.139979E-3	1.728827E-3	1.002716E-3
0.000000E+0	0.000000E+0	0.000000E+0	0.000000E+0	2.121939E-3	1.733335E-3	9.689154E-4
0.000000E+0	0.000000E+0	0.000000E+0	0.000000E+0	2.124194E-3	1.699527E-3	9.576486E-4
0.000000E+0	0.000000E+0	0.000000E+0	0.000000E+0	2.106154E-3	1.733335E-3	9.531418E-4
0.000000E+0	0.000000E+0	0.000000E+0	0.000000E+0	2.110664E-3	1.724320E-3	9.508885E-4
0.000000E+0	0.000000E+0	0.000000E+0	0.000000E+0	2.094878E-3	1.715304E-3	9.396216E-4
0.000000E+0	0.000000E+0	0.000000E+0	0.000000E+0	2.076838E-3	1.708542E-3	9.261014E-4
0.000000E+0	0.000000E+0	0.000000E+0	0.000000E+0	2.092623E-3	1.686003E-3	9.531418E-4
0.000000E+0	0.000000E+0	0.000000E+0	0.000000E+0	2.076838E-3	1.701780E-3	9.328615E-4
0.000000E+0	0.000000E+0	0.000000E+0	0.000000E+0	2.052032E-3	1.676988E-3	9.418750E-4
0.000000E+0	0.000000E+0	0.000000E+0	0.000000E+0	2.052032E-3	1.665718E-3	9.261014E-4
0.000000E+0	0.000000E+0	0.000000E+0	0.000000E+0	2.063308E-3	1.679241E-3	9.238480E-4
0.000000E+0	0.000000E+0	0.000000E+0	0.000000E+0	2.061053E-3	1.658956E-3	9.283548E-4
0.000000E+0	0.000000E+0	0.000000E+0	0.000000E+0	2.033992E-3	1.647687E-3	9.215947E-4
0.000000E+0	0.000000E+0	0.000000E+0	0.000000E+0	2.038502E-3	1.652195E-3	8.968076E-4
0.000000E+0	0.000000E+0	0.000000E+0	0.000000E+0	2.033992E-3	1.649941E-3	9.283548E-4
0.000000E+0	0.000000E+0	0.000000E+0	0.000000E+0	2.009187E-3	1.634163E-3	9.103278E-4
0.000000E+0	0.000000E+0	0.000000E+0	0.000000E+0	2.000166E-3	1.649941E-3	8.630071E-4
0.000000E+0	0.000000E+0	0.000000E+0	0.000000E+0	1.997911E-3	1.640925E-3	8.765273E-4
0.000000E+0	0.000000E+0	0.000000E+0	0.000000E+0	2.006932E-3	1.602609E-3	8.720206E-4
0.000000E+0	0.000000E+0	0.000000E+0	0.000000E+0	1.997911E-3	1.611624E-3	8.990610E-4
0.000000E+0	0.000000E+0	0.000000E+0	0.000000E+0	1.979871E-3	1.611624E-3	8.810340E-4
0.000000E+0	0.000000E+0	0.000000E+0	0.000000E+0	1.979871E-3	1.586831E-3	8.720206E-4
0.000000E+0	0.000000E+0	0.000000E+0	0.000000E+0	1.991146E-3	1.602609E-3	8.697672E-4
0.000000E+0	0.000000E+0	0.000000E+0	0.000000E+0	1.939280E-3	1.598101E-3	8.742739E-4
0.000000E+0	0.000000E+0	0.000000E+0	0.000000E+0	1.957321E-3	1.589085E-3	8.675138E-4
0.000000E+0	0.000000E+0	0.000000E+0	0.000000E+0	1.946045E-3	1.571054E-3	8.562470E-4
0.000000E+0	0.000000E+0	0.000000E+0	0.000000E+0	1.952810E-3	1.557530E-3	8.562470E-4
0.000000E+0	0.000000E+0	0.000000E+0	0.000000E+0	1.950555E-3	1.571054E-3	8.607537E-4
0.000000E+0	0.000000E+0	0.000000E+0	0.000000E+0	1.941535E-3	1.566546E-3	8.539936E-4
0.000000E+0	0.000000E+0	0.000000E+0	0.000000E+0	1.909965E-3	1.539499E-3	8.449801E-4
0.000000E+0	0.000000E+0	0.000000E+0	0.000000E+0	1.918985E-3	1.553023E-3	8.382200E-4
0.000000E+0	0.000000E+0	0.000000E+0	0.000000E+0	1.909965E-3	1.541753E-3	8.179397E-4
0.000000E+0	0.000000E+0	0.000000E+0	0.000000E+0	1.909965E-3	1.550769E-3	8.314599E-4
0.000000E+0	0.000000E+0	0.000000E+0	0.000000E+0	1.891924E-3	1.548515E-3	8.269532E-4
0.000000E+0	0.000000E+0	0.000000E+0	0.000000E+0	1.871629E-3	1.512452E-3	8.224464E-4
0.000000E+0	0.000000E+0	0.000000E+0	0.000000E+0	1.889669E-3	1.523722E-3	8.156863E-4
0.000000E+0	0.000000E+0	0.000000E+0	0.000000E+0	1.885159E-3	1.528230E-3	8.044195E-4
0.000000E+0	0.000000E+0	0.000000E+0	0.000000E+0	1.898689E-3	1.532737E-3	8.021661E-4
0.000000E+0	0.000000E+0	0.000000E+0	0.000000E+0	1.862609E-3	1.510198E-3	8.134330E-4
0.000000E+0	0.000000E+0	0.000000E+0	0.000000E+0	1.862609E-3	1.501183E-3	8.066729E-4
0.000000E+0	0.000000E+0	0.000000E+0	0.000000E+0	1.831038E-3	1.487659E-3	7.818858E-4
0.000000E+0	0.000000E+0	0.000000E+0	0.000000E+0	1.826528E-3	1.487659E-3	7.796324E-4
0.000000E+0	0.000000E+0	0.000000E+0	0.000000E+0	1.851333E-3	1.492167E-3	7.773791E-4
0.000000E+0	0.000000E+0	0.000000E+0	0.000000E+0	1.824273E-3	1.483152E-3	7.908993E-4
0.000000E+0	0.000000E+0	0.000000E+0	0.000000E+0	1.808487E-3	1.471882E-3	8.111796E-4
0.000000E+0	0.000000E+0	0.000000E+0	0.000000E+0	1.810743E-3	1.478644E-3	7.638589E-4
0.000000E+0	0.000000E+0	0.000000E+0	0.000000E+0	1.808487E-3	1.474136E-3	7.728723E-4
0.000000E+0	0.000000E+0	0.000000E+0	0.000000E+0	1.801722E-3	1.467374E-3	7.683656E-4
0.000000E+0	0.000000E+0	0.000000E+0	0.000000E+0	1.790447E-3	1.451597E-3	7.661122E-4
0.000000E+0	0.000000E+0	0.000000E+0	0.000000E+0	1.781427E-3	1.438073E-3	7.593521E-4
0.000000E+0	0.000000E+0	0.000000E+0	0.000000E+0	1.794957E-3	1.438073E-3	7.525920E-4
0.000000E+0	0.000000E+0	0.000000E+0	0.000000E+0	1.765642E-3	1.431312E-3	7.616055E-4
0.000000E+0	0.000000E+0	0.000000E+0	0.000000E+0	1.761132E-3	1.431312E-3	7.683656E-4
0.000000E+0	0.000000E+0	0.000000E+0	0.000000E+0	1.758876E-3	1.420042E-3	7.413252E-4
0.000000E+0	0.000000E+0	0.000000E+0	0.000000E+0	1.763387E-3	1.426804E-3	7.593521E-4
0.000000E+0	0.000000E+0	0.000000E+0	0.000000E+0	1.758876E-3	1.417788E-3	7.390718E-4
0.000000E+0	0.000000E+0	0.000000E+0	0.000000E+0	1.758876E-3	1.408773E-3	7.435785E-4
0.000000E+0	0.000000E+0	0.000000E+0	0.000000E+0	1.736326E-3	1.417788E-3	7.570987E-4
0.000000E+0	0.000000E+0	0.000000E+0	0.000000E+0	1.738581E-3	1.404265E-3	7.390718E-4
0.000000E+0	0.000000E+0	0.000000E+0	0.000000E+0	1.743091E-3	1.390741E-3	7.007645E-4
0.000000E+0	0.000000E+0	0.000000E+0	0.000000E+0	1.718286E-3	1.399757E-3	7.345651E-4
0.000000E+0	0.000000E+0	0.000000E+0	0.000000E+0	1.731816E-3	1.379472E-3	7.232982E-4
0.000000E+0	0.000000E+0	0.000000E+0	0.000000E+0	1.720541E-3	1.392995E-3	7.030179E-4
0.000000E+0	0.000000E+0	0.000000E+0	0.000000E+0	1.697990E-3	1.374964E-3	7.255516E-4
0.000000E+0	0.000000E+0	0.000000E+0	0.000000E+0	1.709265E-3	1.359187E-3	7.142847E-4
0.000000E+0	0.000000E+0	0.000000E+0	0.000000E+0	1.679950E-3	1.365948E-3	7.097780E-4
0.000000E+0	0.000000E+0	0.000000E+0	0.000000E+0	1.702500E-3	1.341155E-3	7.097780E-4
0.000000E+0	0.000000E+0	0.000000E+0	0.000000E+0	1.700245E-3	1.361441E-3	7.075246E-4
0.000000E+0	0.000000E+0	0.000000E+0	0.000000E+0	1.688970E-3	1.356933E-3	7.142847E-4
0.000000E+0	0.000000E+0	0.000000E+0	0.000000E+0	1.691225E-3	1.345663E-3	7.120314E-4
0.000000E+0	0.000000E+0	0.000000E+0	0.000000E+0	1.661909E-3	1.356933E-3	7.120314E-4
0.000000E+0	0.000000E+0	0.000000E+0	0.000000E+0	1.675440E-3	1.347917E-3	6.759775E-4
0.000000E+0	0.000000E+0	0.000000E+0	0.000000E+0	1.670930E-3	1.329886E-3	6.962578E-4
0.000000E+0	0.000000E+0	0.000000E+0	0.000000E+0	1.650634E-3	1.318616E-3	7.165381E-4
0.000000E+0	0.000000E+0	0.000000E+0	0.000000E+0	1.643869E-3	1.329886E-3	6.782308E-4
0.000000E+0	0.000000E+0	0.000000E+0	0.000000E+0	1.641614E-3	1.327632E-3	6.647106E-4
0.000000E+0	0.000000E+0	0.000000E+0	0.000000E+0	1.634849E-3	1.323124E-3	6.714707E-4
0.000000E+0	0.000000E+0	0.000000E+0	0.000000E+0	1.623574E-3	1.300585E-3	6.669640E-4
0.000000E+0	0.000000E+0	0.000000E+0	0.000000E+0	1.637104E-3	1.293823E-3	6.737241E-4
0.000000E+0	0.000000E+0	0.000000E+0	0.000000E+0	1.621319E-3	1.287062E-3	6.602039E-4
0.000000E+0	0.000000E+0	0.000000E+0	0.000000E+0	1.616809E-3	1.291569E-3	6.647106E-4
0.000000E+0	0.000000E+0	0.000000E+0	0.000000E+0	1.612298E-3	1.296077E-3	6.511904E-4
0.000000E+0	0.000000E+0	0.000000E+0	0.000000E+0	1.605533E-3	1.293823E-3	6.466837E-4
0.000000E+0	0.000000E+0	0.000000E+0	0.000000E+0	1.619064E-3	1.262269E-3	6.602039E-4
0.000000E+0	0.000000E+0	0.000000E+0	0.000000E+0	1.580728E-3	1.257761E-3	6.759775E-4
0.000000E+0	0.000000E+0	0.000000E+0	0.000000E+0	1.589748E-3	1.280300E-3	6.466837E-4
0.000000E+0	0.000000E+0	0.000000E+0	0.000000E+0	1.573963E-3	1.271284E-3	6.511904E-4
0.000000E+0	0.000000E+0	0.000000E+0	0.000000E+0	1.592003E-3	1.255507E-3	6.489370E-4
0.000000E+0	0.000000E+0	0.000000E+0	0.000000E+0	1.582983E-3	1.260015E-3	6.376702E-4
0.000000E+0	0.000000E+0	0.000000E+0	0.000000E+0	1.594258E-3	1.241983E-3	6.444303E-4
0.000000E+0	0.000000E+0	0.000000E+0	0.000000E+0	1.580728E-3	1.257761E-3	6.309101E-4
0.000000E+0	0.000000E+0	0.000000E+0	0.000000E+0	1.551412E-3	1.250999E-3	6.331635E-4
0.000000E+0	0.000000E+0	0.000000E+0	0.000000E+0	1.549157E-3	1.201413E-3	6.241500E-4
0.000000E+0	0.000000E+0	0.000000E+0	0.000000E+0	1.542392E-3	1.246491E-3	6.128831E-4
0.000000E+0	0.000000E+0	0.000000E+0	0.000000E+0	1.528862E-3	1.230714E-3	6.241500E-4
0.000000E+0	0.000000E+0	0.000000E+0	0.000000E+0	1.531117E-3	1.232968E-3	6.241500E-4
0.000000E+0	0.000000E+0	0.000000E+0	0.000000E+0	1.531117E-3	1.214937E-3	6.106298E-4
0.000000E+0	0.000000E+0	0.000000E+0	0.000000E+0	1.542392E-3	1.199159E-3	6.106298E-4
0.000000E+0	0.000000E+0	0.000000E+0	0.000000E+0	1.519842E-3	1.196905E-3	6.173899E-4
0.000000E+0	0.000000E+0	0.000000E+0	0.000000E+0	1.535627E-3	1.208175E-3	6.196432E-4
0.000000E+0	0.000000E+0	0.000000E+0	0.000000E+0	1.528862E-3	1.196905E-3	6.196432E-4
0.000000E+0	0.000000E+0	0.000000E+0	0.000000E+0	1.499546E-3	1.194651E-3	6.128831E-4
0.000000E+0	0.000000E+0	0.000000E+0	0.000000E+0	1.508566E-3	1.194651E-3	6.083764E-4
0.000000E+0	0.000000E+0	0.000000E+0	0.000000E+0	1.508566E-3	1.185636E-3	6.173899E-4
0.000000E+0	0.000000E+0	0.000000E+0	0.000000E+0	1.508566E-3	1.165351E-3	5.790826E-4
0.000000E+0	0.000000E+0	0.000000E+0	0.000000E+0	1.488271E-3	1.187890E-3	5.993629E-4
0.000000E+0	0.000000E+0	0.000000E+0	0.000000E+0	1.501801E-3	1.178874E-3	6.016163E-4
0.000000E+0	0.000000E+0	0.000000E+0	0.000000E+0	1.490526E-3	1.165351E-3	5.926028E-4
0.000000E+0	0.000000E+0	0.000000E+0	0.000000E+0	1.488271E-3	1.140558E-3	5.880961E-4
0.000000E+0	0.000000E+0	0.000000E+0	0.000000E+0	1.474741E-3	1.169858E-3	5.858427E-4
0.000000E+0	0.000000E+0	0.000000E+0	0.000000E+0	1.497291E-3	1.149573E-3	5.790826E-4
0.000000E+0	0.000000E+0	0.000000E+0	0.000000E+0	1.458955E-3	1.151827E-3	5.700691E-4
0.000000E+0	0.000000E+0	0.000000E+0	0.000000E+0	1.461210E-3	1.149573E-3	5.655624E-4
0.000000E+0	0.000000E+0	0.000000E+0	0.000000E+0	1.452190E-3	1.140558E-3	5.768292E-4
0.000000E+0	0.000000E+0	0.000000E+0	0.000000E+0	1.461210E-3	1.145065E-3	5.903494E-4
0.000000E+0	0.000000E+0	0.000000E+0	0.000000E+0	1.461210E-3	1.109003E-3	5.768292E-4
0.000000E+0	0.000000E+0	0.000000E+0	0.000000E+0	1.461210E-3	1.093226E-3	5.633090E-4
0.000000E+0	0.000000E+0	0.000000E+0	0.000000E+0	1.436405E-3	1.142812E-3	5.340152E-4
0.000000E+0	0.000000E+0	0.000000E+0	0.000000E+0	1.418365E-3	1.124780E-3	5.835893E-4
