This is a C(T) experiment being done in Physics 350.
It records the decay response of an RC circuit where the capacitance is a strong function of temperature.

11/10/2014
12:48 PM

Start temp = 40.0
Temp step = 10.0
End temp = 60.0
Num temps = 3
Num avg cycles = 30
Num points per meas = 1000
Meas time interval = 1.000000E-5

DDD

3.000000E+1	3.000000E+0	4.000000E+1	9.996681E-9	1.000000E+0	1.000000E+0	1.000000E+0
1.000000E+3	0.000000E+0	5.000000E+1	1.011948E-8	9.895445E-1	9.896693E-1	9.887385E-1
1.000000E-5	0.000000E+0	6.000000E+1	9.251145E-9	9.792040E-1	9.794311E-1	9.775761E-1
0.000000E+0	0.000000E+0	0.000000E+0	0.000000E+0	9.690553E-1	9.694048E-1	9.666212E-1
0.000000E+0	0.000000E+0	0.000000E+0	0.000000E+0	9.590126E-1	9.594642E-1	9.558556E-1
0.000000E+0	0.000000E+0	0.000000E+0	0.000000E+0	9.491143E-1	9.496633E-1	9.452094E-1
0.000000E+0	0.000000E+0	0.000000E+0	0.000000E+0	9.393401E-1	9.399730E-1	9.346670E-1
0.000000E+0	0.000000E+0	0.000000E+0	0.000000E+0	9.296741E-1	9.304134E-1	9.242846E-1
0.000000E+0	0.000000E+0	0.000000E+0	0.000000E+0	9.200938E-1	9.209305E-1	9.140464E-1
0.000000E+0	0.000000E+0	0.000000E+0	0.000000E+0	9.106489E-1	9.115716E-1	9.039503E-1
0.000000E+0	0.000000E+0	0.000000E+0	0.000000E+0	9.013011E-1	9.023637E-1	8.939263E-1
0.000000E+0	0.000000E+0	0.000000E+0	0.000000E+0	8.920817E-1	8.932077E-1	8.840669E-1
0.000000E+0	0.000000E+0	0.000000E+0	0.000000E+0	8.829775E-1	8.841780E-1	8.743134E-1
0.000000E+0	0.000000E+0	0.000000E+0	0.000000E+0	8.739680E-1	8.752700E-1	8.647132E-1
0.000000E+0	0.000000E+0	0.000000E+0	0.000000E+0	8.650351E-1	8.664387E-1	8.551851E-1
0.000000E+0	0.000000E+0	0.000000E+0	0.000000E+0	8.562083E-1	8.577201E-1	8.457923E-1
0.000000E+0	0.000000E+0	0.000000E+0	0.000000E+0	8.475169E-1	8.490895E-1	8.365370E-1
0.000000E+0	0.000000E+0	0.000000E+0	0.000000E+0	8.388818E-1	8.405558E-1	8.273718E-1
0.000000E+0	0.000000E+0	0.000000E+0	0.000000E+0	8.303618E-1	8.320875E-1	8.182969E-1
0.000000E+0	0.000000E+0	0.000000E+0	0.000000E+0	8.219433E-1	8.237477E-1	8.093301E-1
0.000000E+0	0.000000E+0	0.000000E+0	0.000000E+0	8.135812E-1	8.155116E-1	8.005098E-1
0.000000E+0	0.000000E+0	0.000000E+0	0.000000E+0	8.053590E-1	8.073341E-1	7.918068E-1
0.000000E+0	0.000000E+0	0.000000E+0	0.000000E+0	7.971977E-1	7.992717E-1	7.831465E-1
0.000000E+0	0.000000E+0	0.000000E+0	0.000000E+0	7.891288E-1	7.912746E-1	7.746058E-1
0.000000E+0	0.000000E+0	0.000000E+0	0.000000E+0	7.811660E-1	7.833812E-1	7.661732E-1
0.000000E+0	0.000000E+0	0.000000E+0	0.000000E+0	7.732776E-1	7.755577E-1	7.578646E-1
0.000000E+0	0.000000E+0	0.000000E+0	0.000000E+0	7.654862E-1	7.678289E-1	7.496169E-1
0.000000E+0	0.000000E+0	0.000000E+0	0.000000E+0	7.577490E-1	7.602061E-1	7.414436E-1
0.000000E+0	0.000000E+0	0.000000E+0	0.000000E+0	7.501245E-1	7.525991E-1	7.334393E-1
0.000000E+0	0.000000E+0	0.000000E+0	0.000000E+0	7.425745E-1	7.451251E-1	7.254937E-1
0.000000E+0	0.000000E+0	0.000000E+0	0.000000E+0	7.350922E-1	7.377390E-1	7.176201E-1
0.000000E+0	0.000000E+0	0.000000E+0	0.000000E+0	7.276978E-1	7.304070E-1	7.098368E-1
0.000000E+0	0.000000E+0	0.000000E+0	0.000000E+0	7.204140E-1	7.231359E-1	7.021954E-1
0.000000E+0	0.000000E+0	0.000000E+0	0.000000E+0	7.132024E-1	7.159843E-1	6.946172E-1
0.000000E+0	0.000000E+0	0.000000E+0	0.000000E+0	7.060223E-1	7.088846E-1	6.871021E-1
0.000000E+0	0.000000E+0	0.000000E+0	0.000000E+0	6.989370E-1	7.018841E-1	6.796659E-1
0.000000E+0	0.000000E+0	0.000000E+0	0.000000E+0	6.919577E-1	6.949579E-1	6.723513E-1
0.000000E+0	0.000000E+0	0.000000E+0	0.000000E+0	6.850506E-1	6.880769E-1	6.651067E-1
0.000000E+0	0.000000E+0	0.000000E+0	0.000000E+0	6.782112E-1	6.812861E-1	6.579523E-1
0.000000E+0	0.000000E+0	0.000000E+0	0.000000E+0	6.714259E-1	6.745651E-1	6.508654E-1
0.000000E+0	0.000000E+0	0.000000E+0	0.000000E+0	6.647173E-1	6.679231E-1	6.438552E-1
0.000000E+0	0.000000E+0	0.000000E+0	0.000000E+0	6.581034E-1	6.613216E-1	6.369442E-1
0.000000E+0	0.000000E+0	0.000000E+0	0.000000E+0	6.515370E-1	6.548058E-1	6.301076E-1
0.000000E+0	0.000000E+0	0.000000E+0	0.000000E+0	6.450269E-1	6.483532E-1	6.233341E-1
0.000000E+0	0.000000E+0	0.000000E+0	0.000000E+0	6.385822E-1	6.419884E-1	6.166372E-1
0.000000E+0	0.000000E+0	0.000000E+0	0.000000E+0	6.322548E-1	6.356575E-1	6.100440E-1
0.000000E+0	0.000000E+0	0.000000E+0	0.000000E+0	6.259884E-1	6.294348E-1	6.035117E-1
0.000000E+0	0.000000E+0	0.000000E+0	0.000000E+0	6.197445E-1	6.232302E-1	5.970605E-1
0.000000E+0	0.000000E+0	0.000000E+0	0.000000E+0	6.135908E-1	6.171451E-1	5.906251E-1
0.000000E+0	0.000000E+0	0.000000E+0	0.000000E+0	6.075003E-1	6.110757E-1	5.843340E-1
0.000000E+0	0.000000E+0	0.000000E+0	0.000000E+0	6.014504E-1	6.050695E-1	5.780879E-1
0.000000E+0	0.000000E+0	0.000000E+0	0.000000E+0	5.954975E-1	5.991669E-1	5.719050E-1
0.000000E+0	0.000000E+0	0.000000E+0	0.000000E+0	5.896190E-1	5.932576E-1	5.658258E-1
0.000000E+0	0.000000E+0	0.000000E+0	0.000000E+0	5.837699E-1	5.874972E-1	5.597781E-1
0.000000E+0	0.000000E+0	0.000000E+0	0.000000E+0	5.779884E-1	5.817412E-1	5.537935E-1
0.000000E+0	0.000000E+0	0.000000E+0	0.000000E+0	5.722543E-1	5.760303E-1	5.479171E-1
0.000000E+0	0.000000E+0	0.000000E+0	0.000000E+0	5.666240E-1	5.704209E-1	5.420610E-1
0.000000E+0	0.000000E+0	0.000000E+0	0.000000E+0	5.610162E-1	5.648588E-1	5.362884E-1
0.000000E+0	0.000000E+0	0.000000E+0	0.000000E+0	5.554716E-1	5.593373E-1	5.305855E-1
0.000000E+0	0.000000E+0	0.000000E+0	0.000000E+0	5.499766E-1	5.538902E-1	5.249256E-1
0.000000E+0	0.000000E+0	0.000000E+0	0.000000E+0	5.445719E-1	5.485085E-1	5.193377E-1
0.000000E+0	0.000000E+0	0.000000E+0	0.000000E+0	5.392009E-1	5.431494E-1	5.138197E-1
0.000000E+0	0.000000E+0	0.000000E+0	0.000000E+0	5.338954E-1	5.378736E-1	5.083739E-1
0.000000E+0	0.000000E+0	0.000000E+0	0.000000E+0	5.286215E-1	5.326046E-1	5.029619E-1
0.000000E+0	0.000000E+0	0.000000E+0	0.000000E+0	5.234040E-1	5.274416E-1	4.976242E-1
0.000000E+0	0.000000E+0	0.000000E+0	0.000000E+0	5.182925E-1	5.223170E-1	4.923542E-1
0.000000E+0	0.000000E+0	0.000000E+0	0.000000E+0	5.131832E-1	5.172396E-1	4.871360E-1
0.000000E+0	0.000000E+0	0.000000E+0	0.000000E+0	5.081259E-1	5.122164E-1	4.819922E-1
0.000000E+0	0.000000E+0	0.000000E+0	0.000000E+0	5.031430E-1	5.072270E-1	4.768732E-1
0.000000E+0	0.000000E+0	0.000000E+0	0.000000E+0	4.982074E-1	5.023323E-1	4.718106E-1
0.000000E+0	0.000000E+0	0.000000E+0	0.000000E+0	4.933079E-1	4.974489E-1	4.668246E-1
0.000000E+0	0.000000E+0	0.000000E+0	0.000000E+0	4.884694E-1	4.926331E-1	4.618701E-1
0.000000E+0	0.000000E+0	0.000000E+0	0.000000E+0	4.836872E-1	4.878669E-1	4.570036E-1
0.000000E+0	0.000000E+0	0.000000E+0	0.000000E+0	4.789750E-1	4.831187E-1	4.521934E-1
0.000000E+0	0.000000E+0	0.000000E+0	0.000000E+0	4.742560E-1	4.784450E-1	4.474148E-1
0.000000E+0	0.000000E+0	0.000000E+0	0.000000E+0	4.696137E-1	4.738163E-1	4.427015E-1
0.000000E+0	0.000000E+0	0.000000E+0	0.000000E+0	4.649962E-1	4.692237E-1	4.380086E-1
0.000000E+0	0.000000E+0	0.000000E+0	0.000000E+0	4.604689E-1	4.647168E-1	4.333809E-1
0.000000E+0	0.000000E+0	0.000000E+0	0.000000E+0	4.559507E-1	4.602257E-1	4.288345E-1
0.000000E+0	0.000000E+0	0.000000E+0	0.000000E+0	4.515024E-1	4.557571E-1	4.243016E-1
0.000000E+0	0.000000E+0	0.000000E+0	0.000000E+0	4.470992E-1	4.513719E-1	4.198137E-1
0.000000E+0	0.000000E+0	0.000000E+0	0.000000E+0	4.427411E-1	4.470251E-1	4.153890E-1
0.000000E+0	0.000000E+0	0.000000E+0	0.000000E+0	4.384011E-1	4.427075E-1	4.110386E-1
0.000000E+0	0.000000E+0	0.000000E+0	0.000000E+0	4.341423E-1	4.384261E-1	4.067198E-1
0.000000E+0	0.000000E+0	0.000000E+0	0.000000E+0	4.298857E-1	4.342168E-1	4.024371E-1
0.000000E+0	0.000000E+0	0.000000E+0	0.000000E+0	4.257329E-1	4.300458E-1	3.982107E-1
0.000000E+0	0.000000E+0	0.000000E+0	0.000000E+0	4.215643E-1	4.259041E-1	3.940362E-1
0.000000E+0	0.000000E+0	0.000000E+0	0.000000E+0	4.174521E-1	4.217940E-1	3.898819E-1
0.000000E+0	0.000000E+0	0.000000E+0	0.000000E+0	4.134030E-1	4.177516E-1	3.857886E-1
0.000000E+0	0.000000E+0	0.000000E+0	0.000000E+0	4.093991E-1	4.137429E-1	3.817470E-1
0.000000E+0	0.000000E+0	0.000000E+0	0.000000E+0	4.054448E-1	4.097726E-1	3.777618E-1
0.000000E+0	0.000000E+0	0.000000E+0	0.000000E+0	4.014680E-1	4.058158E-1	3.737969E-1
0.000000E+0	0.000000E+0	0.000000E+0	0.000000E+0	3.975971E-1	4.019176E-1	3.698749E-1
0.000000E+0	0.000000E+0	0.000000E+0	0.000000E+0	3.937060E-1	3.980646E-1	3.659934E-1
0.000000E+0	0.000000E+0	0.000000E+0	0.000000E+0	3.898983E-1	3.942521E-1	3.621592E-1
0.000000E+0	0.000000E+0	0.000000E+0	0.000000E+0	3.861222E-1	3.904666E-1	3.583769E-1
0.000000E+0	0.000000E+0	0.000000E+0	0.000000E+0	3.823687E-1	3.867150E-1	3.546193E-1
0.000000E+0	0.000000E+0	0.000000E+0	0.000000E+0	3.786806E-1	3.830446E-1	3.509046E-1
0.000000E+0	0.000000E+0	0.000000E+0	0.000000E+0	3.750037E-1	3.793358E-1	3.472373E-1
0.000000E+0	0.000000E+0	0.000000E+0	0.000000E+0	3.713765E-1	3.757397E-1	3.436240E-1
0.000000E+0	0.000000E+0	0.000000E+0	0.000000E+0	3.677606E-1	3.720963E-1	3.400401E-1
0.000000E+0	0.000000E+0	0.000000E+0	0.000000E+0	3.642258E-1	3.685724E-1	3.364854E-1
0.000000E+0	0.000000E+0	0.000000E+0	0.000000E+0	3.606934E-1	3.650417E-1	3.329398E-1
0.000000E+0	0.000000E+0	0.000000E+0	0.000000E+0	3.572353E-1	3.615517E-1	3.295068E-1
0.000000E+0	0.000000E+0	0.000000E+0	0.000000E+0	3.537796E-1	3.581021E-1	3.260356E-1
0.000000E+0	0.000000E+0	0.000000E+0	0.000000E+0	3.503441E-1	3.546887E-1	3.226522E-1
0.000000E+0	0.000000E+0	0.000000E+0	0.000000E+0	3.469605E-1	3.512753E-1	3.192914E-1
0.000000E+0	0.000000E+0	0.000000E+0	0.000000E+0	3.436152E-1	3.479633E-1	3.159621E-1
0.000000E+0	0.000000E+0	0.000000E+0	0.000000E+0	3.403174E-1	3.446446E-1	3.127028E-1
0.000000E+0	0.000000E+0	0.000000E+0	0.000000E+0	3.370443E-1	3.413529E-1	3.094118E-1
0.000000E+0	0.000000E+0	0.000000E+0	0.000000E+0	3.337983E-1	3.380995E-1	3.061885E-1
0.000000E+0	0.000000E+0	0.000000E+0	0.000000E+0	3.305839E-1	3.348574E-1	3.029945E-1
0.000000E+0	0.000000E+0	0.000000E+0	0.000000E+0	3.273943E-1	3.317033E-1	2.998817E-1
0.000000E+0	0.000000E+0	0.000000E+0	0.000000E+0	3.242543E-1	3.285334E-1	2.967598E-1
0.000000E+0	0.000000E+0	0.000000E+0	0.000000E+0	3.211189E-1	3.254220E-1	2.936627E-1
0.000000E+0	0.000000E+0	0.000000E+0	0.000000E+0	3.180263E-1	3.223310E-1	2.906355E-1
0.000000E+0	0.000000E+0	0.000000E+0	0.000000E+0	3.149991E-1	3.192625E-1	2.876218E-1
0.000000E+0	0.000000E+0	0.000000E+0	0.000000E+0	3.119516E-1	3.162143E-1	2.846239E-1
0.000000E+0	0.000000E+0	0.000000E+0	0.000000E+0	3.089695E-1	3.132270E-1	2.816666E-1
0.000000E+0	0.000000E+0	0.000000E+0	0.000000E+0	3.060123E-1	3.102397E-1	2.787498E-1
0.000000E+0	0.000000E+0	0.000000E+0	0.000000E+0	3.030663E-1	3.072998E-1	2.758872E-1
0.000000E+0	0.000000E+0	0.000000E+0	0.000000E+0	3.001632E-1	3.043711E-1	2.730133E-1
0.000000E+0	0.000000E+0	0.000000E+0	0.000000E+0	2.972961E-1	3.015190E-1	2.701889E-1
0.000000E+0	0.000000E+0	0.000000E+0	0.000000E+0	2.944404E-1	2.986241E-1	2.673623E-1
0.000000E+0	0.000000E+0	0.000000E+0	0.000000E+0	2.916140E-1	2.958127E-1	2.646417E-1
0.000000E+0	0.000000E+0	0.000000E+0	0.000000E+0	2.888417E-1	2.930328E-1	2.618917E-1
0.000000E+0	0.000000E+0	0.000000E+0	0.000000E+0	2.860671E-1	2.902349E-1	2.591981E-1
0.000000E+0	0.000000E+0	0.000000E+0	0.000000E+0	2.833196E-1	2.875023E-1	2.564887E-1
0.000000E+0	0.000000E+0	0.000000E+0	0.000000E+0	2.806624E-1	2.847833E-1	2.538853E-1
0.000000E+0	0.000000E+0	0.000000E+0	0.000000E+0	2.779352E-1	2.820801E-1	2.512255E-1
0.000000E+0	0.000000E+0	0.000000E+0	0.000000E+0	2.753141E-1	2.794355E-1	2.486581E-1
0.000000E+0	0.000000E+0	0.000000E+0	0.000000E+0	2.726726E-1	2.767570E-1	2.460705E-1
0.000000E+0	0.000000E+0	0.000000E+0	0.000000E+0	2.700785E-1	2.741800E-1	2.435594E-1
0.000000E+0	0.000000E+0	0.000000E+0	0.000000E+0	2.675183E-1	2.716053E-1	2.410326E-1
0.000000E+0	0.000000E+0	0.000000E+0	0.000000E+0	2.649400E-1	2.690261E-1	2.385397E-1
0.000000E+0	0.000000E+0	0.000000E+0	0.000000E+0	2.624204E-1	2.664874E-1	2.361053E-1
0.000000E+0	0.000000E+0	0.000000E+0	0.000000E+0	2.599345E-1	2.639894E-1	2.336619E-1
0.000000E+0	0.000000E+0	0.000000E+0	0.000000E+0	2.574690E-1	2.614936E-1	2.312636E-1
0.000000E+0	0.000000E+0	0.000000E+0	0.000000E+0	2.550035E-1	2.590293E-1	2.288743E-1
0.000000E+0	0.000000E+0	0.000000E+0	0.000000E+0	2.525944E-1	2.565673E-1	2.265278E-1
0.000000E+0	0.000000E+0	0.000000E+0	0.000000E+0	2.501876E-1	2.541752E-1	2.242061E-1
0.000000E+0	0.000000E+0	0.000000E+0	0.000000E+0	2.478190E-1	2.518034E-1	2.218934E-1
0.000000E+0	0.000000E+0	0.000000E+0	0.000000E+0	2.454641E-1	2.494429E-1	2.196259E-1
0.000000E+0	0.000000E+0	0.000000E+0	0.000000E+0	2.431317E-1	2.470778E-1	2.173695E-1
0.000000E+0	0.000000E+0	0.000000E+0	0.000000E+0	2.408286E-1	2.447894E-1	2.151493E-1
0.000000E+0	0.000000E+0	0.000000E+0	0.000000E+0	2.385232E-1	2.424582E-1	2.129403E-1
0.000000E+0	0.000000E+0	0.000000E+0	0.000000E+0	2.362788E-1	2.402036E-1	2.107719E-1
0.000000E+0	0.000000E+0	0.000000E+0	0.000000E+0	2.340298E-1	2.379378E-1	2.085922E-1
0.000000E+0	0.000000E+0	0.000000E+0	0.000000E+0	2.318169E-1	2.357012E-1	2.064892E-1
0.000000E+0	0.000000E+0	0.000000E+0	0.000000E+0	2.296266E-1	2.334918E-1	2.043501E-1
0.000000E+0	0.000000E+0	0.000000E+0	0.000000E+0	2.274611E-1	2.313206E-1	2.022561E-1
0.000000E+0	0.000000E+0	0.000000E+0	0.000000E+0	2.253114E-1	2.291382E-1	2.001688E-1
0.000000E+0	0.000000E+0	0.000000E+0	0.000000E+0	2.231662E-1	2.270053E-1	1.981492E-1
0.000000E+0	0.000000E+0	0.000000E+0	0.000000E+0	2.210549E-1	2.248928E-1	1.961228E-1
0.000000E+0	0.000000E+0	0.000000E+0	0.000000E+0	2.189954E-1	2.227916E-1	1.941234E-1
0.000000E+0	0.000000E+0	0.000000E+0	0.000000E+0	2.169224E-1	2.206858E-1	1.921376E-1
0.000000E+0	0.000000E+0	0.000000E+0	0.000000E+0	2.148697E-1	2.186229E-1	1.901766E-1
0.000000E+0	0.000000E+0	0.000000E+0	0.000000E+0	2.128418E-1	2.165757E-1	1.882449E-1
0.000000E+0	0.000000E+0	0.000000E+0	0.000000E+0	2.108523E-1	2.145849E-1	1.862838E-1
0.000000E+0	0.000000E+0	0.000000E+0	0.000000E+0	2.088605E-1	2.125716E-1	1.844152E-1
0.000000E+0	0.000000E+0	0.000000E+0	0.000000E+0	2.068822E-1	2.105898E-1	1.825398E-1
0.000000E+0	0.000000E+0	0.000000E+0	0.000000E+0	2.049490E-1	2.086283E-1	1.806802E-1
0.000000E+0	0.000000E+0	0.000000E+0	0.000000E+0	2.029753E-1	2.066871E-1	1.788207E-1
0.000000E+0	0.000000E+0	0.000000E+0	0.000000E+0	2.011166E-1	2.047572E-1	1.769994E-1
0.000000E+0	0.000000E+0	0.000000E+0	0.000000E+0	1.991992E-1	2.028656E-1	1.752322E-1
0.000000E+0	0.000000E+0	0.000000E+0	0.000000E+0	1.973269E-1	2.009741E-1	1.734650E-1
0.000000E+0	0.000000E+0	0.000000E+0	0.000000E+0	1.954750E-1	1.991186E-1	1.716911E-1
0.000000E+0	0.000000E+0	0.000000E+0	0.000000E+0	1.936614E-1	1.972540E-1	1.699307E-1
0.000000E+0	0.000000E+0	0.000000E+0	0.000000E+0	1.918252E-1	1.953872E-1	1.682243E-1
0.000000E+0	0.000000E+0	0.000000E+0	0.000000E+0	1.900252E-1	1.936016E-1	1.665045E-1
0.000000E+0	0.000000E+0	0.000000E+0	0.000000E+0	1.882409E-1	1.918047E-1	1.648275E-1
0.000000E+0	0.000000E+0	0.000000E+0	0.000000E+0	1.864950E-1	1.900326E-1	1.631595E-1
0.000000E+0	0.000000E+0	0.000000E+0	0.000000E+0	1.847468E-1	1.882763E-1	1.614915E-1
0.000000E+0	0.000000E+0	0.000000E+0	0.000000E+0	1.830302E-1	1.864817E-1	1.598753E-1
0.000000E+0	0.000000E+0	0.000000E+0	0.000000E+0	1.813000E-1	1.847975E-1	1.582637E-1
0.000000E+0	0.000000E+0	0.000000E+0	0.000000E+0	1.796353E-1	1.830773E-1	1.566317E-1
0.000000E+0	0.000000E+0	0.000000E+0	0.000000E+0	1.779255E-1	1.813593E-1	1.550674E-1
0.000000E+0	0.000000E+0	0.000000E+0	0.000000E+0	1.762788E-1	1.796954E-1	1.534986E-1
0.000000E+0	0.000000E+0	0.000000E+0	0.000000E+0	1.746569E-1	1.780270E-1	1.519388E-1
0.000000E+0	0.000000E+0	0.000000E+0	0.000000E+0	1.730238E-1	1.764083E-1	1.504083E-1
0.000000E+0	0.000000E+0	0.000000E+0	0.000000E+0	1.714110E-1	1.747512E-1	1.489026E-1
0.000000E+0	0.000000E+0	0.000000E+0	0.000000E+0	1.697936E-1	1.731346E-1	1.473901E-1
0.000000E+0	0.000000E+0	0.000000E+0	0.000000E+0	1.682259E-1	1.715609E-1	1.459002E-1
0.000000E+0	0.000000E+0	0.000000E+0	0.000000E+0	1.666672E-1	1.699670E-1	1.444373E-1
0.000000E+0	0.000000E+0	0.000000E+0	0.000000E+0	1.650972E-1	1.683730E-1	1.429812E-1
0.000000E+0	0.000000E+0	0.000000E+0	0.000000E+0	1.635633E-1	1.668557E-1	1.415476E-1
0.000000E+0	0.000000E+0	0.000000E+0	0.000000E+0	1.620204E-1	1.653023E-1	1.401343E-1
0.000000E+0	0.000000E+0	0.000000E+0	0.000000E+0	1.605361E-1	1.637939E-1	1.386714E-1
0.000000E+0	0.000000E+0	0.000000E+0	0.000000E+0	1.590541E-1	1.623014E-1	1.373257E-1
0.000000E+0	0.000000E+0	0.000000E+0	0.000000E+0	1.575563E-1	1.607818E-1	1.359463E-1
0.000000E+0	0.000000E+0	0.000000E+0	0.000000E+0	1.561172E-1	1.593006E-1	1.345871E-1
0.000000E+0	0.000000E+0	0.000000E+0	0.000000E+0	1.546645E-1	1.578284E-1	1.332279E-1
0.000000E+0	0.000000E+0	0.000000E+0	0.000000E+0	1.532208E-1	1.563899E-1	1.318890E-1
0.000000E+0	0.000000E+0	0.000000E+0	0.000000E+0	1.518087E-1	1.549696E-1	1.305591E-1
0.000000E+0	0.000000E+0	0.000000E+0	0.000000E+0	1.504057E-1	1.535379E-1	1.292540E-1
0.000000E+0	0.000000E+0	0.000000E+0	0.000000E+0	1.490184E-1	1.521175E-1	1.279421E-1
0.000000E+0	0.000000E+0	0.000000E+0	0.000000E+0	1.476357E-1	1.507197E-1	1.266663E-1
0.000000E+0	0.000000E+0	0.000000E+0	0.000000E+0	1.462800E-1	1.493805E-1	1.254108E-1
0.000000E+0	0.000000E+0	0.000000E+0	0.000000E+0	1.449288E-1	1.479691E-1	1.241576E-1
0.000000E+0	0.000000E+0	0.000000E+0	0.000000E+0	1.435573E-1	1.466119E-1	1.228975E-1
0.000000E+0	0.000000E+0	0.000000E+0	0.000000E+0	1.422671E-1	1.452839E-1	1.216894E-1
0.000000E+0	0.000000E+0	0.000000E+0	0.000000E+0	1.409407E-1	1.439492E-1	1.204902E-1
0.000000E+0	0.000000E+0	0.000000E+0	0.000000E+0	1.396391E-1	1.426258E-1	1.192708E-1
0.000000E+0	0.000000E+0	0.000000E+0	0.000000E+0	1.383511E-1	1.413249E-1	1.180243E-1
0.000000E+0	0.000000E+0	0.000000E+0	0.000000E+0	1.370969E-1	1.400263E-1	1.168972E-1
0.000000E+0	0.000000E+0	0.000000E+0	0.000000E+0	1.358405E-1	1.387389E-1	1.157499E-1
0.000000E+0	0.000000E+0	0.000000E+0	0.000000E+0	1.345615E-1	1.374944E-1	1.145756E-1
0.000000E+0	0.000000E+0	0.000000E+0	0.000000E+0	1.333547E-1	1.362589E-1	1.134283E-1
0.000000E+0	0.000000E+0	0.000000E+0	0.000000E+0	1.321141E-1	1.350099E-1	1.122877E-1
0.000000E+0	0.000000E+0	0.000000E+0	0.000000E+0	1.309073E-1	1.337699E-1	1.112125E-1
0.000000E+0	0.000000E+0	0.000000E+0	0.000000E+0	1.297004E-1	1.325591E-1	1.100877E-1
0.000000E+0	0.000000E+0	0.000000E+0	0.000000E+0	1.285297E-1	1.313665E-1	1.089697E-1
0.000000E+0	0.000000E+0	0.000000E+0	0.000000E+0	1.273364E-1	1.301490E-1	1.078900E-1
0.000000E+0	0.000000E+0	0.000000E+0	0.000000E+0	1.261748E-1	1.289518E-1	1.068532E-1
0.000000E+0	0.000000E+0	0.000000E+0	0.000000E+0	1.250221E-1	1.278020E-1	1.057735E-1
0.000000E+0	0.000000E+0	0.000000E+0	0.000000E+0	1.238739E-1	1.266432E-1	1.047299E-1
0.000000E+0	0.000000E+0	0.000000E+0	0.000000E+0	1.227438E-1	1.255069E-1	1.036547E-1
0.000000E+0	0.000000E+0	0.000000E+0	0.000000E+0	1.216295E-1	1.243615E-1	1.026449E-1
0.000000E+0	0.000000E+0	0.000000E+0	0.000000E+0	1.205039E-1	1.232252E-1	1.016418E-1
0.000000E+0	0.000000E+0	0.000000E+0	0.000000E+0	1.194008E-1	1.221025E-1	1.006140E-1
0.000000E+0	0.000000E+0	0.000000E+0	0.000000E+0	1.183158E-1	1.209797E-1	9.964021E-2
0.000000E+0	0.000000E+0	0.000000E+0	0.000000E+0	1.172241E-1	1.199223E-1	9.867097E-2
0.000000E+0	0.000000E+0	0.000000E+0	0.000000E+0	1.161684E-1	1.188243E-1	9.769271E-2
0.000000E+0	0.000000E+0	0.000000E+0	0.000000E+0	1.151172E-1	1.177399E-1	9.671220E-2
0.000000E+0	0.000000E+0	0.000000E+0	0.000000E+0	1.140706E-1	1.166802E-1	9.576324E-2
0.000000E+0	0.000000E+0	0.000000E+0	0.000000E+0	1.130036E-1	1.156206E-1	9.480752E-2
0.000000E+0	0.000000E+0	0.000000E+0	0.000000E+0	1.119953E-1	1.145677E-1	9.390365E-2
0.000000E+0	0.000000E+0	0.000000E+0	0.000000E+0	1.109802E-1	1.135261E-1	9.294342E-2
0.000000E+0	0.000000E+0	0.000000E+0	0.000000E+0	1.099516E-1	1.125025E-1	9.202602E-2
0.000000E+0	0.000000E+0	0.000000E+0	0.000000E+0	1.089523E-1	1.114947E-1	9.112665E-2
0.000000E+0	0.000000E+0	0.000000E+0	0.000000E+0	1.079711E-1	1.104937E-1	9.024532E-2
0.000000E+0	0.000000E+0	0.000000E+0	0.000000E+0	1.070214E-1	1.094814E-1	8.935722E-2
0.000000E+0	0.000000E+0	0.000000E+0	0.000000E+0	1.060492E-1	1.085119E-1	8.845785E-2
0.000000E+0	0.000000E+0	0.000000E+0	0.000000E+0	1.050567E-1	1.075470E-1	8.757877E-2
0.000000E+0	0.000000E+0	0.000000E+0	0.000000E+0	1.041431E-1	1.065820E-1	8.673801E-2
0.000000E+0	0.000000E+0	0.000000E+0	0.000000E+0	1.032003E-1	1.056351E-1	8.588823E-2
0.000000E+0	0.000000E+0	0.000000E+0	0.000000E+0	1.022641E-1	1.046656E-1	8.508128E-2
0.000000E+0	0.000000E+0	0.000000E+0	0.000000E+0	1.013415E-1	1.037029E-1	8.421573E-2
0.000000E+0	0.000000E+0	0.000000E+0	0.000000E+0	1.004009E-1	1.027989E-1	8.338849E-2
0.000000E+0	0.000000E+0	0.000000E+0	0.000000E+0	9.950088E-2	1.018610E-1	8.256125E-2
0.000000E+0	0.000000E+0	0.000000E+0	0.000000E+0	9.861438E-2	1.009524E-1	8.175655E-2
0.000000E+0	0.000000E+0	0.000000E+0	0.000000E+0	9.771886E-2	1.000663E-1	8.098116E-2
0.000000E+0	0.000000E+0	0.000000E+0	0.000000E+0	9.683462E-2	9.915322E-2	8.018548E-2
0.000000E+0	0.000000E+0	0.000000E+0	0.000000E+0	9.594813E-2	9.828070E-2	7.939656E-2
0.000000E+0	0.000000E+0	0.000000E+0	0.000000E+0	9.509321E-2	9.740593E-2	7.862342E-2
0.000000E+0	0.000000E+0	0.000000E+0	0.000000E+0	9.425634E-2	9.653116E-2	7.785479E-2
0.000000E+0	0.000000E+0	0.000000E+0	0.000000E+0	9.342172E-2	9.565188E-2	7.709968E-2
0.000000E+0	0.000000E+0	0.000000E+0	0.000000E+0	9.255101E-2	9.479514E-2	7.635134E-2
0.000000E+0	0.000000E+0	0.000000E+0	0.000000E+0	9.170963E-2	9.396095E-2	7.561652E-2
0.000000E+0	0.000000E+0	0.000000E+0	0.000000E+0	9.090208E-2	9.311774E-2	7.484788E-2
0.000000E+0	0.000000E+0	0.000000E+0	0.000000E+0	9.010807E-2	9.228355E-2	7.413335E-2
0.000000E+0	0.000000E+0	0.000000E+0	0.000000E+0	8.928248E-2	9.145838E-2	7.340754E-2
0.000000E+0	0.000000E+0	0.000000E+0	0.000000E+0	8.848847E-2	9.066703E-2	7.269076E-2
0.000000E+0	0.000000E+0	0.000000E+0	0.000000E+0	8.769671E-2	8.986215E-2	7.199425E-2
0.000000E+0	0.000000E+0	0.000000E+0	0.000000E+0	8.690721E-2	8.902571E-2	7.130902E-2
0.000000E+0	0.000000E+0	0.000000E+0	0.000000E+0	8.612899E-2	8.824788E-2	7.060350E-2
0.000000E+0	0.000000E+0	0.000000E+0	0.000000E+0	8.538234E-2	8.745202E-2	6.990926E-2
0.000000E+0	0.000000E+0	0.000000E+0	0.000000E+0	8.460412E-2	8.668772E-2	6.922177E-2
0.000000E+0	0.000000E+0	0.000000E+0	0.000000E+0	8.383267E-2	8.593019E-2	6.856133E-2
0.000000E+0	0.000000E+0	0.000000E+0	0.000000E+0	8.308377E-2	8.516814E-2	6.789413E-2
0.000000E+0	0.000000E+0	0.000000E+0	0.000000E+0	8.233487E-2	8.440835E-2	6.724046E-2
0.000000E+0	0.000000E+0	0.000000E+0	0.000000E+0	8.164236E-2	8.367336E-2	6.657100E-2
0.000000E+0	0.000000E+0	0.000000E+0	0.000000E+0	8.091602E-2	8.289779E-2	6.594438E-2
0.000000E+0	0.000000E+0	0.000000E+0	0.000000E+0	8.018743E-2	8.218310E-2	6.531775E-2
0.000000E+0	0.000000E+0	0.000000E+0	0.000000E+0	7.946785E-2	8.146614E-2	6.467535E-2
0.000000E+0	0.000000E+0	0.000000E+0	0.000000E+0	7.876858E-2	8.076046E-2	6.405774E-2
0.000000E+0	0.000000E+0	0.000000E+0	0.000000E+0	7.806254E-2	8.005479E-2	6.346717E-2
0.000000E+0	0.000000E+0	0.000000E+0	0.000000E+0	7.737229E-2	7.933558E-2	6.285182E-2
0.000000E+0	0.000000E+0	0.000000E+0	0.000000E+0	7.667076E-2	7.863215E-2	6.222970E-2
0.000000E+0	0.000000E+0	0.000000E+0	0.000000E+0	7.600984E-2	7.794000E-2	6.164815E-2
0.000000E+0	0.000000E+0	0.000000E+0	0.000000E+0	7.534666E-2	7.724109E-2	6.102604E-2
0.000000E+0	0.000000E+0	0.000000E+0	0.000000E+0	7.465641E-2	7.656697E-2	6.045802E-2
0.000000E+0	0.000000E+0	0.000000E+0	0.000000E+0	7.400225E-2	7.587933E-2	5.987872E-2
0.000000E+0	0.000000E+0	0.000000E+0	0.000000E+0	7.333456E-2	7.522325E-2	5.931746E-2
0.000000E+0	0.000000E+0	0.000000E+0	0.000000E+0	7.272100E-2	7.457168E-2	5.869985E-2
0.000000E+0	0.000000E+0	0.000000E+0	0.000000E+0	7.205331E-2	7.388404E-2	5.816564E-2
0.000000E+0	0.000000E+0	0.000000E+0	0.000000E+0	7.143073E-2	7.325051E-2	5.759762E-2
0.000000E+0	0.000000E+0	0.000000E+0	0.000000E+0	7.081943E-2	7.263501E-2	5.704763E-2
0.000000E+0	0.000000E+0	0.000000E+0	0.000000E+0	7.018558E-2	7.201500E-2	5.648187E-2
0.000000E+0	0.000000E+0	0.000000E+0	0.000000E+0	6.957202E-2	7.136569E-2	5.597921E-2
0.000000E+0	0.000000E+0	0.000000E+0	0.000000E+0	6.894268E-2	7.072088E-2	5.544726E-2
0.000000E+0	0.000000E+0	0.000000E+0	0.000000E+0	6.835619E-2	7.010989E-2	5.494010E-2
0.000000E+0	0.000000E+0	0.000000E+0	0.000000E+0	6.774715E-2	6.949891E-2	5.439462E-2
0.000000E+0	0.000000E+0	0.000000E+0	0.000000E+0	6.713585E-2	6.887214E-2	5.385364E-2
0.000000E+0	0.000000E+0	0.000000E+0	0.000000E+0	6.655162E-2	6.826341E-2	5.338029E-2
0.000000E+0	0.000000E+0	0.000000E+0	0.000000E+0	6.595611E-2	6.768398E-2	5.285510E-2
0.000000E+0	0.000000E+0	0.000000E+0	0.000000E+0	6.536737E-2	6.708652E-2	5.235470E-2
0.000000E+0	0.000000E+0	0.000000E+0	0.000000E+0	6.483727E-2	6.649132E-2	5.185205E-2
0.000000E+0	0.000000E+0	0.000000E+0	0.000000E+0	6.426432E-2	6.592993E-2	5.137419E-2
0.000000E+0	0.000000E+0	0.000000E+0	0.000000E+0	6.370716E-2	6.533923E-2	5.086477E-2
0.000000E+0	0.000000E+0	0.000000E+0	0.000000E+0	6.315902E-2	6.476883E-2	5.038466E-2
0.000000E+0	0.000000E+0	0.000000E+0	0.000000E+0	6.262216E-2	6.420519E-2	4.991131E-2
0.000000E+0	0.000000E+0	0.000000E+0	0.000000E+0	6.207402E-2	6.367536E-2	4.943119E-2
0.000000E+0	0.000000E+0	0.000000E+0	0.000000E+0	6.150332E-2	6.313201E-2	4.899391E-2
0.000000E+0	0.000000E+0	0.000000E+0	0.000000E+0	6.096195E-2	6.257965E-2	4.850929E-2
0.000000E+0	0.000000E+0	0.000000E+0	0.000000E+0	6.042284E-2	6.202953E-2	4.803594E-2
0.000000E+0	0.000000E+0	0.000000E+0	0.000000E+0	5.991079E-2	6.147040E-2	4.760090E-2
0.000000E+0	0.000000E+0	0.000000E+0	0.000000E+0	5.941679E-2	6.094058E-2	4.712755E-2
0.000000E+0	0.000000E+0	0.000000E+0	0.000000E+0	5.889120E-2	6.041752E-2	4.670830E-2
0.000000E+0	0.000000E+0	0.000000E+0	0.000000E+0	5.839495E-2	5.988995E-2	4.625524E-2
0.000000E+0	0.000000E+0	0.000000E+0	0.000000E+0	5.786711E-2	5.938493E-2	4.584500E-2
0.000000E+0	0.000000E+0	0.000000E+0	0.000000E+0	5.737085E-2	5.886638E-2	4.539193E-2
0.000000E+0	0.000000E+0	0.000000E+0	0.000000E+0	5.687685E-2	5.836812E-2	4.495014E-2
0.000000E+0	0.000000E+0	0.000000E+0	0.000000E+0	5.636706E-2	5.784957E-2	4.454667E-2
0.000000E+0	0.000000E+0	0.000000E+0	0.000000E+0	5.589110E-2	5.735131E-2	4.411614E-2
0.000000E+0	0.000000E+0	0.000000E+0	0.000000E+0	5.543319E-2	5.685756E-2	4.372394E-2
0.000000E+0	0.000000E+0	0.000000E+0	0.000000E+0	5.494821E-2	5.635930E-2	4.329792E-2
0.000000E+0	0.000000E+0	0.000000E+0	0.000000E+0	5.447902E-2	5.588584E-2	4.287191E-2
0.000000E+0	0.000000E+0	0.000000E+0	0.000000E+0	5.400983E-2	5.541013E-2	4.250675E-2
0.000000E+0	0.000000E+0	0.000000E+0	0.000000E+0	5.353613E-2	5.494343E-2	4.209877E-2
0.000000E+0	0.000000E+0	0.000000E+0	0.000000E+0	5.308725E-2	5.446546E-2	4.170205E-2
0.000000E+0	0.000000E+0	0.000000E+0	0.000000E+0	5.261580E-2	5.398975E-2	4.131210E-2
0.000000E+0	0.000000E+0	0.000000E+0	0.000000E+0	5.216691E-2	5.354560E-2	4.094469E-2
0.000000E+0	0.000000E+0	0.000000E+0	0.000000E+0	5.169998E-2	5.306087E-2	4.055925E-2
0.000000E+0	0.000000E+0	0.000000E+0	0.000000E+0	5.129170E-2	5.262574E-2	4.013999E-2
0.000000E+0	0.000000E+0	0.000000E+0	0.000000E+0	5.082251E-2	5.216581E-2	3.978385E-2
0.000000E+0	0.000000E+0	0.000000E+0	0.000000E+0	5.040746E-2	5.172166E-2	3.945251E-2
0.000000E+0	0.000000E+0	0.000000E+0	0.000000E+0	4.996985E-2	5.128653E-2	3.906030E-2
0.000000E+0	0.000000E+0	0.000000E+0	0.000000E+0	4.953224E-2	5.085140E-2	3.868839E-2
0.000000E+0	0.000000E+0	0.000000E+0	0.000000E+0	4.913072E-2	5.040048E-2	3.833225E-2
0.000000E+0	0.000000E+0	0.000000E+0	0.000000E+0	4.869762E-2	4.996310E-2	3.801217E-2
0.000000E+0	0.000000E+0	0.000000E+0	0.000000E+0	4.829385E-2	4.955502E-2	3.765152E-2
0.000000E+0	0.000000E+0	0.000000E+0	0.000000E+0	4.788105E-2	4.914469E-2	3.727735E-2
0.000000E+0	0.000000E+0	0.000000E+0	0.000000E+0	4.744796E-2	4.873210E-2	3.693023E-2
0.000000E+0	0.000000E+0	0.000000E+0	0.000000E+0	4.704418E-2	4.830148E-2	3.661691E-2
0.000000E+0	0.000000E+0	0.000000E+0	0.000000E+0	4.668327E-2	4.787312E-2	3.627655E-2
0.000000E+0	0.000000E+0	0.000000E+0	0.000000E+0	4.630431E-2	4.747857E-2	3.593619E-2
0.000000E+0	0.000000E+0	0.000000E+0	0.000000E+0	4.589151E-2	4.706598E-2	3.557780E-2
0.000000E+0	0.000000E+0	0.000000E+0	0.000000E+0	4.549676E-2	4.670300E-2	3.526674E-2
0.000000E+0	0.000000E+0	0.000000E+0	0.000000E+0	4.511780E-2	4.630619E-2	3.494215E-2
0.000000E+0	0.000000E+0	0.000000E+0	0.000000E+0	4.473433E-2	4.589361E-2	3.461757E-2
0.000000E+0	0.000000E+0	0.000000E+0	0.000000E+0	4.433507E-2	4.553062E-2	3.429524E-2
0.000000E+0	0.000000E+0	0.000000E+0	0.000000E+0	4.396964E-2	4.512706E-2	3.400221E-2
0.000000E+0	0.000000E+0	0.000000E+0	0.000000E+0	4.361549E-2	4.474829E-2	3.369566E-2
0.000000E+0	0.000000E+0	0.000000E+0	0.000000E+0	4.322751E-2	4.437403E-2	3.337333E-2
0.000000E+0	0.000000E+0	0.000000E+0	0.000000E+0	4.285757E-2	4.401105E-2	3.306678E-2
0.000000E+0	0.000000E+0	0.000000E+0	0.000000E+0	4.251470E-2	4.363002E-2	3.277376E-2
0.000000E+0	0.000000E+0	0.000000E+0	0.000000E+0	4.217184E-2	4.324900E-2	3.248975E-2
0.000000E+0	0.000000E+0	0.000000E+0	0.000000E+0	4.179288E-2	4.291082E-2	3.216291E-2
0.000000E+0	0.000000E+0	0.000000E+0	0.000000E+0	4.145903E-2	4.255685E-2	3.186763E-2
0.000000E+0	0.000000E+0	0.000000E+0	0.000000E+0	4.109812E-2	4.219161E-2	3.157911E-2
0.000000E+0	0.000000E+0	0.000000E+0	0.000000E+0	4.074848E-2	4.182186E-2	3.129961E-2
0.000000E+0	0.000000E+0	0.000000E+0	0.000000E+0	4.042591E-2	4.146790E-2	3.099531E-2
0.000000E+0	0.000000E+0	0.000000E+0	0.000000E+0	4.008079E-2	4.112295E-2	3.071806E-2
0.000000E+0	0.000000E+0	0.000000E+0	0.000000E+0	3.974920E-2	4.077575E-2	3.042504E-2
0.000000E+0	0.000000E+0	0.000000E+0	0.000000E+0	3.940858E-2	4.043305E-2	3.018836E-2
0.000000E+0	0.000000E+0	0.000000E+0	0.000000E+0	3.908376E-2	4.008134E-2	2.987730E-2
0.000000E+0	0.000000E+0	0.000000E+0	0.000000E+0	3.873864E-2	3.977472E-2	2.962259E-2
0.000000E+0	0.000000E+0	0.000000E+0	0.000000E+0	3.842058E-2	3.943653E-2	2.936112E-2
0.000000E+0	0.000000E+0	0.000000E+0	0.000000E+0	3.812959E-2	3.910511E-2	2.912445E-2
0.000000E+0	0.000000E+0	0.000000E+0	0.000000E+0	3.781605E-2	3.876242E-2	2.882241E-2
0.000000E+0	0.000000E+0	0.000000E+0	0.000000E+0	3.747995E-2	3.845580E-2	2.854967E-2
0.000000E+0	0.000000E+0	0.000000E+0	0.000000E+0	3.717768E-2	3.815369E-2	2.834229E-2
0.000000E+0	0.000000E+0	0.000000E+0	0.000000E+0	3.689121E-2	3.782903E-2	2.806279E-2
0.000000E+0	0.000000E+0	0.000000E+0	0.000000E+0	3.656864E-2	3.752466E-2	2.780357E-2
0.000000E+0	0.000000E+0	0.000000E+0	0.000000E+0	3.626637E-2	3.722931E-2	2.756464E-2
0.000000E+0	0.000000E+0	0.000000E+0	0.000000E+0	3.597764E-2	3.690691E-2	2.731219E-2
0.000000E+0	0.000000E+0	0.000000E+0	0.000000E+0	3.569568E-2	3.658451E-2	2.706199E-2
0.000000E+0	0.000000E+0	0.000000E+0	0.000000E+0	3.534830E-2	3.629818E-2	2.682757E-2
0.000000E+0	0.000000E+0	0.000000E+0	0.000000E+0	3.508438E-2	3.599607E-2	2.657061E-2
0.000000E+0	0.000000E+0	0.000000E+0	0.000000E+0	3.478437E-2	3.570297E-2	2.634520E-2
0.000000E+0	0.000000E+0	0.000000E+0	0.000000E+0	3.453624E-2	3.538283E-2	2.610853E-2
0.000000E+0	0.000000E+0	0.000000E+0	0.000000E+0	3.421142E-2	3.508748E-2	2.587411E-2
0.000000E+0	0.000000E+0	0.000000E+0	0.000000E+0	3.394073E-2	3.482369E-2	2.560362E-2
0.000000E+0	0.000000E+0	0.000000E+0	0.000000E+0	3.369486E-2	3.451933E-2	2.540752E-2
0.000000E+0	0.000000E+0	0.000000E+0	0.000000E+0	3.338582E-2	3.424427E-2	2.518211E-2
0.000000E+0	0.000000E+0	0.000000E+0	0.000000E+0	3.315574E-2	3.394441E-2	2.496572E-2
0.000000E+0	0.000000E+0	0.000000E+0	0.000000E+0	3.286926E-2	3.368739E-2	2.472229E-2
0.000000E+0	0.000000E+0	0.000000E+0	0.000000E+0	3.258279E-2	3.341459E-2	2.451491E-2
0.000000E+0	0.000000E+0	0.000000E+0	0.000000E+0	3.232564E-2	3.313728E-2	2.432332E-2
0.000000E+0	0.000000E+0	0.000000E+0	0.000000E+0	3.205270E-2	3.286673E-2	2.409792E-2
0.000000E+0	0.000000E+0	0.000000E+0	0.000000E+0	3.180908E-2	3.260520E-2	2.387702E-2
0.000000E+0	0.000000E+0	0.000000E+0	0.000000E+0	3.153163E-2	3.231887E-2	2.365838E-2
0.000000E+0	0.000000E+0	0.000000E+0	0.000000E+0	3.129026E-2	3.206185E-2	2.343748E-2
0.000000E+0	0.000000E+0	0.000000E+0	0.000000E+0	3.100830E-2	3.181160E-2	2.324138E-2
0.000000E+0	0.000000E+0	0.000000E+0	0.000000E+0	3.076017E-2	3.155683E-2	2.304527E-2
0.000000E+0	0.000000E+0	0.000000E+0	0.000000E+0	3.052106E-2	3.128628E-2	2.283114E-2
0.000000E+0	0.000000E+0	0.000000E+0	0.000000E+0	3.027970E-2	3.104279E-2	2.262827E-2
0.000000E+0	0.000000E+0	0.000000E+0	0.000000E+0	3.001804E-2	3.076999E-2	2.243893E-2
0.000000E+0	0.000000E+0	0.000000E+0	0.000000E+0	2.976314E-2	3.051522E-2	2.220902E-2
0.000000E+0	0.000000E+0	0.000000E+0	0.000000E+0	2.958494E-2	3.028526E-2	2.202644E-2
0.000000E+0	0.000000E+0	0.000000E+0	0.000000E+0	2.931426E-2	3.002824E-2	2.183259E-2
0.000000E+0	0.000000E+0	0.000000E+0	0.000000E+0	2.908869E-2	2.978474E-2	2.164551E-2
0.000000E+0	0.000000E+0	0.000000E+0	0.000000E+0	2.885409E-2	2.955478E-2	2.145842E-2
0.000000E+0	0.000000E+0	0.000000E+0	0.000000E+0	2.861499E-2	2.932481E-2	2.126007E-2
0.000000E+0	0.000000E+0	0.000000E+0	0.000000E+0	2.839844E-2	2.909259E-2	2.109327E-2
0.000000E+0	0.000000E+0	0.000000E+0	0.000000E+0	2.815933E-2	2.885361E-2	2.093323E-2
0.000000E+0	0.000000E+0	0.000000E+0	0.000000E+0	2.794278E-2	2.861913E-2	2.072586E-2
0.000000E+0	0.000000E+0	0.000000E+0	0.000000E+0	2.771044E-2	2.838240E-2	2.054102E-2
0.000000E+0	0.000000E+0	0.000000E+0	0.000000E+0	2.749164E-2	2.815244E-2	2.038775E-2
0.000000E+0	0.000000E+0	0.000000E+0	0.000000E+0	2.726381E-2	2.792022E-2	2.020066E-2
0.000000E+0	0.000000E+0	0.000000E+0	0.000000E+0	2.702922E-2	2.769702E-2	2.000681E-2
0.000000E+0	0.000000E+0	0.000000E+0	0.000000E+0	2.683297E-2	2.749636E-2	1.984227E-2
0.000000E+0	0.000000E+0	0.000000E+0	0.000000E+0	2.662770E-2	2.727767E-2	1.968899E-2
0.000000E+0	0.000000E+0	0.000000E+0	0.000000E+0	2.639536E-2	2.704319E-2	1.951092E-2
0.000000E+0	0.000000E+0	0.000000E+0	0.000000E+0	2.620588E-2	2.681548E-2	1.932834E-2
0.000000E+0	0.000000E+0	0.000000E+0	0.000000E+0	2.597805E-2	2.658101E-2	1.917732E-2
0.000000E+0	0.000000E+0	0.000000E+0	0.000000E+0	2.577504E-2	2.639839E-2	1.899474E-2
0.000000E+0	0.000000E+0	0.000000E+0	0.000000E+0	2.555849E-2	2.619773E-2	1.883696E-2
0.000000E+0	0.000000E+0	0.000000E+0	0.000000E+0	2.538480E-2	2.596100E-2	1.867918E-2
0.000000E+0	0.000000E+0	0.000000E+0	0.000000E+0	2.521337E-2	2.576936E-2	1.850336E-2
0.000000E+0	0.000000E+0	0.000000E+0	0.000000E+0	2.498554E-2	2.557322E-2	1.835685E-2
0.000000E+0	0.000000E+0	0.000000E+0	0.000000E+0	2.478027E-2	2.536805E-2	1.819906E-2
0.000000E+0	0.000000E+0	0.000000E+0	0.000000E+0	2.459756E-2	2.516514E-2	1.804128E-2
0.000000E+0	0.000000E+0	0.000000E+0	0.000000E+0	2.437875E-2	2.498703E-2	1.786772E-2
0.000000E+0	0.000000E+0	0.000000E+0	0.000000E+0	2.419604E-2	2.477510E-2	1.772797E-2
0.000000E+0	0.000000E+0	0.000000E+0	0.000000E+0	2.403588E-2	2.454964E-2	1.759498E-2
0.000000E+0	0.000000E+0	0.000000E+0	0.000000E+0	2.383287E-2	2.437379E-2	1.742818E-2
0.000000E+0	0.000000E+0	0.000000E+0	0.000000E+0	2.362309E-2	2.419117E-2	1.727040E-2
0.000000E+0	0.000000E+0	0.000000E+0	0.000000E+0	2.346744E-2	2.400404E-2	1.712839E-2
0.000000E+0	0.000000E+0	0.000000E+0	0.000000E+0	2.326668E-2	2.380789E-2	1.699089E-2
0.000000E+0	0.000000E+0	0.000000E+0	0.000000E+0	2.309976E-2	2.362527E-2	1.681959E-2
0.000000E+0	0.000000E+0	0.000000E+0	0.000000E+0	2.290351E-2	2.341334E-2	1.670463E-2
0.000000E+0	0.000000E+0	0.000000E+0	0.000000E+0	2.273659E-2	2.326680E-2	1.656713E-2
0.000000E+0	0.000000E+0	0.000000E+0	0.000000E+0	2.256516E-2	2.307290E-2	1.642062E-2
0.000000E+0	0.000000E+0	0.000000E+0	0.000000E+0	2.236891E-2	2.287901E-2	1.628312E-2
0.000000E+0	0.000000E+0	0.000000E+0	0.000000E+0	2.219748E-2	2.272119E-2	1.615464E-2
0.000000E+0	0.000000E+0	0.000000E+0	0.000000E+0	2.205311E-2	2.252955E-2	1.599010E-2
0.000000E+0	0.000000E+0	0.000000E+0	0.000000E+0	2.187716E-2	2.234693E-2	1.588866E-2
0.000000E+0	0.000000E+0	0.000000E+0	0.000000E+0	2.168768E-2	2.216657E-2	1.574215E-2
0.000000E+0	0.000000E+0	0.000000E+0	0.000000E+0	2.152302E-2	2.199522E-2	1.561367E-2
0.000000E+0	0.000000E+0	0.000000E+0	0.000000E+0	2.136737E-2	2.181486E-2	1.547843E-2
0.000000E+0	0.000000E+0	0.000000E+0	0.000000E+0	2.119143E-2	2.169762E-2	1.535445E-2
0.000000E+0	0.000000E+0	0.000000E+0	0.000000E+0	2.103578E-2	2.149246E-2	1.520569E-2
0.000000E+0	0.000000E+0	0.000000E+0	0.000000E+0	2.090495E-2	2.132111E-2	1.508622E-2
0.000000E+0	0.000000E+0	0.000000E+0	0.000000E+0	2.074931E-2	2.115653E-2	1.495774E-2
0.000000E+0	0.000000E+0	0.000000E+0	0.000000E+0	2.057336E-2	2.100998E-2	1.484504E-2
0.000000E+0	0.000000E+0	0.000000E+0	0.000000E+0	2.040644E-2	2.082961E-2	1.473008E-2
0.000000E+0	0.000000E+0	0.000000E+0	0.000000E+0	2.025530E-2	2.069208E-2	1.460160E-2
0.000000E+0	0.000000E+0	0.000000E+0	0.000000E+0	2.009740E-2	2.054328E-2	1.444833E-2
0.000000E+0	0.000000E+0	0.000000E+0	0.000000E+0	1.996432E-2	2.034714E-2	1.434238E-2
0.000000E+0	0.000000E+0	0.000000E+0	0.000000E+0	1.977935E-2	2.021637E-2	1.424095E-2
0.000000E+0	0.000000E+0	0.000000E+0	0.000000E+0	1.963949E-2	2.005404E-2	1.412600E-2
0.000000E+0	0.000000E+0	0.000000E+0	0.000000E+0	1.948611E-2	1.988495E-2	1.399075E-2
0.000000E+0	0.000000E+0	0.000000E+0	0.000000E+0	1.937332E-2	1.975419E-2	1.388481E-2
0.000000E+0	0.000000E+0	0.000000E+0	0.000000E+0	1.920865E-2	1.959411E-2	1.375859E-2
0.000000E+0	0.000000E+0	0.000000E+0	0.000000E+0	1.907331E-2	1.944531E-2	1.365490E-2
0.000000E+0	0.000000E+0	0.000000E+0	0.000000E+0	1.892218E-2	1.926044E-2	1.354896E-2
0.000000E+0	0.000000E+0	0.000000E+0	0.000000E+0	1.876879E-2	1.915447E-2	1.343400E-2
0.000000E+0	0.000000E+0	0.000000E+0	0.000000E+0	1.862442E-2	1.899214E-2	1.331228E-2
0.000000E+0	0.000000E+0	0.000000E+0	0.000000E+0	1.850713E-2	1.884560E-2	1.321536E-2
0.000000E+0	0.000000E+0	0.000000E+0	0.000000E+0	1.836953E-2	1.870807E-2	1.309364E-2
0.000000E+0	0.000000E+0	0.000000E+0	0.000000E+0	1.821388E-2	1.857054E-2	1.300123E-2
0.000000E+0	0.000000E+0	0.000000E+0	0.000000E+0	1.807854E-2	1.843301E-2	1.289078E-2
0.000000E+0	0.000000E+0	0.000000E+0	0.000000E+0	1.793417E-2	1.829548E-2	1.280061E-2
0.000000E+0	0.000000E+0	0.000000E+0	0.000000E+0	1.783492E-2	1.813992E-2	1.267213E-2
0.000000E+0	0.000000E+0	0.000000E+0	0.000000E+0	1.766800E-2	1.802268E-2	1.255943E-2
0.000000E+0	0.000000E+0	0.000000E+0	0.000000E+0	1.754845E-2	1.786486E-2	1.246025E-2
0.000000E+0	0.000000E+0	0.000000E+0	0.000000E+0	1.737701E-2	1.773410E-2	1.238136E-2
0.000000E+0	0.000000E+0	0.000000E+0	0.000000E+0	1.728002E-2	1.760108E-2	1.227542E-2
0.000000E+0	0.000000E+0	0.000000E+0	0.000000E+0	1.715595E-2	1.745904E-2	1.215145E-2
0.000000E+0	0.000000E+0	0.000000E+0	0.000000E+0	1.701384E-2	1.730573E-2	1.207932E-2
0.000000E+0	0.000000E+0	0.000000E+0	0.000000E+0	1.689654E-2	1.718849E-2	1.197563E-2
0.000000E+0	0.000000E+0	0.000000E+0	0.000000E+0	1.676346E-2	1.708478E-2	1.187420E-2
0.000000E+0	0.000000E+0	0.000000E+0	0.000000E+0	1.667548E-2	1.694725E-2	1.179080E-2
0.000000E+0	0.000000E+0	0.000000E+0	0.000000E+0	1.652661E-2	1.681649E-2	1.170064E-2
0.000000E+0	0.000000E+0	0.000000E+0	0.000000E+0	1.638675E-2	1.669023E-2	1.161498E-2
0.000000E+0	0.000000E+0	0.000000E+0	0.000000E+0	1.630329E-2	1.657074E-2	1.150454E-2
0.000000E+0	0.000000E+0	0.000000E+0	0.000000E+0	1.616344E-2	1.645576E-2	1.139634E-2
0.000000E+0	0.000000E+0	0.000000E+0	0.000000E+0	1.607998E-2	1.632049E-2	1.131970E-2
0.000000E+0	0.000000E+0	0.000000E+0	0.000000E+0	1.592208E-2	1.618972E-2	1.122729E-2
0.000000E+0	0.000000E+0	0.000000E+0	0.000000E+0	1.582959E-2	1.609503E-2	1.113262E-2
0.000000E+0	0.000000E+0	0.000000E+0	0.000000E+0	1.569199E-2	1.599583E-2	1.104471E-2
0.000000E+0	0.000000E+0	0.000000E+0	0.000000E+0	1.560402E-2	1.586281E-2	1.095004E-2
0.000000E+0	0.000000E+0	0.000000E+0	0.000000E+0	1.545289E-2	1.572979E-2	1.087115E-2
0.000000E+0	0.000000E+0	0.000000E+0	0.000000E+0	1.537845E-2	1.563059E-2	1.079676E-2
0.000000E+0	0.000000E+0	0.000000E+0	0.000000E+0	1.523634E-2	1.549982E-2	1.069759E-2
0.000000E+0	0.000000E+0	0.000000E+0	0.000000E+0	1.511679E-2	1.538935E-2	1.060742E-2
0.000000E+0	0.000000E+0	0.000000E+0	0.000000E+0	1.502656E-2	1.527662E-2	1.056460E-2
0.000000E+0	0.000000E+0	0.000000E+0	0.000000E+0	1.492054E-2	1.515488E-2	1.047218E-2
0.000000E+0	0.000000E+0	0.000000E+0	0.000000E+0	1.481903E-2	1.503764E-2	1.035722E-2
0.000000E+0	0.000000E+0	0.000000E+0	0.000000E+0	1.470625E-2	1.492491E-2	1.026481E-2
0.000000E+0	0.000000E+0	0.000000E+0	0.000000E+0	1.458669E-2	1.483247E-2	1.023551E-2
0.000000E+0	0.000000E+0	0.000000E+0	0.000000E+0	1.450774E-2	1.471974E-2	1.012055E-2
0.000000E+0	0.000000E+0	0.000000E+0	0.000000E+0	1.438819E-2	1.462505E-2	1.003940E-2
0.000000E+0	0.000000E+0	0.000000E+0	0.000000E+0	1.427992E-2	1.450105E-2	9.965019E-3
0.000000E+0	0.000000E+0	0.000000E+0	0.000000E+0	1.419194E-2	1.437705E-2	9.906414E-3
0.000000E+0	0.000000E+0	0.000000E+0	0.000000E+0	1.408367E-2	1.428236E-2	9.823014E-3
0.000000E+0	0.000000E+0	0.000000E+0	0.000000E+0	1.400246E-2	1.418767E-2	9.735106E-3
0.000000E+0	0.000000E+0	0.000000E+0	0.000000E+0	1.388065E-2	1.408621E-2	9.660723E-3
0.000000E+0	0.000000E+0	0.000000E+0	0.000000E+0	1.378817E-2	1.397799E-2	9.604371E-3
0.000000E+0	0.000000E+0	0.000000E+0	0.000000E+0	1.368215E-2	1.387879E-2	9.509701E-3
0.000000E+0	0.000000E+0	0.000000E+0	0.000000E+0	1.358064E-2	1.378185E-2	9.426302E-3
0.000000E+0	0.000000E+0	0.000000E+0	0.000000E+0	1.349267E-2	1.368265E-2	9.369950E-3
0.000000E+0	0.000000E+0	0.000000E+0	0.000000E+0	1.340695E-2	1.357894E-2	9.297821E-3
0.000000E+0	0.000000E+0	0.000000E+0	0.000000E+0	1.327161E-2	1.347523E-2	9.245978E-3
0.000000E+0	0.000000E+0	0.000000E+0	0.000000E+0	1.319717E-2	1.338955E-2	9.126513E-3
0.000000E+0	0.000000E+0	0.000000E+0	0.000000E+0	1.310243E-2	1.329035E-2	9.052129E-3
0.000000E+0	0.000000E+0	0.000000E+0	0.000000E+0	1.300093E-2	1.320693E-2	9.004794E-3
0.000000E+0	0.000000E+0	0.000000E+0	0.000000E+0	1.292423E-2	1.307391E-2	8.946189E-3
0.000000E+0	0.000000E+0	0.000000E+0	0.000000E+0	1.281370E-2	1.298599E-2	8.865043E-3
0.000000E+0	0.000000E+0	0.000000E+0	0.000000E+0	1.272573E-2	1.291835E-2	8.779389E-3
0.000000E+0	0.000000E+0	0.000000E+0	0.000000E+0	1.265806E-2	1.281689E-2	8.723038E-3
0.000000E+0	0.000000E+0	0.000000E+0	0.000000E+0	1.257234E-2	1.273347E-2	8.680211E-3
0.000000E+0	0.000000E+0	0.000000E+0	0.000000E+0	1.246858E-2	1.265456E-2	8.587795E-3
0.000000E+0	0.000000E+0	0.000000E+0	0.000000E+0	1.240993E-2	1.255085E-2	8.522427E-3
0.000000E+0	0.000000E+0	0.000000E+0	0.000000E+0	1.232196E-2	1.244714E-2	8.457060E-3
0.000000E+0	0.000000E+0	0.000000E+0	0.000000E+0	1.223173E-2	1.237500E-2	8.391693E-3
0.000000E+0	0.000000E+0	0.000000E+0	0.000000E+0	1.214375E-2	1.229834E-2	8.333087E-3
0.000000E+0	0.000000E+0	0.000000E+0	0.000000E+0	1.207157E-2	1.221042E-2	8.251941E-3
0.000000E+0	0.000000E+0	0.000000E+0	0.000000E+0	1.199488E-2	1.210671E-2	8.215877E-3
0.000000E+0	0.000000E+0	0.000000E+0	0.000000E+0	1.190014E-2	1.202780E-2	8.152763E-3
0.000000E+0	0.000000E+0	0.000000E+0	0.000000E+0	1.181893E-2	1.194663E-2	8.109936E-3
0.000000E+0	0.000000E+0	0.000000E+0	0.000000E+0	1.173096E-2	1.188125E-2	8.013012E-3
0.000000E+0	0.000000E+0	0.000000E+0	0.000000E+0	1.166554E-2	1.181136E-2	8.001742E-3
0.000000E+0	0.000000E+0	0.000000E+0	0.000000E+0	1.159561E-2	1.169412E-2	7.934120E-3
0.000000E+0	0.000000E+0	0.000000E+0	0.000000E+0	1.150313E-2	1.160845E-2	7.852975E-3
0.000000E+0	0.000000E+0	0.000000E+0	0.000000E+0	1.140839E-2	1.155208E-2	7.783099E-3
0.000000E+0	0.000000E+0	0.000000E+0	0.000000E+0	1.133846E-2	1.146190E-2	7.767321E-3
0.000000E+0	0.000000E+0	0.000000E+0	0.000000E+0	1.128884E-2	1.137397E-2	7.695191E-3
0.000000E+0	0.000000E+0	0.000000E+0	0.000000E+0	1.115575E-2	1.131535E-2	7.611791E-3
0.000000E+0	0.000000E+0	0.000000E+0	0.000000E+0	1.110612E-2	1.123193E-2	7.575726E-3
0.000000E+0	0.000000E+0	0.000000E+0	0.000000E+0	1.102943E-2	1.112372E-2	7.501343E-3
0.000000E+0	0.000000E+0	0.000000E+0	0.000000E+0	1.097304E-2	1.106510E-2	7.467532E-3
0.000000E+0	0.000000E+0	0.000000E+0	0.000000E+0	1.089183E-2	1.098393E-2	7.386386E-3
0.000000E+0	0.000000E+0	0.000000E+0	0.000000E+0	1.080611E-2	1.090277E-2	7.352575E-3
0.000000E+0	0.000000E+0	0.000000E+0	0.000000E+0	1.074295E-2	1.083062E-2	7.298478E-3
0.000000E+0	0.000000E+0	0.000000E+0	0.000000E+0	1.066400E-2	1.076524E-2	7.260159E-3
0.000000E+0	0.000000E+0	0.000000E+0	0.000000E+0	1.058731E-2	1.065702E-2	7.179014E-3
0.000000E+0	0.000000E+0	0.000000E+0	0.000000E+0	1.051287E-2	1.062546E-2	7.109138E-3
0.000000E+0	0.000000E+0	0.000000E+0	0.000000E+0	1.045648E-2	1.054880E-2	7.082089E-3
0.000000E+0	0.000000E+0	0.000000E+0	0.000000E+0	1.038655E-2	1.044960E-2	7.021230E-3
0.000000E+0	0.000000E+0	0.000000E+0	0.000000E+0	1.032565E-2	1.037971E-2	6.967133E-3
0.000000E+0	0.000000E+0	0.000000E+0	0.000000E+0	1.023993E-2	1.033462E-2	6.922052E-3
0.000000E+0	0.000000E+0	0.000000E+0	0.000000E+0	1.016549E-2	1.024894E-2	6.863447E-3
0.000000E+0	0.000000E+0	0.000000E+0	0.000000E+0	1.008880E-2	1.017454E-2	6.840906E-3
0.000000E+0	0.000000E+0	0.000000E+0	0.000000E+0	1.003692E-2	1.010240E-2	6.759760E-3
0.000000E+0	0.000000E+0	0.000000E+0	0.000000E+0	9.971500E-3	1.005054E-2	6.712425E-3
0.000000E+0	0.000000E+0	0.000000E+0	0.000000E+0	9.903829E-3	9.955851E-3	6.665090E-3
0.000000E+0	0.000000E+0	0.000000E+0	0.000000E+0	9.842925E-3	9.910760E-3	6.624517E-3
0.000000E+0	0.000000E+0	0.000000E+0	0.000000E+0	9.766230E-3	9.849887E-3	6.563658E-3
0.000000E+0	0.000000E+0	0.000000E+0	0.000000E+0	9.678257E-3	9.777741E-3	6.541117E-3
0.000000E+0	0.000000E+0	0.000000E+0	0.000000E+0	9.630887E-3	9.710104E-3	6.484766E-3
0.000000E+0	0.000000E+0	0.000000E+0	0.000000E+0	9.581262E-3	9.622176E-3	6.430669E-3
0.000000E+0	0.000000E+0	0.000000E+0	0.000000E+0	9.536147E-3	9.572576E-3	6.399112E-3
0.000000E+0	0.000000E+0	0.000000E+0	0.000000E+0	9.434640E-3	9.522975E-3	6.345015E-3
0.000000E+0	0.000000E+0	0.000000E+0	0.000000E+0	9.421106E-3	9.441811E-3	6.279648E-3
0.000000E+0	0.000000E+0	0.000000E+0	0.000000E+0	9.346667E-3	9.387701E-3	6.243583E-3
0.000000E+0	0.000000E+0	0.000000E+0	0.000000E+0	9.281252E-3	9.313301E-3	6.214280E-3
0.000000E+0	0.000000E+0	0.000000E+0	0.000000E+0	9.182000E-3	9.263700E-3	6.166945E-3
0.000000E+0	0.000000E+0	0.000000E+0	0.000000E+0	9.177489E-3	9.198318E-3	6.110594E-3
0.000000E+0	0.000000E+0	0.000000E+0	0.000000E+0	9.098539E-3	9.139699E-3	6.094816E-3
0.000000E+0	0.000000E+0	0.000000E+0	0.000000E+0	9.028612E-3	9.045008E-3	6.042972E-3
0.000000E+0	0.000000E+0	0.000000E+0	0.000000E+0	8.981242E-3	8.997662E-3	5.973097E-3
0.000000E+0	0.000000E+0	0.000000E+0	0.000000E+0	8.918081E-3	8.963843E-3	5.928016E-3
0.000000E+0	0.000000E+0	0.000000E+0	0.000000E+0	8.875223E-3	8.880424E-3	5.909983E-3
0.000000E+0	0.000000E+0	0.000000E+0	0.000000E+0	8.803040E-3	8.806024E-3	5.871665E-3
0.000000E+0	0.000000E+0	0.000000E+0	0.000000E+0	8.739880E-3	8.760933E-3	5.817567E-3
0.000000E+0	0.000000E+0	0.000000E+0	0.000000E+0	8.681231E-3	8.722605E-3	5.767978E-3
0.000000E+0	0.000000E+0	0.000000E+0	0.000000E+0	8.656419E-3	8.641441E-3	5.731914E-3
0.000000E+0	0.000000E+0	0.000000E+0	0.000000E+0	8.579724E-3	8.598604E-3	5.695849E-3
0.000000E+0	0.000000E+0	0.000000E+0	0.000000E+0	8.523331E-3	8.517440E-3	5.659784E-3
0.000000E+0	0.000000E+0	0.000000E+0	0.000000E+0	8.460171E-3	8.485876E-3	5.644006E-3
0.000000E+0	0.000000E+0	0.000000E+0	0.000000E+0	8.424080E-3	8.434021E-3	5.601179E-3
0.000000E+0	0.000000E+0	0.000000E+0	0.000000E+0	8.363176E-3	8.393439E-3	5.542573E-3
0.000000E+0	0.000000E+0	0.000000E+0	0.000000E+0	8.318061E-3	8.310020E-3	5.488476E-3
0.000000E+0	0.000000E+0	0.000000E+0	0.000000E+0	8.248134E-3	8.258165E-3	5.474952E-3
0.000000E+0	0.000000E+0	0.000000E+0	0.000000E+0	8.205276E-3	8.197292E-3	5.436633E-3
0.000000E+0	0.000000E+0	0.000000E+0	0.000000E+0	8.135348E-3	8.167982E-3	5.384790E-3
0.000000E+0	0.000000E+0	0.000000E+0	0.000000E+0	8.108280E-3	8.086818E-3	5.362249E-3
0.000000E+0	0.000000E+0	0.000000E+0	0.000000E+0	8.060910E-3	8.059763E-3	5.303644E-3
0.000000E+0	0.000000E+0	0.000000E+0	0.000000E+0	8.015796E-3	7.983108E-3	5.281104E-3
0.000000E+0	0.000000E+0	0.000000E+0	0.000000E+0	7.954891E-3	7.947035E-3	5.238277E-3
0.000000E+0	0.000000E+0	0.000000E+0	0.000000E+0	7.909777E-3	7.915471E-3	5.202212E-3
0.000000E+0	0.000000E+0	0.000000E+0	0.000000E+0	7.851128E-3	7.847834E-3	5.177417E-3
0.000000E+0	0.000000E+0	0.000000E+0	0.000000E+0	7.819548E-3	7.804998E-3	5.148115E-3
0.000000E+0	0.000000E+0	0.000000E+0	0.000000E+0	7.767667E-3	7.748634E-3	5.123320E-3
0.000000E+0	0.000000E+0	0.000000E+0	0.000000E+0	7.713530E-3	7.714815E-3	5.073731E-3
0.000000E+0	0.000000E+0	0.000000E+0	0.000000E+0	7.668416E-3	7.667469E-3	5.024142E-3
0.000000E+0	0.000000E+0	0.000000E+0	0.000000E+0	7.612023E-3	7.608851E-3	4.979061E-3
0.000000E+0	0.000000E+0	0.000000E+0	0.000000E+0	7.575931E-3	7.561505E-3	4.967791E-3
0.000000E+0	0.000000E+0	0.000000E+0	0.000000E+0	7.517283E-3	7.482595E-3	4.940742E-3
0.000000E+0	0.000000E+0	0.000000E+0	0.000000E+0	7.472168E-3	7.466813E-3	4.897915E-3
0.000000E+0	0.000000E+0	0.000000E+0	0.000000E+0	7.451867E-3	7.408194E-3	4.875375E-3
0.000000E+0	0.000000E+0	0.000000E+0	0.000000E+0	7.399986E-3	7.360849E-3	4.828040E-3
0.000000E+0	0.000000E+0	0.000000E+0	0.000000E+0	7.345848E-3	7.349576E-3	4.789721E-3
0.000000E+0	0.000000E+0	0.000000E+0	0.000000E+0	7.300734E-3	7.261648E-3	4.762672E-3
0.000000E+0	0.000000E+0	0.000000E+0	0.000000E+0	7.262387E-3	7.225575E-3	4.724353E-3
0.000000E+0	0.000000E+0	0.000000E+0	0.000000E+0	7.205994E-3	7.169211E-3	4.701813E-3
0.000000E+0	0.000000E+0	0.000000E+0	0.000000E+0	7.160880E-3	7.137647E-3	4.656732E-3
0.000000E+0	0.000000E+0	0.000000E+0	0.000000E+0	7.131555E-3	7.083537E-3	4.638699E-3
0.000000E+0	0.000000E+0	0.000000E+0	0.000000E+0	7.102231E-3	7.042955E-3	4.609397E-3
0.000000E+0	0.000000E+0	0.000000E+0	0.000000E+0	7.048094E-3	6.984336E-3	4.591364E-3
0.000000E+0	0.000000E+0	0.000000E+0	0.000000E+0	7.018770E-3	6.941500E-3	4.564316E-3
0.000000E+0	0.000000E+0	0.000000E+0	0.000000E+0	6.953354E-3	6.918954E-3	4.521489E-3
0.000000E+0	0.000000E+0	0.000000E+0	0.000000E+0	6.919518E-3	6.860335E-3	4.476408E-3
0.000000E+0	0.000000E+0	0.000000E+0	0.000000E+0	6.887938E-3	6.817499E-3	4.447105E-3
0.000000E+0	0.000000E+0	0.000000E+0	0.000000E+0	6.815755E-3	6.792699E-3	4.411040E-3
0.000000E+0	0.000000E+0	0.000000E+0	0.000000E+0	6.802221E-3	6.740844E-3	4.413294E-3
0.000000E+0	0.000000E+0	0.000000E+0	0.000000E+0	6.734550E-3	6.711534E-3	4.359197E-3
0.000000E+0	0.000000E+0	0.000000E+0	0.000000E+0	6.723271E-3	6.639388E-3	4.363705E-3
0.000000E+0	0.000000E+0	0.000000E+0	0.000000E+0	6.673645E-3	6.583024E-3	4.309608E-3
0.000000E+0	0.000000E+0	0.000000E+0	0.000000E+0	6.626275E-3	6.560478E-3	4.291576E-3
0.000000E+0	0.000000E+0	0.000000E+0	0.000000E+0	6.594695E-3	6.517642E-3	4.251003E-3
0.000000E+0	0.000000E+0	0.000000E+0	0.000000E+0	6.524768E-3	6.497351E-3	4.212684E-3
0.000000E+0	0.000000E+0	0.000000E+0	0.000000E+0	6.520257E-3	6.438732E-3	4.183381E-3
0.000000E+0	0.000000E+0	0.000000E+0	0.000000E+0	6.466120E-3	6.380113E-3	4.176619E-3
0.000000E+0	0.000000E+0	0.000000E+0	0.000000E+0	6.441307E-3	6.380113E-3	4.131538E-3
0.000000E+0	0.000000E+0	0.000000E+0	0.000000E+0	6.407471E-3	6.357568E-3	4.104489E-3
0.000000E+0	0.000000E+0	0.000000E+0	0.000000E+0	6.346567E-3	6.294440E-3	4.086457E-3
0.000000E+0	0.000000E+0	0.000000E+0	0.000000E+0	6.314987E-3	6.238076E-3	4.061663E-3
0.000000E+0	0.000000E+0	0.000000E+0	0.000000E+0	6.278895E-3	6.247094E-3	4.027852E-3
0.000000E+0	0.000000E+0	0.000000E+0	0.000000E+0	6.240548E-3	6.186221E-3	4.007565E-3
0.000000E+0	0.000000E+0	0.000000E+0	0.000000E+0	6.215735E-3	6.136621E-3	3.976009E-3
0.000000E+0	0.000000E+0	0.000000E+0	0.000000E+0	6.181900E-3	6.091529E-3	3.969247E-3
0.000000E+0	0.000000E+0	0.000000E+0	0.000000E+0	6.152575E-3	6.057711E-3	3.930928E-3
0.000000E+0	0.000000E+0	0.000000E+0	0.000000E+0	6.105205E-3	6.032911E-3	3.897117E-3
0.000000E+0	0.000000E+0	0.000000E+0	0.000000E+0	6.066858E-3	5.981056E-3	3.885847E-3
0.000000E+0	0.000000E+0	0.000000E+0	0.000000E+0	6.048812E-3	5.951746E-3	3.879085E-3
0.000000E+0	0.000000E+0	0.000000E+0	0.000000E+0	5.999187E-3	5.917928E-3	3.845274E-3
0.000000E+0	0.000000E+0	0.000000E+0	0.000000E+0	5.967607E-3	5.906655E-3	3.804701E-3
0.000000E+0	0.000000E+0	0.000000E+0	0.000000E+0	5.920237E-3	5.836764E-3	3.806955E-3
0.000000E+0	0.000000E+0	0.000000E+0	0.000000E+0	5.893168E-3	5.825491E-3	3.768636E-3
0.000000E+0	0.000000E+0	0.000000E+0	0.000000E+0	5.877378E-3	5.764618E-3	3.739333E-3
0.000000E+0	0.000000E+0	0.000000E+0	0.000000E+0	5.850310E-3	5.739817E-3	3.719047E-3
0.000000E+0	0.000000E+0	0.000000E+0	0.000000E+0	5.773615E-3	5.730799E-3	3.694252E-3
0.000000E+0	0.000000E+0	0.000000E+0	0.000000E+0	5.746547E-3	5.669926E-3	3.703269E-3
0.000000E+0	0.000000E+0	0.000000E+0	0.000000E+0	5.733012E-3	5.636107E-3	3.664950E-3
0.000000E+0	0.000000E+0	0.000000E+0	0.000000E+0	5.696921E-3	5.613562E-3	3.624377E-3
0.000000E+0	0.000000E+0	0.000000E+0	0.000000E+0	5.660830E-3	5.581998E-3	3.631139E-3
0.000000E+0	0.000000E+0	0.000000E+0	0.000000E+0	5.645040E-3	5.536907E-3	3.610853E-3
0.000000E+0	0.000000E+0	0.000000E+0	0.000000E+0	5.606692E-3	5.523379E-3	3.577042E-3
0.000000E+0	0.000000E+0	0.000000E+0	0.000000E+0	5.568345E-3	5.487306E-3	3.547739E-3
0.000000E+0	0.000000E+0	0.000000E+0	0.000000E+0	5.554811E-3	5.428688E-3	3.520691E-3
0.000000E+0	0.000000E+0	0.000000E+0	0.000000E+0	5.500674E-3	5.410651E-3	3.527453E-3
0.000000E+0	0.000000E+0	0.000000E+0	0.000000E+0	5.462327E-3	5.372323E-3	3.495896E-3
0.000000E+0	0.000000E+0	0.000000E+0	0.000000E+0	5.435258E-3	5.372323E-3	3.468847E-3
0.000000E+0	0.000000E+0	0.000000E+0	0.000000E+0	5.396911E-3	5.333996E-3	3.446307E-3
0.000000E+0	0.000000E+0	0.000000E+0	0.000000E+0	5.396911E-3	5.309196E-3	3.464339E-3
0.000000E+0	0.000000E+0	0.000000E+0	0.000000E+0	5.360819E-3	5.246068E-3	3.407988E-3
0.000000E+0	0.000000E+0	0.000000E+0	0.000000E+0	5.324728E-3	5.230286E-3	3.380939E-3
0.000000E+0	0.000000E+0	0.000000E+0	0.000000E+0	5.299915E-3	5.214504E-3	3.340367E-3
0.000000E+0	0.000000E+0	0.000000E+0	0.000000E+0	5.275102E-3	5.167158E-3	3.329096E-3
0.000000E+0	0.000000E+0	0.000000E+0	0.000000E+0	5.241267E-3	5.137849E-3	3.335858E-3
0.000000E+0	0.000000E+0	0.000000E+0	0.000000E+0	5.191641E-3	5.110794E-3	3.272745E-3
0.000000E+0	0.000000E+0	0.000000E+0	0.000000E+0	5.209687E-3	5.081485E-3	3.277253E-3
0.000000E+0	0.000000E+0	0.000000E+0	0.000000E+0	5.153294E-3	5.045412E-3	3.274999E-3
0.000000E+0	0.000000E+0	0.000000E+0	0.000000E+0	5.135248E-3	5.031884E-3	3.245696E-3
0.000000E+0	0.000000E+0	0.000000E+0	0.000000E+0	5.096901E-3	4.993557E-3	3.234426E-3
0.000000E+0	0.000000E+0	0.000000E+0	0.000000E+0	5.063065E-3	4.946211E-3	3.196107E-3
0.000000E+0	0.000000E+0	0.000000E+0	0.000000E+0	5.045019E-3	4.925920E-3	3.191599E-3
0.000000E+0	0.000000E+0	0.000000E+0	0.000000E+0	4.990882E-3	4.901120E-3	3.169059E-3
0.000000E+0	0.000000E+0	0.000000E+0	0.000000E+0	4.986371E-3	4.880829E-3	3.157789E-3
0.000000E+0	0.000000E+0	0.000000E+0	0.000000E+0	4.966069E-3	4.858283E-3	3.117216E-3
0.000000E+0	0.000000E+0	0.000000E+0	0.000000E+0	4.925467E-3	4.813192E-3	3.112708E-3
0.000000E+0	0.000000E+0	0.000000E+0	0.000000E+0	4.907421E-3	4.772610E-3	3.105945E-3
0.000000E+0	0.000000E+0	0.000000E+0	0.000000E+0	4.882608E-3	4.768100E-3	3.065373E-3
0.000000E+0	0.000000E+0	0.000000E+0	0.000000E+0	4.851028E-3	4.732027E-3	3.036070E-3
0.000000E+0	0.000000E+0	0.000000E+0	0.000000E+0	4.823959E-3	4.698209E-3	3.054102E-3
0.000000E+0	0.000000E+0	0.000000E+0	0.000000E+0	4.830727E-3	4.666645E-3	3.020292E-3
0.000000E+0	0.000000E+0	0.000000E+0	0.000000E+0	4.776589E-3	4.664390E-3	3.022546E-3
0.000000E+0	0.000000E+0	0.000000E+0	0.000000E+0	4.767567E-3	4.623808E-3	2.961686E-3
0.000000E+0	0.000000E+0	0.000000E+0	0.000000E+0	4.738242E-3	4.594499E-3	2.986481E-3
0.000000E+0	0.000000E+0	0.000000E+0	0.000000E+0	4.715685E-3	4.578717E-3	2.945908E-3
0.000000E+0	0.000000E+0	0.000000E+0	0.000000E+0	4.668315E-3	4.547153E-3	2.921113E-3
0.000000E+0	0.000000E+0	0.000000E+0	0.000000E+0	4.638991E-3	4.540389E-3	2.900827E-3
0.000000E+0	0.000000E+0	0.000000E+0	0.000000E+0	4.629968E-3	4.484025E-3	2.889557E-3
0.000000E+0	0.000000E+0	0.000000E+0	0.000000E+0	4.614178E-3	4.497553E-3	2.887303E-3
0.000000E+0	0.000000E+0	0.000000E+0	0.000000E+0	4.571319E-3	4.450207E-3	2.869270E-3
0.000000E+0	0.000000E+0	0.000000E+0	0.000000E+0	4.544251E-3	4.400607E-3	2.839968E-3
0.000000E+0	0.000000E+0	0.000000E+0	0.000000E+0	4.526205E-3	4.396097E-3	2.839968E-3
0.000000E+0	0.000000E+0	0.000000E+0	0.000000E+0	4.514927E-3	4.380315E-3	2.828697E-3
0.000000E+0	0.000000E+0	0.000000E+0	0.000000E+0	4.474324E-3	4.353261E-3	2.772346E-3
0.000000E+0	0.000000E+0	0.000000E+0	0.000000E+0	4.454022E-3	4.319442E-3	2.779108E-3
0.000000E+0	0.000000E+0	0.000000E+0	0.000000E+0	4.426954E-3	4.308169E-3	2.770092E-3
0.000000E+0	0.000000E+0	0.000000E+0	0.000000E+0	4.422442E-3	4.287878E-3	2.749806E-3
0.000000E+0	0.000000E+0	0.000000E+0	0.000000E+0	4.384095E-3	4.267587E-3	2.725011E-3
0.000000E+0	0.000000E+0	0.000000E+0	0.000000E+0	4.366049E-3	4.251805E-3	2.711487E-3
0.000000E+0	0.000000E+0	0.000000E+0	0.000000E+0	4.334469E-3	4.188678E-3	2.718249E-3
0.000000E+0	0.000000E+0	0.000000E+0	0.000000E+0	4.316424E-3	4.193187E-3	2.693454E-3
0.000000E+0	0.000000E+0	0.000000E+0	0.000000E+0	4.296122E-3	4.172896E-3	2.702470E-3
0.000000E+0	0.000000E+0	0.000000E+0	0.000000E+0	4.275821E-3	4.170641E-3	2.641611E-3
0.000000E+0	0.000000E+0	0.000000E+0	0.000000E+0	4.260031E-3	4.107513E-3	2.648373E-3
0.000000E+0	0.000000E+0	0.000000E+0	0.000000E+0	4.235218E-3	4.107513E-3	2.628087E-3
0.000000E+0	0.000000E+0	0.000000E+0	0.000000E+0	4.219428E-3	4.098495E-3	2.637103E-3
0.000000E+0	0.000000E+0	0.000000E+0	0.000000E+0	4.210405E-3	4.073695E-3	2.580752E-3
0.000000E+0	0.000000E+0	0.000000E+0	0.000000E+0	4.178825E-3	4.030858E-3	2.596530E-3
0.000000E+0	0.000000E+0	0.000000E+0	0.000000E+0	4.131455E-3	4.001549E-3	2.576244E-3
0.000000E+0	0.000000E+0	0.000000E+0	0.000000E+0	4.135966E-3	3.981258E-3	2.535671E-3
0.000000E+0	0.000000E+0	0.000000E+0	0.000000E+0	4.108898E-3	3.976749E-3	2.519892E-3
0.000000E+0	0.000000E+0	0.000000E+0	0.000000E+0	4.075062E-3	3.933912E-3	2.515384E-3
0.000000E+0	0.000000E+0	0.000000E+0	0.000000E+0	4.086341E-3	3.936166E-3	2.515384E-3
0.000000E+0	0.000000E+0	0.000000E+0	0.000000E+0	4.020925E-3	3.909112E-3	2.479320E-3
0.000000E+0	0.000000E+0	0.000000E+0	0.000000E+0	4.036715E-3	3.895584E-3	2.465795E-3
0.000000E+0	0.000000E+0	0.000000E+0	0.000000E+0	4.005135E-3	3.879802E-3	2.463541E-3
0.000000E+0	0.000000E+0	0.000000E+0	0.000000E+0	3.993856E-3	3.870784E-3	2.465795E-3
0.000000E+0	0.000000E+0	0.000000E+0	0.000000E+0	3.953254E-3	3.830202E-3	2.463541E-3
0.000000E+0	0.000000E+0	0.000000E+0	0.000000E+0	3.935208E-3	3.816675E-3	2.409444E-3
0.000000E+0	0.000000E+0	0.000000E+0	0.000000E+0	3.928441E-3	3.803147E-3	2.425222E-3
0.000000E+0	0.000000E+0	0.000000E+0	0.000000E+0	3.912651E-3	3.780602E-3	2.400428E-3
0.000000E+0	0.000000E+0	0.000000E+0	0.000000E+0	3.901372E-3	3.755801E-3	2.407190E-3
0.000000E+0	0.000000E+0	0.000000E+0	0.000000E+0	3.858514E-3	3.735510E-3	2.359855E-3
0.000000E+0	0.000000E+0	0.000000E+0	0.000000E+0	3.847235E-3	3.708456E-3	2.346331E-3
0.000000E+0	0.000000E+0	0.000000E+0	0.000000E+0	3.826934E-3	3.710710E-3	2.328298E-3
0.000000E+0	0.000000E+0	0.000000E+0	0.000000E+0	3.811144E-3	3.699437E-3	2.337314E-3
0.000000E+0	0.000000E+0	0.000000E+0	0.000000E+0	3.784075E-3	3.670128E-3	2.310266E-3
0.000000E+0	0.000000E+0	0.000000E+0	0.000000E+0	3.784075E-3	3.631800E-3	2.283217E-3
0.000000E+0	0.000000E+0	0.000000E+0	0.000000E+0	3.754751E-3	3.652091E-3	2.296742E-3
0.000000E+0	0.000000E+0	0.000000E+0	0.000000E+0	3.747984E-3	3.616018E-3	2.280963E-3
0.000000E+0	0.000000E+0	0.000000E+0	0.000000E+0	3.720915E-3	3.586709E-3	2.267439E-3
0.000000E+0	0.000000E+0	0.000000E+0	0.000000E+0	3.705125E-3	3.568673E-3	2.260677E-3
0.000000E+0	0.000000E+0	0.000000E+0	0.000000E+0	3.705125E-3	3.550636E-3	2.242644E-3
0.000000E+0	0.000000E+0	0.000000E+0	0.000000E+0	3.700614E-3	3.539363E-3	2.224612E-3
0.000000E+0	0.000000E+0	0.000000E+0	0.000000E+0	3.650988E-3	3.514563E-3	2.204325E-3
0.000000E+0	0.000000E+0	0.000000E+0	0.000000E+0	3.650988E-3	3.478490E-3	2.197563E-3
0.000000E+0	0.000000E+0	0.000000E+0	0.000000E+0	3.621664E-3	3.505545E-3	2.199817E-3
0.000000E+0	0.000000E+0	0.000000E+0	0.000000E+0	3.621664E-3	3.462708E-3	2.190801E-3
0.000000E+0	0.000000E+0	0.000000E+0	0.000000E+0	3.601362E-3	3.444672E-3	2.161499E-3
0.000000E+0	0.000000E+0	0.000000E+0	0.000000E+0	3.581061E-3	3.431144E-3	2.175023E-3
0.000000E+0	0.000000E+0	0.000000E+0	0.000000E+0	3.576549E-3	3.404089E-3	2.138958E-3
0.000000E+0	0.000000E+0	0.000000E+0	0.000000E+0	3.558504E-3	3.399580E-3	2.152482E-3
0.000000E+0	0.000000E+0	0.000000E+0	0.000000E+0	3.524668E-3	3.379289E-3	2.116418E-3
0.000000E+0	0.000000E+0	0.000000E+0	0.000000E+0	3.508878E-3	3.338707E-3	2.107401E-3
0.000000E+0	0.000000E+0	0.000000E+0	0.000000E+0	3.506622E-3	3.322925E-3	2.089369E-3
0.000000E+0	0.000000E+0	0.000000E+0	0.000000E+0	3.463764E-3	3.304889E-3	2.100639E-3
0.000000E+0	0.000000E+0	0.000000E+0	0.000000E+0	3.454741E-3	3.295870E-3	2.069082E-3
0.000000E+0	0.000000E+0	0.000000E+0	0.000000E+0	3.447974E-3	3.280088E-3	2.048796E-3
0.000000E+0	0.000000E+0	0.000000E+0	0.000000E+0	3.443462E-3	3.280088E-3	2.069082E-3
0.000000E+0	0.000000E+0	0.000000E+0	0.000000E+0	3.396092E-3	3.255288E-3	2.066828E-3
0.000000E+0	0.000000E+0	0.000000E+0	0.000000E+0	3.373535E-3	3.250779E-3	2.035272E-3
0.000000E+0	0.000000E+0	0.000000E+0	0.000000E+0	3.364512E-3	3.262052E-3	2.046542E-3
0.000000E+0	0.000000E+0	0.000000E+0	0.000000E+0	3.393836E-3	3.194415E-3	2.012731E-3
0.000000E+0	0.000000E+0	0.000000E+0	0.000000E+0	3.332932E-3	3.194415E-3	2.014985E-3
0.000000E+0	0.000000E+0	0.000000E+0	0.000000E+0	3.326165E-3	3.171869E-3	2.014985E-3
0.000000E+0	0.000000E+0	0.000000E+0	0.000000E+0	3.312631E-3	3.178633E-3	1.994699E-3
0.000000E+0	0.000000E+0	0.000000E+0	0.000000E+0	3.285562E-3	3.135796E-3	1.985683E-3
0.000000E+0	0.000000E+0	0.000000E+0	0.000000E+0	3.303608E-3	3.122269E-3	1.969904E-3
0.000000E+0	0.000000E+0	0.000000E+0	0.000000E+0	3.267516E-3	3.110996E-3	1.972158E-3
0.000000E+0	0.000000E+0	0.000000E+0	0.000000E+0	3.253982E-3	3.120014E-3	1.938348E-3
0.000000E+0	0.000000E+0	0.000000E+0	0.000000E+0	3.238192E-3	3.106487E-3	1.942856E-3
0.000000E+0	0.000000E+0	0.000000E+0	0.000000E+0	3.197589E-3	3.074923E-3	1.918061E-3
0.000000E+0	0.000000E+0	0.000000E+0	0.000000E+0	3.224658E-3	3.061396E-3	1.904537E-3
0.000000E+0	0.000000E+0	0.000000E+0	0.000000E+0	3.202101E-3	3.047868E-3	1.906791E-3
0.000000E+0	0.000000E+0	0.000000E+0	0.000000E+0	3.202101E-3	3.032086E-3	1.895521E-3
0.000000E+0	0.000000E+0	0.000000E+0	0.000000E+0	3.163754E-3	3.009541E-3	1.884250E-3
0.000000E+0	0.000000E+0	0.000000E+0	0.000000E+0	3.166009E-3	2.998268E-3	1.888758E-3
0.000000E+0	0.000000E+0	0.000000E+0	0.000000E+0	3.143452E-3	2.980232E-3	1.850440E-3
0.000000E+0	0.000000E+0	0.000000E+0	0.000000E+0	3.143452E-3	2.959940E-3	1.859456E-3
0.000000E+0	0.000000E+0	0.000000E+0	0.000000E+0	3.116384E-3	2.968959E-3	1.834661E-3
0.000000E+0	0.000000E+0	0.000000E+0	0.000000E+0	3.100594E-3	2.932886E-3	1.827899E-3
0.000000E+0	0.000000E+0	0.000000E+0	0.000000E+0	3.087059E-3	2.914849E-3	1.827899E-3
0.000000E+0	0.000000E+0	0.000000E+0	0.000000E+0	3.080292E-3	2.923867E-3	1.823391E-3
0.000000E+0	0.000000E+0	0.000000E+0	0.000000E+0	3.062246E-3	2.899067E-3	1.805359E-3
0.000000E+0	0.000000E+0	0.000000E+0	0.000000E+0	3.041945E-3	2.899067E-3	1.816629E-3
0.000000E+0	0.000000E+0	0.000000E+0	0.000000E+0	3.030666E-3	2.878776E-3	1.794088E-3
0.000000E+0	0.000000E+0	0.000000E+0	0.000000E+0	3.014876E-3	2.847212E-3	1.764786E-3
0.000000E+0	0.000000E+0	0.000000E+0	0.000000E+0	3.008109E-3	2.847212E-3	1.762532E-3
0.000000E+0	0.000000E+0	0.000000E+0	0.000000E+0	3.003598E-3	2.820157E-3	1.769294E-3
0.000000E+0	0.000000E+0	0.000000E+0	0.000000E+0	2.969762E-3	2.811139E-3	1.760278E-3
0.000000E+0	0.000000E+0	0.000000E+0	0.000000E+0	3.001342E-3	2.786339E-3	1.753515E-3
0.000000E+0	0.000000E+0	0.000000E+0	0.000000E+0	2.967506E-3	2.788594E-3	1.730975E-3
0.000000E+0	0.000000E+0	0.000000E+0	0.000000E+0	2.944949E-3	2.775066E-3	1.701672E-3
0.000000E+0	0.000000E+0	0.000000E+0	0.000000E+0	2.904346E-3	2.772812E-3	1.726467E-3
0.000000E+0	0.000000E+0	0.000000E+0	0.000000E+0	2.904346E-3	2.757030E-3	1.697164E-3
0.000000E+0	0.000000E+0	0.000000E+0	0.000000E+0	2.911113E-3	2.748011E-3	1.699418E-3
0.000000E+0	0.000000E+0	0.000000E+0	0.000000E+0	2.893068E-3	2.729975E-3	1.690402E-3
0.000000E+0	0.000000E+0	0.000000E+0	0.000000E+0	2.863743E-3	2.727720E-3	1.679132E-3
0.000000E+0	0.000000E+0	0.000000E+0	0.000000E+0	2.852465E-3	2.709684E-3	1.665608E-3
0.000000E+0	0.000000E+0	0.000000E+0	0.000000E+0	2.850209E-3	2.687138E-3	1.667862E-3
0.000000E+0	0.000000E+0	0.000000E+0	0.000000E+0	2.850209E-3	2.675865E-3	1.665608E-3
0.000000E+0	0.000000E+0	0.000000E+0	0.000000E+0	2.816373E-3	2.651065E-3	1.645321E-3
0.000000E+0	0.000000E+0	0.000000E+0	0.000000E+0	2.829908E-3	2.682629E-3	1.631797E-3
0.000000E+0	0.000000E+0	0.000000E+0	0.000000E+0	2.807351E-3	2.655574E-3	1.629543E-3
0.000000E+0	0.000000E+0	0.000000E+0	0.000000E+0	2.800583E-3	2.626265E-3	1.627289E-3
0.000000E+0	0.000000E+0	0.000000E+0	0.000000E+0	2.791561E-3	2.599210E-3	1.629543E-3
0.000000E+0	0.000000E+0	0.000000E+0	0.000000E+0	2.762236E-3	2.624010E-3	1.609256E-3
0.000000E+0	0.000000E+0	0.000000E+0	0.000000E+0	2.744191E-3	2.574410E-3	1.600240E-3
0.000000E+0	0.000000E+0	0.000000E+0	0.000000E+0	2.719378E-3	2.581174E-3	1.582208E-3
0.000000E+0	0.000000E+0	0.000000E+0	0.000000E+0	2.719378E-3	2.567646E-3	1.593478E-3
0.000000E+0	0.000000E+0	0.000000E+0	0.000000E+0	2.701332E-3	2.551864E-3	1.588970E-3
0.000000E+0	0.000000E+0	0.000000E+0	0.000000E+0	2.703588E-3	2.533828E-3	1.582208E-3
0.000000E+0	0.000000E+0	0.000000E+0	0.000000E+0	2.699076E-3	2.522555E-3	1.570937E-3
0.000000E+0	0.000000E+0	0.000000E+0	0.000000E+0	2.676519E-3	2.502264E-3	1.564175E-3
0.000000E+0	0.000000E+0	0.000000E+0	0.000000E+0	2.653962E-3	2.506773E-3	1.546143E-3
0.000000E+0	0.000000E+0	0.000000E+0	0.000000E+0	2.640428E-3	2.488737E-3	1.543889E-3
0.000000E+0	0.000000E+0	0.000000E+0	0.000000E+0	2.629149E-3	2.470700E-3	1.528111E-3
0.000000E+0	0.000000E+0	0.000000E+0	0.000000E+0	2.647195E-3	2.470700E-3	1.546143E-3
0.000000E+0	0.000000E+0	0.000000E+0	0.000000E+0	2.622382E-3	2.461682E-3	1.537127E-3
0.000000E+0	0.000000E+0	0.000000E+0	0.000000E+0	2.586291E-3	2.457173E-3	1.514586E-3
0.000000E+0	0.000000E+0	0.000000E+0	0.000000E+0	2.590802E-3	2.441391E-3	1.510078E-3
0.000000E+0	0.000000E+0	0.000000E+0	0.000000E+0	2.584035E-3	2.418845E-3	1.498808E-3
0.000000E+0	0.000000E+0	0.000000E+0	0.000000E+0	2.581779E-3	2.421100E-3	1.496554E-3
0.000000E+0	0.000000E+0	0.000000E+0	0.000000E+0	2.559222E-3	2.414336E-3	1.480775E-3
0.000000E+0	0.000000E+0	0.000000E+0	0.000000E+0	2.570501E-3	2.394045E-3	1.469505E-3
0.000000E+0	0.000000E+0	0.000000E+0	0.000000E+0	2.532153E-3	2.373754E-3	1.492046E-3
0.000000E+0	0.000000E+0	0.000000E+0	0.000000E+0	2.547943E-3	2.396300E-3	1.464997E-3
0.000000E+0	0.000000E+0	0.000000E+0	0.000000E+0	2.545688E-3	2.366990E-3	1.458235E-3
0.000000E+0	0.000000E+0	0.000000E+0	0.000000E+0	2.505085E-3	2.353463E-3	1.462743E-3
0.000000E+0	0.000000E+0	0.000000E+0	0.000000E+0	2.489295E-3	2.342190E-3	1.449219E-3
0.000000E+0	0.000000E+0	0.000000E+0	0.000000E+0	2.475761E-3	2.339935E-3	1.446965E-3
0.000000E+0	0.000000E+0	0.000000E+0	0.000000E+0	2.473505E-3	2.321899E-3	1.419916E-3
0.000000E+0	0.000000E+0	0.000000E+0	0.000000E+0	2.478016E-3	2.288081E-3	1.424424E-3
0.000000E+0	0.000000E+0	0.000000E+0	0.000000E+0	2.446436E-3	2.299353E-3	1.424424E-3
0.000000E+0	0.000000E+0	0.000000E+0	0.000000E+0	2.464482E-3	2.267789E-3	1.381597E-3
0.000000E+0	0.000000E+0	0.000000E+0	0.000000E+0	2.430646E-3	2.299353E-3	1.390613E-3
0.000000E+0	0.000000E+0	0.000000E+0	0.000000E+0	2.437413E-3	2.274553E-3	1.388359E-3
0.000000E+0	0.000000E+0	0.000000E+0	0.000000E+0	2.421623E-3	2.252007E-3	1.399630E-3
0.000000E+0	0.000000E+0	0.000000E+0	0.000000E+0	2.444181E-3	2.240735E-3	1.399630E-3
0.000000E+0	0.000000E+0	0.000000E+0	0.000000E+0	2.403578E-3	2.238480E-3	1.368073E-3
0.000000E+0	0.000000E+0	0.000000E+0	0.000000E+0	2.399066E-3	2.213680E-3	1.379343E-3
0.000000E+0	0.000000E+0	0.000000E+0	0.000000E+0	2.378765E-3	2.206916E-3	1.354549E-3
0.000000E+0	0.000000E+0	0.000000E+0	0.000000E+0	2.383276E-3	2.209171E-3	1.356803E-3
0.000000E+0	0.000000E+0	0.000000E+0	0.000000E+0	2.338162E-3	2.213680E-3	1.365819E-3
0.000000E+0	0.000000E+0	0.000000E+0	0.000000E+0	2.365231E-3	2.197898E-3	1.327500E-3
0.000000E+0	0.000000E+0	0.000000E+0	0.000000E+0	2.338162E-3	2.168589E-3	1.345532E-3
0.000000E+0	0.000000E+0	0.000000E+0	0.000000E+0	2.335906E-3	2.168589E-3	1.354549E-3
0.000000E+0	0.000000E+0	0.000000E+0	0.000000E+0	2.326883E-3	2.164080E-3	1.318484E-3
0.000000E+0	0.000000E+0	0.000000E+0	0.000000E+0	2.306582E-3	2.157316E-3	1.307214E-3
0.000000E+0	0.000000E+0	0.000000E+0	0.000000E+0	2.281769E-3	2.128007E-3	1.341024E-3
0.000000E+0	0.000000E+0	0.000000E+0	0.000000E+0	2.299815E-3	2.150552E-3	1.311722E-3
0.000000E+0	0.000000E+0	0.000000E+0	0.000000E+0	2.295303E-3	2.132516E-3	1.309468E-3
0.000000E+0	0.000000E+0	0.000000E+0	0.000000E+0	2.290792E-3	2.132516E-3	1.291435E-3
0.000000E+0	0.000000E+0	0.000000E+0	0.000000E+0	2.254701E-3	2.105461E-3	1.302706E-3
0.000000E+0	0.000000E+0	0.000000E+0	0.000000E+0	2.277258E-3	2.114479E-3	1.289181E-3
0.000000E+0	0.000000E+0	0.000000E+0	0.000000E+0	2.245678E-3	2.105461E-3	1.266641E-3
0.000000E+0	0.000000E+0	0.000000E+0	0.000000E+0	2.225376E-3	2.073897E-3	1.284673E-3
0.000000E+0	0.000000E+0	0.000000E+0	0.000000E+0	2.225376E-3	2.073897E-3	1.280165E-3
0.000000E+0	0.000000E+0	0.000000E+0	0.000000E+0	2.234399E-3	2.064879E-3	1.257625E-3
0.000000E+0	0.000000E+0	0.000000E+0	0.000000E+0	2.202819E-3	2.073897E-3	1.264387E-3
0.000000E+0	0.000000E+0	0.000000E+0	0.000000E+0	2.205075E-3	2.053606E-3	1.246354E-3
0.000000E+0	0.000000E+0	0.000000E+0	0.000000E+0	2.178006E-3	2.031060E-3	1.244100E-3
0.000000E+0	0.000000E+0	0.000000E+0	0.000000E+0	2.168983E-3	2.028806E-3	1.237338E-3
0.000000E+0	0.000000E+0	0.000000E+0	0.000000E+0	2.189285E-3	2.028806E-3	1.226068E-3
0.000000E+0	0.000000E+0	0.000000E+0	0.000000E+0	2.187029E-3	2.031060E-3	1.190003E-3
0.000000E+0	0.000000E+0	0.000000E+0	0.000000E+0	2.157705E-3	1.999496E-3	1.237338E-3
0.000000E+0	0.000000E+0	0.000000E+0	0.000000E+0	2.157705E-3	1.988224E-3	1.223814E-3
0.000000E+0	0.000000E+0	0.000000E+0	0.000000E+0	2.144171E-3	1.985969E-3	1.205781E-3
0.000000E+0	0.000000E+0	0.000000E+0	0.000000E+0	2.139659E-3	1.985969E-3	1.203527E-3
0.000000E+0	0.000000E+0	0.000000E+0	0.000000E+0	2.121613E-3	1.979205E-3	1.203527E-3
0.000000E+0	0.000000E+0	0.000000E+0	0.000000E+0	2.126125E-3	1.972442E-3	1.196765E-3
0.000000E+0	0.000000E+0	0.000000E+0	0.000000E+0	2.108079E-3	1.976951E-3	1.205781E-3
0.000000E+0	0.000000E+0	0.000000E+0	0.000000E+0	2.103568E-3	1.927350E-3	1.162954E-3
0.000000E+0	0.000000E+0	0.000000E+0	0.000000E+0	2.114846E-3	1.952151E-3	1.167463E-3
0.000000E+0	0.000000E+0	0.000000E+0	0.000000E+0	2.085522E-3	1.922841E-3	1.169717E-3
0.000000E+0	0.000000E+0	0.000000E+0	0.000000E+0	2.081011E-3	1.913823E-3	1.162954E-3
0.000000E+0	0.000000E+0	0.000000E+0	0.000000E+0	2.074243E-3	1.909314E-3	1.140414E-3
0.000000E+0	0.000000E+0	0.000000E+0	0.000000E+0	2.058453E-3	1.911568E-3	1.160700E-3
0.000000E+0	0.000000E+0	0.000000E+0	0.000000E+0	2.049431E-3	1.898041E-3	1.151684E-3
0.000000E+0	0.000000E+0	0.000000E+0	0.000000E+0	2.047175E-3	1.886768E-3	1.142668E-3
0.000000E+0	0.000000E+0	0.000000E+0	0.000000E+0	2.031385E-3	1.880005E-3	1.131398E-3
0.000000E+0	0.000000E+0	0.000000E+0	0.000000E+0	2.013339E-3	1.884514E-3	1.113365E-3
0.000000E+0	0.000000E+0	0.000000E+0	0.000000E+0	2.017851E-3	1.846186E-3	1.135906E-3
0.000000E+0	0.000000E+0	0.000000E+0	0.000000E+0	2.022362E-3	1.846186E-3	1.153938E-3
0.000000E+0	0.000000E+0	0.000000E+0	0.000000E+0	2.008828E-3	1.839422E-3	1.108857E-3
0.000000E+0	0.000000E+0	0.000000E+0	0.000000E+0	2.013339E-3	1.832659E-3	1.115619E-3
0.000000E+0	0.000000E+0	0.000000E+0	0.000000E+0	1.993038E-3	1.848441E-3	1.124636E-3
0.000000E+0	0.000000E+0	0.000000E+0	0.000000E+0	1.995293E-3	1.828150E-3	1.097587E-3
0.000000E+0	0.000000E+0	0.000000E+0	0.000000E+0	1.979503E-3	1.816877E-3	1.077301E-3
0.000000E+0	0.000000E+0	0.000000E+0	0.000000E+0	1.970481E-3	1.807858E-3	1.104349E-3
0.000000E+0	0.000000E+0	0.000000E+0	0.000000E+0	1.968225E-3	1.803349E-3	1.084063E-3
0.000000E+0	0.000000E+0	0.000000E+0	0.000000E+0	1.959202E-3	1.812368E-3	1.081809E-3
0.000000E+0	0.000000E+0	0.000000E+0	0.000000E+0	1.952435E-3	1.787567E-3	1.086317E-3
0.000000E+0	0.000000E+0	0.000000E+0	0.000000E+0	1.932133E-3	1.753749E-3	1.075047E-3
0.000000E+0	0.000000E+0	0.000000E+0	0.000000E+0	1.950179E-3	1.783058E-3	1.081809E-3
0.000000E+0	0.000000E+0	0.000000E+0	0.000000E+0	1.898298E-3	1.769531E-3	1.066030E-3
0.000000E+0	0.000000E+0	0.000000E+0	0.000000E+0	1.909576E-3	1.756004E-3	1.063776E-3
0.000000E+0	0.000000E+0	0.000000E+0	0.000000E+0	1.927622E-3	1.760513E-3	1.045744E-3
0.000000E+0	0.000000E+0	0.000000E+0	0.000000E+0	1.898298E-3	1.731203E-3	1.047998E-3
0.000000E+0	0.000000E+0	0.000000E+0	0.000000E+0	1.889275E-3	1.722185E-3	1.047998E-3
0.000000E+0	0.000000E+0	0.000000E+0	0.000000E+0	1.898298E-3	1.735712E-3	1.029966E-3
0.000000E+0	0.000000E+0	0.000000E+0	0.000000E+0	1.875741E-3	1.715421E-3	1.045744E-3
0.000000E+0	0.000000E+0	0.000000E+0	0.000000E+0	1.893786E-3	1.713167E-3	1.045744E-3
0.000000E+0	0.000000E+0	0.000000E+0	0.000000E+0	1.891531E-3	1.701894E-3	1.009679E-3
0.000000E+0	0.000000E+0	0.000000E+0	0.000000E+0	1.846416E-3	1.697385E-3	1.009679E-3
0.000000E+0	0.000000E+0	0.000000E+0	0.000000E+0	1.862206E-3	1.699639E-3	1.023203E-3
0.000000E+0	0.000000E+0	0.000000E+0	0.000000E+0	1.857695E-3	1.692876E-3	1.027711E-3
0.000000E+0	0.000000E+0	0.000000E+0	0.000000E+0	1.841905E-3	1.708658E-3	1.009679E-3
0.000000E+0	0.000000E+0	0.000000E+0	0.000000E+0	1.846416E-3	1.661312E-3	1.000663E-3
0.000000E+0	0.000000E+0	0.000000E+0	0.000000E+0	1.826115E-3	1.665821E-3	9.893926E-4
0.000000E+0	0.000000E+0	0.000000E+0	0.000000E+0	1.828371E-3	1.647784E-3	9.871386E-4
0.000000E+0	0.000000E+0	0.000000E+0	0.000000E+0	1.819348E-3	1.661312E-3	1.000663E-3
0.000000E+0	0.000000E+0	0.000000E+0	0.000000E+0	1.808069E-3	1.654548E-3	9.736143E-4
0.000000E+0	0.000000E+0	0.000000E+0	0.000000E+0	1.783256E-3	1.656803E-3	9.668521E-4
0.000000E+0	0.000000E+0	0.000000E+0	0.000000E+0	1.801302E-3	1.629748E-3	9.691062E-4
0.000000E+0	0.000000E+0	0.000000E+0	0.000000E+0	1.794535E-3	1.627493E-3	9.533278E-4
0.000000E+0	0.000000E+0	0.000000E+0	0.000000E+0	1.781001E-3	1.611711E-3	9.623440E-4
0.000000E+0	0.000000E+0	0.000000E+0	0.000000E+0	1.787768E-3	1.600439E-3	9.713602E-4
0.000000E+0	0.000000E+0	0.000000E+0	0.000000E+0	1.778745E-3	1.622984E-3	9.443116E-4
0.000000E+0	0.000000E+0	0.000000E+0	0.000000E+0	1.753932E-3	1.602693E-3	9.645981E-4
0.000000E+0	0.000000E+0	0.000000E+0	0.000000E+0	1.735886E-3	1.593675E-3	9.420576E-4
0.000000E+0	0.000000E+0	0.000000E+0	0.000000E+0	1.749421E-3	1.589166E-3	9.330414E-4
0.000000E+0	0.000000E+0	0.000000E+0	0.000000E+0	1.753932E-3	1.586911E-3	9.262792E-4
0.000000E+0	0.000000E+0	0.000000E+0	0.000000E+0	1.717841E-3	1.582402E-3	9.352954E-4
0.000000E+0	0.000000E+0	0.000000E+0	0.000000E+0	1.724608E-3	1.580148E-3	9.240252E-4
0.000000E+0	0.000000E+0	0.000000E+0	0.000000E+0	1.744909E-3	1.571129E-3	9.262792E-4
0.000000E+0	0.000000E+0	0.000000E+0	0.000000E+0	1.713329E-3	1.566620E-3	9.037387E-4
0.000000E+0	0.000000E+0	0.000000E+0	0.000000E+0	1.711073E-3	1.541820E-3	9.127549E-4
0.000000E+0	0.000000E+0	0.000000E+0	0.000000E+0	1.693028E-3	1.548584E-3	9.307873E-4
0.000000E+0	0.000000E+0	0.000000E+0	0.000000E+0	1.688516E-3	1.539565E-3	8.947225E-4
0.000000E+0	0.000000E+0	0.000000E+0	0.000000E+0	1.711073E-3	1.530547E-3	9.037387E-4
0.000000E+0	0.000000E+0	0.000000E+0	0.000000E+0	1.690772E-3	1.526038E-3	9.127549E-4
0.000000E+0	0.000000E+0	0.000000E+0	0.000000E+0	1.677238E-3	1.503492E-3	8.902144E-4
0.000000E+0	0.000000E+0	0.000000E+0	0.000000E+0	1.665959E-3	1.530547E-3	8.811982E-4
0.000000E+0	0.000000E+0	0.000000E+0	0.000000E+0	1.663703E-3	1.523783E-3	8.834523E-4
0.000000E+0	0.000000E+0	0.000000E+0	0.000000E+0	1.668215E-3	1.521529E-3	9.014847E-4
0.000000E+0	0.000000E+0	0.000000E+0	0.000000E+0	1.645658E-3	1.501238E-3	8.766901E-4
0.000000E+0	0.000000E+0	0.000000E+0	0.000000E+0	1.641146E-3	1.498983E-3	8.766901E-4
0.000000E+0	0.000000E+0	0.000000E+0	0.000000E+0	1.654681E-3	1.498983E-3	8.676739E-4
0.000000E+0	0.000000E+0	0.000000E+0	0.000000E+0	1.641146E-3	1.489965E-3	8.766901E-4
0.000000E+0	0.000000E+0	0.000000E+0	0.000000E+0	1.641146E-3	1.498983E-3	8.654199E-4
0.000000E+0	0.000000E+0	0.000000E+0	0.000000E+0	1.620845E-3	1.496729E-3	8.406253E-4
0.000000E+0	0.000000E+0	0.000000E+0	0.000000E+0	1.625356E-3	1.494474E-3	8.654199E-4
0.000000E+0	0.000000E+0	0.000000E+0	0.000000E+0	1.600543E-3	1.462910E-3	8.699280E-4
0.000000E+0	0.000000E+0	0.000000E+0	0.000000E+0	1.629868E-3	1.460656E-3	8.361172E-4
0.000000E+0	0.000000E+0	0.000000E+0	0.000000E+0	1.607311E-3	1.426837E-3	8.586577E-4
0.000000E+0	0.000000E+0	0.000000E+0	0.000000E+0	1.609566E-3	1.438110E-3	8.248470E-4
0.000000E+0	0.000000E+0	0.000000E+0	0.000000E+0	1.584753E-3	1.444874E-3	8.428794E-4
0.000000E+0	0.000000E+0	0.000000E+0	0.000000E+0	1.596032E-3	1.433601E-3	8.316091E-4
0.000000E+0	0.000000E+0	0.000000E+0	0.000000E+0	1.582498E-3	1.451637E-3	8.338632E-4
0.000000E+0	0.000000E+0	0.000000E+0	0.000000E+0	1.575731E-3	1.435856E-3	8.225929E-4
0.000000E+0	0.000000E+0	0.000000E+0	0.000000E+0	1.573475E-3	1.435856E-3	8.045605E-4
0.000000E+0	0.000000E+0	0.000000E+0	0.000000E+0	1.573475E-3	1.420074E-3	8.045605E-4
0.000000E+0	0.000000E+0	0.000000E+0	0.000000E+0	1.564452E-3	1.413310E-3	8.203389E-4
0.000000E+0	0.000000E+0	0.000000E+0	0.000000E+0	1.555429E-3	1.399782E-3	7.977984E-4
0.000000E+0	0.000000E+0	0.000000E+0	0.000000E+0	1.544151E-3	1.386255E-3	8.023065E-4
0.000000E+0	0.000000E+0	0.000000E+0	0.000000E+0	1.539639E-3	1.381746E-3	8.113227E-4
0.000000E+0	0.000000E+0	0.000000E+0	0.000000E+0	1.539639E-3	1.388510E-3	8.068146E-4
0.000000E+0	0.000000E+0	0.000000E+0	0.000000E+0	1.562196E-3	1.406546E-3	7.955443E-4
0.000000E+0	0.000000E+0	0.000000E+0	0.000000E+0	1.505803E-3	1.363709E-3	7.775119E-4
0.000000E+0	0.000000E+0	0.000000E+0	0.000000E+0	1.519338E-3	1.361455E-3	7.932903E-4
0.000000E+0	0.000000E+0	0.000000E+0	0.000000E+0	1.537383E-3	1.370473E-3	7.684957E-4
0.000000E+0	0.000000E+0	0.000000E+0	0.000000E+0	1.510315E-3	1.363709E-3	7.842741E-4
0.000000E+0	0.000000E+0	0.000000E+0	0.000000E+0	1.501292E-3	1.370473E-3	7.617336E-4
0.000000E+0	0.000000E+0	0.000000E+0	0.000000E+0	1.503548E-3	1.374982E-3	7.842741E-4
0.000000E+0	0.000000E+0	0.000000E+0	0.000000E+0	1.480991E-3	1.359200E-3	7.617336E-4
0.000000E+0	0.000000E+0	0.000000E+0	0.000000E+0	1.499036E-3	1.338909E-3	7.504633E-4
0.000000E+0	0.000000E+0	0.000000E+0	0.000000E+0	1.494525E-3	1.325382E-3	7.527174E-4
0.000000E+0	0.000000E+0	0.000000E+0	0.000000E+0	1.483246E-3	1.323127E-3	7.684957E-4
0.000000E+0	0.000000E+0	0.000000E+0	0.000000E+0	1.480991E-3	1.341164E-3	7.617336E-4
0.000000E+0	0.000000E+0	0.000000E+0	0.000000E+0	1.449410E-3	1.334400E-3	7.684957E-4
0.000000E+0	0.000000E+0	0.000000E+0	0.000000E+0	1.476479E-3	1.325382E-3	7.324309E-4
0.000000E+0	0.000000E+0	0.000000E+0	0.000000E+0	1.449410E-3	1.338909E-3	7.572255E-4
0.000000E+0	0.000000E+0	0.000000E+0	0.000000E+0	1.476479E-3	1.298327E-3	7.482093E-4
0.000000E+0	0.000000E+0	0.000000E+0	0.000000E+0	1.458433E-3	1.300582E-3	7.369390E-4
0.000000E+0	0.000000E+0	0.000000E+0	0.000000E+0	1.460689E-3	1.309600E-3	7.143985E-4
0.000000E+0	0.000000E+0	0.000000E+0	0.000000E+0	1.435876E-3	1.287054E-3	7.256688E-4
0.000000E+0	0.000000E+0	0.000000E+0	0.000000E+0	1.438132E-3	1.305091E-3	7.256688E-4
0.000000E+0	0.000000E+0	0.000000E+0	0.000000E+0	1.438132E-3	1.273527E-3	7.166526E-4
0.000000E+0	0.000000E+0	0.000000E+0	0.000000E+0	1.404296E-3	1.284800E-3	6.986202E-4
0.000000E+0	0.000000E+0	0.000000E+0	0.000000E+0	1.422342E-3	1.257745E-3	7.098904E-4
0.000000E+0	0.000000E+0	0.000000E+0	0.000000E+0	1.422342E-3	1.248727E-3	7.211607E-4
0.000000E+0	0.000000E+0	0.000000E+0	0.000000E+0	1.444899E-3	1.260000E-3	6.850959E-4
0.000000E+0	0.000000E+0	0.000000E+0	0.000000E+0	1.397529E-3	1.260000E-3	7.053823E-4
0.000000E+0	0.000000E+0	0.000000E+0	0.000000E+0	1.404296E-3	1.244218E-3	6.941121E-4
0.000000E+0	0.000000E+0	0.000000E+0	0.000000E+0	1.393018E-3	1.235199E-3	7.234147E-4
0.000000E+0	0.000000E+0	0.000000E+0	0.000000E+0	1.386250E-3	1.248727E-3	6.896040E-4
0.000000E+0	0.000000E+0	0.000000E+0	0.000000E+0	1.406552E-3	1.257745E-3	7.076364E-4
0.000000E+0	0.000000E+0	0.000000E+0	0.000000E+0	1.374972E-3	1.269018E-3	6.693175E-4
0.000000E+0	0.000000E+0	0.000000E+0	0.000000E+0	1.386250E-3	1.241963E-3	6.963661E-4
0.000000E+0	0.000000E+0	0.000000E+0	0.000000E+0	1.383995E-3	1.223927E-3	6.738256E-4
0.000000E+0	0.000000E+0	0.000000E+0	0.000000E+0	1.356926E-3	1.221672E-3	6.670635E-4
0.000000E+0	0.000000E+0	0.000000E+0	0.000000E+0	1.365949E-3	1.208145E-3	6.693175E-4
0.000000E+0	0.000000E+0	0.000000E+0	0.000000E+0	1.361438E-3	1.219417E-3	6.805878E-4
0.000000E+0	0.000000E+0	0.000000E+0	0.000000E+0	1.368205E-3	1.223927E-3	6.670635E-4
0.000000E+0	0.000000E+0	0.000000E+0	0.000000E+0	1.354670E-3	1.194617E-3	6.512851E-4
0.000000E+0	0.000000E+0	0.000000E+0	0.000000E+0	1.356926E-3	1.199126E-3	6.535392E-4
0.000000E+0	0.000000E+0	0.000000E+0	0.000000E+0	1.361438E-3	1.185599E-3	6.557932E-4
0.000000E+0	0.000000E+0	0.000000E+0	0.000000E+0	1.338880E-3	1.185599E-3	6.625554E-4
0.000000E+0	0.000000E+0	0.000000E+0	0.000000E+0	1.334369E-3	1.192363E-3	6.467770E-4
0.000000E+0	0.000000E+0	0.000000E+0	0.000000E+0	1.345648E-3	1.183344E-3	6.309987E-4
0.000000E+0	0.000000E+0	0.000000E+0	0.000000E+0	1.309556E-3	1.178835E-3	6.467770E-4
0.000000E+0	0.000000E+0	0.000000E+0	0.000000E+0	1.323090E-3	1.178835E-3	6.490311E-4
0.000000E+0	0.000000E+0	0.000000E+0	0.000000E+0	1.325346E-3	1.178835E-3	6.039501E-4
0.000000E+0	0.000000E+0	0.000000E+0	0.000000E+0	1.314068E-3	1.165308E-3	6.490311E-4
0.000000E+0	0.000000E+0	0.000000E+0	0.000000E+0	1.309556E-3	1.131489E-3	6.535392E-4
0.000000E+0	0.000000E+0	0.000000E+0	0.000000E+0	1.318579E-3	1.145017E-3	6.242365E-4
0.000000E+0	0.000000E+0	0.000000E+0	0.000000E+0	1.302789E-3	1.151781E-3	6.152203E-4
0.000000E+0	0.000000E+0	0.000000E+0	0.000000E+0	1.305045E-3	1.138253E-3	6.355068E-4
0.000000E+0	0.000000E+0	0.000000E+0	0.000000E+0	1.275720E-3	1.142762E-3	6.467770E-4
0.000000E+0	0.000000E+0	0.000000E+0	0.000000E+0	1.289255E-3	1.129235E-3	6.422689E-4
0.000000E+0	0.000000E+0	0.000000E+0	0.000000E+0	1.257675E-3	1.140508E-3	6.197284E-4
0.000000E+0	0.000000E+0	0.000000E+0	0.000000E+0	1.271209E-3	1.138253E-3	5.926798E-4
0.000000E+0	0.000000E+0	0.000000E+0	0.000000E+0	1.271209E-3	1.122471E-3	6.377608E-4
0.000000E+0	0.000000E+0	0.000000E+0	0.000000E+0	1.255419E-3	1.104435E-3	6.219825E-4
0.000000E+0	0.000000E+0	0.000000E+0	0.000000E+0	1.268953E-3	1.113453E-3	6.016960E-4
0.000000E+0	0.000000E+0	0.000000E+0	0.000000E+0	1.268953E-3	1.108944E-3	6.062041E-4
0.000000E+0	0.000000E+0	0.000000E+0	0.000000E+0	1.262186E-3	1.086398E-3	5.859177E-4
0.000000E+0	0.000000E+0	0.000000E+0	0.000000E+0	1.257675E-3	1.113453E-3	6.062041E-4
0.000000E+0	0.000000E+0	0.000000E+0	0.000000E+0	1.210305E-3	1.113453E-3	5.769015E-4
0.000000E+0	0.000000E+0	0.000000E+0	0.000000E+0	1.255419E-3	1.093162E-3	5.971879E-4
0.000000E+0	0.000000E+0	0.000000E+0	0.000000E+0	1.232862E-3	1.059343E-3	5.769015E-4
0.000000E+0	0.000000E+0	0.000000E+0	0.000000E+0	1.255419E-3	1.072871E-3	5.949339E-4
0.000000E+0	0.000000E+0	0.000000E+0	0.000000E+0	1.232862E-3	1.084144E-3	5.836636E-4
0.000000E+0	0.000000E+0	0.000000E+0	0.000000E+0	1.232862E-3	1.075125E-3	5.611231E-4
0.000000E+0	0.000000E+0	0.000000E+0	0.000000E+0	1.214816E-3	1.077380E-3	5.723934E-4
0.000000E+0	0.000000E+0	0.000000E+0	0.000000E+0	1.230606E-3	1.066107E-3	5.814096E-4
0.000000E+0	0.000000E+0	0.000000E+0	0.000000E+0	1.208049E-3	1.086398E-3	5.701393E-4
0.000000E+0	0.000000E+0	0.000000E+0	0.000000E+0	1.221583E-3	1.059343E-3	5.521070E-4
0.000000E+0	0.000000E+0	0.000000E+0	0.000000E+0	1.208049E-3	1.061598E-3	5.588691E-4
0.000000E+0	0.000000E+0	0.000000E+0	0.000000E+0	1.192259E-3	1.059343E-3	5.656312E-4
0.000000E+0	0.000000E+0	0.000000E+0	0.000000E+0	1.205793E-3	1.043561E-3	5.498529E-4
0.000000E+0	0.000000E+0	0.000000E+0	0.000000E+0	1.201282E-3	1.041307E-3	5.498529E-4
0.000000E+0	0.000000E+0	0.000000E+0	0.000000E+0	1.187748E-3	1.059343E-3	5.543610E-4
0.000000E+0	0.000000E+0	0.000000E+0	0.000000E+0	1.192259E-3	1.054834E-3	5.611231E-4
0.000000E+0	0.000000E+0	0.000000E+0	0.000000E+0	1.185492E-3	1.043561E-3	5.521070E-4
0.000000E+0	0.000000E+0	0.000000E+0	0.000000E+0	1.176469E-3	1.018761E-3	5.228043E-4
0.000000E+0	0.000000E+0	0.000000E+0	0.000000E+0	1.156168E-3	1.023270E-3	5.566151E-4
0.000000E+0	0.000000E+0	0.000000E+0	0.000000E+0	1.185492E-3	1.023270E-3	5.566151E-4
0.000000E+0	0.000000E+0	0.000000E+0	0.000000E+0	1.169702E-3	1.002979E-3	5.363286E-4
0.000000E+0	0.000000E+0	0.000000E+0	0.000000E+0	1.171958E-3	1.018761E-3	5.273124E-4
