This is a C(T) experiment being done in Physics 350.
It records the decay response of an RC circuit where the capacitance is a strong function of temperature.

3/4/2017
1:35 PM

Start temp = 40.0
Temp step = 10.0
End temp = 60.0
Num temps = 3
Num avg cycles = 30
Num points per meas = 1000
Meas time interval = 1.000000E-5

DDD

3.000000E+1	3.000000E+0	4.000000E+1	1.062439E-8	1.000000E+0	1.000000E+0	1.000000E+0
1.000000E+3	0.000000E+0	5.000000E+1	1.001481E-8	9.902918E-1	9.897197E-1	9.886016E-1
1.000000E-5	0.000000E+0	6.000000E+1	9.006752E-9	9.806991E-1	9.795664E-1	9.773372E-1
0.000000E+0	0.000000E+0	0.000000E+0	0.000000E+0	9.711826E-1	9.695032E-1	9.662138E-1
0.000000E+0	0.000000E+0	0.000000E+0	0.000000E+0	9.618139E-1	9.595670E-1	9.552081E-1
0.000000E+0	0.000000E+0	0.000000E+0	0.000000E+0	9.525330E-1	9.497555E-1	9.443988E-1
0.000000E+0	0.000000E+0	0.000000E+0	0.000000E+0	9.433676E-1	9.400942E-1	9.337374E-1
0.000000E+0	0.000000E+0	0.000000E+0	0.000000E+0	9.343039E-1	9.304721E-1	9.231476E-1
0.000000E+0	0.000000E+0	0.000000E+0	0.000000E+0	9.253002E-1	9.209817E-1	9.126987E-1
0.000000E+0	0.000000E+0	0.000000E+0	0.000000E+0	9.164351E-1	9.116553E-1	9.024346E-1
0.000000E+0	0.000000E+0	0.000000E+0	0.000000E+0	9.076185E-1	9.024028E-1	8.922491E-1
0.000000E+0	0.000000E+0	0.000000E+0	0.000000E+0	8.989197E-1	8.932034E-1	8.821930E-1
0.000000E+0	0.000000E+0	0.000000E+0	0.000000E+0	8.903156E-1	8.841218E-1	8.722662E-1
0.000000E+0	0.000000E+0	0.000000E+0	0.000000E+0	8.817831E-1	8.752111E-1	8.624872E-1
0.000000E+0	0.000000E+0	0.000000E+0	0.000000E+0	8.733892E-1	8.663374E-1	8.528238E-1
0.000000E+0	0.000000E+0	0.000000E+0	0.000000E+0	8.650323E-1	8.575491E-1	8.432159E-1
0.000000E+0	0.000000E+0	0.000000E+0	0.000000E+0	8.567746E-1	8.488879E-1	8.337604E-1
0.000000E+0	0.000000E+0	0.000000E+0	0.000000E+0	8.485863E-1	8.403283E-1	8.244319E-1
0.000000E+0	0.000000E+0	0.000000E+0	0.000000E+0	8.405297E-1	8.318565E-1	8.152051E-1
0.000000E+0	0.000000E+0	0.000000E+0	0.000000E+0	8.325146E-1	8.234655E-1	8.060777E-1
0.000000E+0	0.000000E+0	0.000000E+0	0.000000E+0	8.245919E-1	8.151230E-1	7.970657E-1
0.000000E+0	0.000000E+0	0.000000E+0	0.000000E+0	8.167454E-1	8.069491E-1	7.881762E-1
0.000000E+0	0.000000E+0	0.000000E+0	0.000000E+0	8.089891E-1	7.988307E-1	7.794045E-1
0.000000E+0	0.000000E+0	0.000000E+0	0.000000E+0	8.012997E-1	7.907723E-1	7.707137E-1
0.000000E+0	0.000000E+0	0.000000E+0	0.000000E+0	7.936842E-1	7.828086E-1	7.621038E-1
0.000000E+0	0.000000E+0	0.000000E+0	0.000000E+0	7.861773E-1	7.749557E-1	7.536093E-1
0.000000E+0	0.000000E+0	0.000000E+0	0.000000E+0	7.786958E-1	7.671999E-1	7.452627E-1
0.000000E+0	0.000000E+0	0.000000E+0	0.000000E+0	7.713367E-1	7.595018E-1	7.369623E-1
0.000000E+0	0.000000E+0	0.000000E+0	0.000000E+0	7.640331E-1	7.518568E-1	7.287289E-1
0.000000E+0	0.000000E+0	0.000000E+0	0.000000E+0	7.567987E-1	7.443389E-1	7.206595E-1
0.000000E+0	0.000000E+0	0.000000E+0	0.000000E+0	7.496614E-1	7.369018E-1	7.126779E-1
0.000000E+0	0.000000E+0	0.000000E+0	0.000000E+0	7.425725E-1	7.295363E-1	7.047610E-1
0.000000E+0	0.000000E+0	0.000000E+0	0.000000E+0	7.355484E-1	7.222078E-1	6.969457E-1
0.000000E+0	0.000000E+0	0.000000E+0	0.000000E+0	7.285727E-1	7.150086E-1	6.892113E-1
0.000000E+0	0.000000E+0	0.000000E+0	0.000000E+0	7.217403E-1	7.078741E-1	6.815924E-1
0.000000E+0	0.000000E+0	0.000000E+0	0.000000E+0	7.149379E-1	7.008088E-1	6.740497E-1
0.000000E+0	0.000000E+0	0.000000E+0	0.000000E+0	7.081863E-1	6.937921E-1	6.665856E-1
0.000000E+0	0.000000E+0	0.000000E+0	0.000000E+0	7.015225E-1	6.868909E-1	6.592047E-1
0.000000E+0	0.000000E+0	0.000000E+0	0.000000E+0	6.949049E-1	6.800450E-1	6.519508E-1
0.000000E+0	0.000000E+0	0.000000E+0	0.000000E+0	6.883842E-1	6.732755E-1	6.447547E-1
0.000000E+0	0.000000E+0	0.000000E+0	0.000000E+0	6.818914E-1	6.665405E-1	6.376186E-1
0.000000E+0	0.000000E+0	0.000000E+0	0.000000E+0	6.754724E-1	6.599395E-1	6.305634E-1
0.000000E+0	0.000000E+0	0.000000E+0	0.000000E+0	6.691527E-1	6.533801E-1	6.236514E-1
0.000000E+0	0.000000E+0	0.000000E+0	0.000000E+0	6.628700E-1	6.468831E-1	6.167741E-1
0.000000E+0	0.000000E+0	0.000000E+0	0.000000E+0	6.566405E-1	6.404253E-1	6.099706E-1
0.000000E+0	0.000000E+0	0.000000E+0	0.000000E+0	6.504617E-1	6.340783E-1	6.032412E-1
0.000000E+0	0.000000E+0	0.000000E+0	0.000000E+0	6.443869E-1	6.278123E-1	5.966041E-1
0.000000E+0	0.000000E+0	0.000000E+0	0.000000E+0	6.383467E-1	6.215785E-1	5.900571E-1
0.000000E+0	0.000000E+0	0.000000E+0	0.000000E+0	6.323389E-1	6.154071E-1	5.835795E-1
0.000000E+0	0.000000E+0	0.000000E+0	0.000000E+0	6.264489E-1	6.092681E-1	5.771411E-1
0.000000E+0	0.000000E+0	0.000000E+0	0.000000E+0	6.205797E-1	6.032745E-1	5.708182E-1
0.000000E+0	0.000000E+0	0.000000E+0	0.000000E+0	6.147936E-1	5.972671E-1	5.645553E-1
0.000000E+0	0.000000E+0	0.000000E+0	0.000000E+0	6.090629E-1	5.913613E-1	5.583457E-1
0.000000E+0	0.000000E+0	0.000000E+0	0.000000E+0	6.033300E-1	5.854902E-1	5.522030E-1
0.000000E+0	0.000000E+0	0.000000E+0	0.000000E+0	5.977241E-1	5.797230E-1	5.461550E-1
0.000000E+0	0.000000E+0	0.000000E+0	0.000000E+0	5.921436E-1	5.739789E-1	5.401694E-1
0.000000E+0	0.000000E+0	0.000000E+0	0.000000E+0	5.866231E-1	5.683087E-1	5.342554E-1
0.000000E+0	0.000000E+0	0.000000E+0	0.000000E+0	5.811142E-1	5.626824E-1	5.283553E-1
0.000000E+0	0.000000E+0	0.000000E+0	0.000000E+0	5.757324E-1	5.571670E-1	5.225914E-1
0.000000E+0	0.000000E+0	0.000000E+0	0.000000E+0	5.703551E-1	5.516562E-1	5.168854E-1
0.000000E+0	0.000000E+0	0.000000E+0	0.000000E+0	5.650333E-1	5.461962E-1	5.112278E-1
0.000000E+0	0.000000E+0	0.000000E+0	0.000000E+0	5.597531E-1	5.408054E-1	5.056211E-1
0.000000E+0	0.000000E+0	0.000000E+0	0.000000E+0	5.545606E-1	5.354840E-1	5.000836E-1
0.000000E+0	0.000000E+0	0.000000E+0	0.000000E+0	5.494098E-1	5.302065E-1	4.946571E-1
0.000000E+0	0.000000E+0	0.000000E+0	0.000000E+0	5.442982E-1	5.249820E-1	4.892560E-1
0.000000E+0	0.000000E+0	0.000000E+0	0.000000E+0	5.392120E-1	5.197853E-1	4.838756E-1
0.000000E+0	0.000000E+0	0.000000E+0	0.000000E+0	5.342066E-1	5.146787E-1	4.785923E-1
0.000000E+0	0.000000E+0	0.000000E+0	0.000000E+0	5.292428E-1	5.096136E-1	4.733875E-1
0.000000E+0	0.000000E+0	0.000000E+0	0.000000E+0	5.243322E-1	5.046248E-1	4.682244E-1
0.000000E+0	0.000000E+0	0.000000E+0	0.000000E+0	5.194631E-1	4.996452E-1	4.630912E-1
0.000000E+0	0.000000E+0	0.000000E+0	0.000000E+0	5.146379E-1	4.947695E-1	4.580528E-1
0.000000E+0	0.000000E+0	0.000000E+0	0.000000E+0	5.098866E-1	4.898685E-1	4.530813E-1
0.000000E+0	0.000000E+0	0.000000E+0	0.000000E+0	5.051492E-1	4.850898E-1	4.481284E-1
0.000000E+0	0.000000E+0	0.000000E+0	0.000000E+0	5.004534E-1	4.802950E-1	4.432286E-1
0.000000E+0	0.000000E+0	0.000000E+0	0.000000E+0	4.958315E-1	4.755695E-1	4.384211E-1
0.000000E+0	0.000000E+0	0.000000E+0	0.000000E+0	4.912303E-1	4.709178E-1	4.336761E-1
0.000000E+0	0.000000E+0	0.000000E+0	0.000000E+0	4.866823E-1	4.663332E-1	4.289264E-1
0.000000E+0	0.000000E+0	0.000000E+0	0.000000E+0	4.821874E-1	4.617093E-1	4.242692E-1
0.000000E+0	0.000000E+0	0.000000E+0	0.000000E+0	4.777064E-1	4.571939E-1	4.196512E-1
0.000000E+0	0.000000E+0	0.000000E+0	0.000000E+0	4.733201E-1	4.527224E-1	4.150933E-1
0.000000E+0	0.000000E+0	0.000000E+0	0.000000E+0	4.689384E-1	4.483018E-1	4.106070E-1
0.000000E+0	0.000000E+0	0.000000E+0	0.000000E+0	4.645798E-1	4.438881E-1	4.061253E-1
0.000000E+0	0.000000E+0	0.000000E+0	0.000000E+0	4.602997E-1	4.395575E-1	4.017014E-1
0.000000E+0	0.000000E+0	0.000000E+0	0.000000E+0	4.560473E-1	4.352477E-1	3.973791E-1
0.000000E+0	0.000000E+0	0.000000E+0	0.000000E+0	4.518412E-1	4.310072E-1	3.930614E-1
0.000000E+0	0.000000E+0	0.000000E+0	0.000000E+0	4.476535E-1	4.267713E-1	3.887946E-1
0.000000E+0	0.000000E+0	0.000000E+0	0.000000E+0	4.435490E-1	4.226047E-1	3.845554E-1
0.000000E+0	0.000000E+0	0.000000E+0	0.000000E+0	4.394283E-1	4.184774E-1	3.803856E-1
0.000000E+0	0.000000E+0	0.000000E+0	0.000000E+0	4.353954E-1	4.143800E-1	3.762921E-1
0.000000E+0	0.000000E+0	0.000000E+0	0.000000E+0	4.313786E-1	4.103289E-1	3.722100E-1
0.000000E+0	0.000000E+0	0.000000E+0	0.000000E+0	4.273919E-1	4.063171E-1	3.681511E-1
0.000000E+0	0.000000E+0	0.000000E+0	0.000000E+0	4.234560E-1	4.023560E-1	3.641684E-1
0.000000E+0	0.000000E+0	0.000000E+0	0.000000E+0	4.195755E-1	3.984481E-1	3.602550E-1
0.000000E+0	0.000000E+0	0.000000E+0	0.000000E+0	4.157043E-1	3.945287E-1	3.563486E-1
0.000000E+0	0.000000E+0	0.000000E+0	0.000000E+0	4.118654E-1	3.906900E-1	3.524629E-1
0.000000E+0	0.000000E+0	0.000000E+0	0.000000E+0	4.080819E-1	3.868861E-1	3.486789E-1
0.000000E+0	0.000000E+0	0.000000E+0	0.000000E+0	4.043423E-1	3.831352E-1	3.449110E-1
0.000000E+0	0.000000E+0	0.000000E+0	0.000000E+0	4.006051E-1	3.793728E-1	3.411778E-1
0.000000E+0	0.000000E+0	0.000000E+0	0.000000E+0	3.969256E-1	3.756774E-1	3.374701E-1
0.000000E+0	0.000000E+0	0.000000E+0	0.000000E+0	3.932853E-1	3.720397E-1	3.338455E-1
0.000000E+0	0.000000E+0	0.000000E+0	0.000000E+0	3.896589E-1	3.684135E-1	3.302578E-1
0.000000E+0	0.000000E+0	0.000000E+0	0.000000E+0	3.860926E-1	3.648359E-1	3.267094E-1
0.000000E+0	0.000000E+0	0.000000E+0	0.000000E+0	3.825470E-1	3.612536E-1	3.231356E-1
0.000000E+0	0.000000E+0	0.000000E+0	0.000000E+0	3.790408E-1	3.577707E-1	3.196681E-1
0.000000E+0	0.000000E+0	0.000000E+0	0.000000E+0	3.755622E-1	3.542924E-1	3.162468E-1
0.000000E+0	0.000000E+0	0.000000E+0	0.000000E+0	3.721090E-1	3.508256E-1	3.128231E-1
0.000000E+0	0.000000E+0	0.000000E+0	0.000000E+0	3.687044E-1	3.474050E-1	3.094249E-1
0.000000E+0	0.000000E+0	0.000000E+0	0.000000E+0	3.653459E-1	3.440607E-1	3.060983E-1
0.000000E+0	0.000000E+0	0.000000E+0	0.000000E+0	3.619875E-1	3.407279E-1	3.028202E-1
0.000000E+0	0.000000E+0	0.000000E+0	0.000000E+0	3.586798E-1	3.374228E-1	2.995491E-1
0.000000E+0	0.000000E+0	0.000000E+0	0.000000E+0	3.553676E-1	3.341107E-1	2.963218E-1
0.000000E+0	0.000000E+0	0.000000E+0	0.000000E+0	3.521269E-1	3.309258E-1	2.931269E-1
0.000000E+0	0.000000E+0	0.000000E+0	0.000000E+0	3.488955E-1	3.276923E-1	2.899966E-1
0.000000E+0	0.000000E+0	0.000000E+0	0.000000E+0	3.457126E-1	3.245188E-1	2.868733E-1
0.000000E+0	0.000000E+0	0.000000E+0	0.000000E+0	3.425528E-1	3.213592E-1	2.837893E-1
0.000000E+0	0.000000E+0	0.000000E+0	0.000000E+0	3.393999E-1	3.182458E-1	2.807052E-1
0.000000E+0	0.000000E+0	0.000000E+0	0.000000E+0	3.363163E-1	3.151948E-1	2.777298E-1
0.000000E+0	0.000000E+0	0.000000E+0	0.000000E+0	3.332558E-1	3.121207E-1	2.747612E-1
0.000000E+0	0.000000E+0	0.000000E+0	0.000000E+0	3.302115E-1	3.090766E-1	2.717835E-1
0.000000E+0	0.000000E+0	0.000000E+0	0.000000E+0	3.271649E-1	3.061133E-1	2.688496E-1
0.000000E+0	0.000000E+0	0.000000E+0	0.000000E+0	3.242084E-1	3.031546E-1	2.659827E-1
0.000000E+0	0.000000E+0	0.000000E+0	0.000000E+0	3.212518E-1	3.002353E-1	2.631574E-1
0.000000E+0	0.000000E+0	0.000000E+0	0.000000E+0	3.182814E-1	2.973182E-1	2.603298E-1
0.000000E+0	0.000000E+0	0.000000E+0	0.000000E+0	3.154057E-1	2.944357E-1	2.575137E-1
0.000000E+0	0.000000E+0	0.000000E+0	0.000000E+0	3.125208E-1	2.916018E-1	2.547877E-1
0.000000E+0	0.000000E+0	0.000000E+0	0.000000E+0	3.097236E-1	2.887771E-1	2.520456E-1
0.000000E+0	0.000000E+0	0.000000E+0	0.000000E+0	3.068617E-1	2.859894E-1	2.493358E-1
0.000000E+0	0.000000E+0	0.000000E+0	0.000000E+0	3.040807E-1	2.832201E-1	2.466607E-1
0.000000E+0	0.000000E+0	0.000000E+0	0.000000E+0	3.012997E-1	2.805132E-1	2.440225E-1
0.000000E+0	0.000000E+0	0.000000E+0	0.000000E+0	2.985580E-1	2.777856E-1	2.414259E-1
0.000000E+0	0.000000E+0	0.000000E+0	0.000000E+0	2.958625E-1	2.751295E-1	2.388293E-1
0.000000E+0	0.000000E+0	0.000000E+0	0.000000E+0	2.931461E-1	2.724642E-1	2.362696E-1
0.000000E+0	0.000000E+0	0.000000E+0	0.000000E+0	2.905084E-1	2.698335E-1	2.337447E-1
0.000000E+0	0.000000E+0	0.000000E+0	0.000000E+0	2.878521E-1	2.672628E-1	2.312751E-1
0.000000E+0	0.000000E+0	0.000000E+0	0.000000E+0	2.852443E-1	2.646899E-1	2.287894E-1
0.000000E+0	0.000000E+0	0.000000E+0	0.000000E+0	2.826111E-1	2.620962E-1	2.263199E-1
0.000000E+0	0.000000E+0	0.000000E+0	0.000000E+0	2.800704E-1	2.596179E-1	2.239173E-1
0.000000E+0	0.000000E+0	0.000000E+0	0.000000E+0	2.775458E-1	2.571258E-1	2.215356E-1
0.000000E+0	0.000000E+0	0.000000E+0	0.000000E+0	2.750119E-1	2.546476E-1	2.191746E-1
0.000000E+0	0.000000E+0	0.000000E+0	0.000000E+0	2.725219E-1	2.521555E-1	2.168090E-1
0.000000E+0	0.000000E+0	0.000000E+0	0.000000E+0	2.700620E-1	2.497835E-1	2.145312E-1
0.000000E+0	0.000000E+0	0.000000E+0	0.000000E+0	2.675974E-1	2.473699E-1	2.122557E-1
0.000000E+0	0.000000E+0	0.000000E+0	0.000000E+0	2.651768E-1	2.449771E-1	2.099664E-1
0.000000E+0	0.000000E+0	0.000000E+0	0.000000E+0	2.627954E-1	2.426167E-1	2.077209E-1
0.000000E+0	0.000000E+0	0.000000E+0	0.000000E+0	2.603747E-1	2.403001E-1	2.055032E-1
0.000000E+0	0.000000E+0	0.000000E+0	0.000000E+0	2.580349E-1	2.380067E-1	2.033294E-1
0.000000E+0	0.000000E+0	0.000000E+0	0.000000E+0	2.557020E-1	2.357224E-1	2.011786E-1
0.000000E+0	0.000000E+0	0.000000E+0	0.000000E+0	2.533968E-1	2.334128E-1	1.989932E-1
0.000000E+0	0.000000E+0	0.000000E+0	0.000000E+0	2.510755E-1	2.312186E-1	1.968841E-1
0.000000E+0	0.000000E+0	0.000000E+0	0.000000E+0	2.488188E-1	2.290037E-1	1.948234E-1
0.000000E+0	0.000000E+0	0.000000E+0	0.000000E+0	2.465575E-1	2.268326E-1	1.927558E-1
0.000000E+0	0.000000E+0	0.000000E+0	0.000000E+0	2.443493E-1	2.246108E-1	1.906975E-1
0.000000E+0	0.000000E+0	0.000000E+0	0.000000E+0	2.421250E-1	2.224859E-1	1.886461E-1
0.000000E+0	0.000000E+0	0.000000E+0	0.000000E+0	2.399492E-1	2.203610E-1	1.866548E-1
0.000000E+0	0.000000E+0	0.000000E+0	0.000000E+0	2.377779E-1	2.182431E-1	1.846842E-1
0.000000E+0	0.000000E+0	0.000000E+0	0.000000E+0	2.356298E-1	2.161228E-1	1.827183E-1
0.000000E+0	0.000000E+0	0.000000E+0	0.000000E+0	2.334956E-1	2.140788E-1	1.807662E-1
0.000000E+0	0.000000E+0	0.000000E+0	0.000000E+0	2.314098E-1	2.120463E-1	1.788650E-1
0.000000E+0	0.000000E+0	0.000000E+0	0.000000E+0	2.293102E-1	2.100046E-1	1.769776E-1
0.000000E+0	0.000000E+0	0.000000E+0	0.000000E+0	2.272522E-1	2.079721E-1	1.751064E-1
0.000000E+0	0.000000E+0	0.000000E+0	0.000000E+0	2.252149E-1	2.060205E-1	1.732144E-1
0.000000E+0	0.000000E+0	0.000000E+0	0.000000E+0	2.231823E-1	2.040434E-1	1.713986E-1
0.000000E+0	0.000000E+0	0.000000E+0	0.000000E+0	2.211613E-1	2.021080E-1	1.696129E-1
0.000000E+0	0.000000E+0	0.000000E+0	0.000000E+0	2.191841E-1	2.001702E-1	1.678017E-1
0.000000E+0	0.000000E+0	0.000000E+0	0.000000E+0	2.171976E-1	1.982601E-1	1.660067E-1
0.000000E+0	0.000000E+0	0.000000E+0	0.000000E+0	2.152297E-1	1.963801E-1	1.642695E-1
0.000000E+0	0.000000E+0	0.000000E+0	0.000000E+0	2.132871E-1	1.944954E-1	1.625300E-1
0.000000E+0	0.000000E+0	0.000000E+0	0.000000E+0	2.113839E-1	1.926338E-1	1.608066E-1
0.000000E+0	0.000000E+0	0.000000E+0	0.000000E+0	2.094783E-1	1.908046E-1	1.590786E-1
0.000000E+0	0.000000E+0	0.000000E+0	0.000000E+0	2.076027E-1	1.889962E-1	1.574361E-1
0.000000E+0	0.000000E+0	0.000000E+0	0.000000E+0	2.057387E-1	1.872154E-1	1.558005E-1
0.000000E+0	0.000000E+0	0.000000E+0	0.000000E+0	2.039001E-1	1.853978E-1	1.541303E-1
0.000000E+0	0.000000E+0	0.000000E+0	0.000000E+0	2.020546E-1	1.836216E-1	1.524786E-1
0.000000E+0	0.000000E+0	0.000000E+0	0.000000E+0	2.002391E-1	1.819171E-1	1.508938E-1
0.000000E+0	0.000000E+0	0.000000E+0	0.000000E+0	1.984582E-1	1.801803E-1	1.493114E-1
0.000000E+0	0.000000E+0	0.000000E+0	0.000000E+0	1.966658E-1	1.784527E-1	1.477312E-1
0.000000E+0	0.000000E+0	0.000000E+0	0.000000E+0	1.949035E-1	1.767412E-1	1.461534E-1
0.000000E+0	0.000000E+0	0.000000E+0	0.000000E+0	1.931711E-1	1.750783E-1	1.445987E-1
0.000000E+0	0.000000E+0	0.000000E+0	0.000000E+0	1.914365E-1	1.734361E-1	1.431387E-1
0.000000E+0	0.000000E+0	0.000000E+0	0.000000E+0	1.897318E-1	1.717663E-1	1.415978E-1
0.000000E+0	0.000000E+0	0.000000E+0	0.000000E+0	1.879972E-1	1.701449E-1	1.400870E-1
0.000000E+0	0.000000E+0	0.000000E+0	0.000000E+0	1.863295E-1	1.685282E-1	1.386016E-1
0.000000E+0	0.000000E+0	0.000000E+0	0.000000E+0	1.846757E-1	1.669322E-1	1.371855E-1
0.000000E+0	0.000000E+0	0.000000E+0	0.000000E+0	1.830288E-1	1.653293E-1	1.357324E-1
0.000000E+0	0.000000E+0	0.000000E+0	0.000000E+0	1.813773E-1	1.637542E-1	1.342885E-1
0.000000E+0	0.000000E+0	0.000000E+0	0.000000E+0	1.797581E-1	1.622252E-1	1.328770E-1
0.000000E+0	0.000000E+0	0.000000E+0	0.000000E+0	1.781713E-1	1.606985E-1	1.314863E-1
0.000000E+0	0.000000E+0	0.000000E+0	0.000000E+0	1.765637E-1	1.591557E-1	1.301257E-1
0.000000E+0	0.000000E+0	0.000000E+0	0.000000E+0	1.749745E-1	1.576498E-1	1.287373E-1
0.000000E+0	0.000000E+0	0.000000E+0	0.000000E+0	1.734200E-1	1.561924E-1	1.274043E-1
0.000000E+0	0.000000E+0	0.000000E+0	0.000000E+0	1.718702E-1	1.546935E-1	1.260760E-1
0.000000E+0	0.000000E+0	0.000000E+0	0.000000E+0	1.703411E-1	1.532546E-1	1.247615E-1
0.000000E+0	0.000000E+0	0.000000E+0	0.000000E+0	1.688120E-1	1.517787E-1	1.234378E-1
0.000000E+0	0.000000E+0	0.000000E+0	0.000000E+0	1.673199E-1	1.503352E-1	1.221280E-1
0.000000E+0	0.000000E+0	0.000000E+0	0.000000E+0	1.658254E-1	1.489540E-1	1.208851E-1
0.000000E+0	0.000000E+0	0.000000E+0	0.000000E+0	1.643726E-1	1.475220E-1	1.196192E-1
0.000000E+0	0.000000E+0	0.000000E+0	0.000000E+0	1.628874E-1	1.461155E-1	1.183301E-1
0.000000E+0	0.000000E+0	0.000000E+0	0.000000E+0	1.614368E-1	1.447389E-1	1.170942E-1
0.000000E+0	0.000000E+0	0.000000E+0	0.000000E+0	1.600094E-1	1.434017E-1	1.159160E-1
0.000000E+0	0.000000E+0	0.000000E+0	0.000000E+0	1.586004E-1	1.420390E-1	1.146778E-1
0.000000E+0	0.000000E+0	0.000000E+0	0.000000E+0	1.571545E-1	1.406578E-1	1.134811E-1
0.000000E+0	0.000000E+0	0.000000E+0	0.000000E+0	1.557686E-1	1.393667E-1	1.122637E-1
0.000000E+0	0.000000E+0	0.000000E+0	0.000000E+0	1.544104E-1	1.380826E-1	1.111271E-1
0.000000E+0	0.000000E+0	0.000000E+0	0.000000E+0	1.530338E-1	1.367453E-1	1.099605E-1
0.000000E+0	0.000000E+0	0.000000E+0	0.000000E+0	1.516687E-1	1.354496E-1	1.087892E-1
0.000000E+0	0.000000E+0	0.000000E+0	0.000000E+0	1.503175E-1	1.341793E-1	1.076342E-1
0.000000E+0	0.000000E+0	0.000000E+0	0.000000E+0	1.489755E-1	1.329367E-1	1.065669E-1
0.000000E+0	0.000000E+0	0.000000E+0	0.000000E+0	1.476751E-1	1.316779E-1	1.054442E-1
0.000000E+0	0.000000E+0	0.000000E+0	0.000000E+0	1.463631E-1	1.304446E-1	1.043399E-1
0.000000E+0	0.000000E+0	0.000000E+0	0.000000E+0	1.450465E-1	1.291997E-1	1.032218E-1
0.000000E+0	0.000000E+0	0.000000E+0	0.000000E+0	1.437507E-1	1.280287E-1	1.021707E-1
0.000000E+0	0.000000E+0	0.000000E+0	0.000000E+0	1.424942E-1	1.268185E-1	1.011057E-1
0.000000E+0	0.000000E+0	0.000000E+0	0.000000E+0	1.412538E-1	1.256152E-1	1.000569E-1
0.000000E+0	0.000000E+0	0.000000E+0	0.000000E+0	1.399650E-1	1.244488E-1	9.901967E-2
0.000000E+0	0.000000E+0	0.000000E+0	0.000000E+0	1.387338E-1	1.232732E-1	9.799397E-2
0.000000E+0	0.000000E+0	0.000000E+0	0.000000E+0	1.375327E-1	1.221161E-1	9.696827E-2
0.000000E+0	0.000000E+0	0.000000E+0	0.000000E+0	1.363016E-1	1.209728E-1	9.599801E-2
0.000000E+0	0.000000E+0	0.000000E+0	0.000000E+0	1.350936E-1	1.198272E-1	9.495845E-2
0.000000E+0	0.000000E+0	0.000000E+0	0.000000E+0	1.338856E-1	1.187440E-1	9.400205E-2
0.000000E+0	0.000000E+0	0.000000E+0	0.000000E+0	1.327261E-1	1.176169E-1	9.299021E-2
0.000000E+0	0.000000E+0	0.000000E+0	0.000000E+0	1.315527E-1	1.164921E-1	9.203613E-2
0.000000E+0	0.000000E+0	0.000000E+0	0.000000E+0	1.303562E-1	1.154066E-1	9.107049E-2
0.000000E+0	0.000000E+0	0.000000E+0	0.000000E+0	1.292059E-1	1.143210E-1	9.014643E-2
0.000000E+0	0.000000E+0	0.000000E+0	0.000000E+0	1.280949E-1	1.132840E-1	8.922238E-2
0.000000E+0	0.000000E+0	0.000000E+0	0.000000E+0	1.269839E-1	1.122147E-1	8.828908E-2
0.000000E+0	0.000000E+0	0.000000E+0	0.000000E+0	1.258521E-1	1.111453E-1	8.736503E-2
0.000000E+0	0.000000E+0	0.000000E+0	0.000000E+0	1.247573E-1	1.101291E-1	8.647101E-2
0.000000E+0	0.000000E+0	0.000000E+0	0.000000E+0	1.236532E-1	1.091221E-1	8.559084E-2
0.000000E+0	0.000000E+0	0.000000E+0	0.000000E+0	1.225630E-1	1.080804E-1	8.469913E-2
0.000000E+0	0.000000E+0	0.000000E+0	0.000000E+0	1.214658E-1	1.070526E-1	8.381204E-2
0.000000E+0	0.000000E+0	0.000000E+0	0.000000E+0	1.203964E-1	1.060895E-1	8.295036E-2
0.000000E+0	0.000000E+0	0.000000E+0	0.000000E+0	1.193593E-1	1.051056E-1	8.210947E-2
0.000000E+0	0.000000E+0	0.000000E+0	0.000000E+0	1.182898E-1	1.040940E-1	8.126396E-2
0.000000E+0	0.000000E+0	0.000000E+0	0.000000E+0	1.172481E-1	1.031078E-1	8.041383E-2
0.000000E+0	0.000000E+0	0.000000E+0	0.000000E+0	1.162203E-1	1.021839E-1	7.957294E-2
0.000000E+0	0.000000E+0	0.000000E+0	0.000000E+0	1.152247E-1	1.012439E-1	7.878980E-2
0.000000E+0	0.000000E+0	0.000000E+0	0.000000E+0	1.142107E-1	1.002946E-1	7.796739E-2
0.000000E+0	0.000000E+0	0.000000E+0	0.000000E+0	1.131967E-1	9.933383E-2	7.716578E-2
0.000000E+0	0.000000E+0	0.000000E+0	0.000000E+0	1.122105E-1	9.842384E-2	7.634106E-2
0.000000E+0	0.000000E+0	0.000000E+0	0.000000E+0	1.112219E-1	9.753232E-2	7.555099E-2
0.000000E+0	0.000000E+0	0.000000E+0	0.000000E+0	1.102402E-1	9.659923E-2	7.481637E-2
0.000000E+0	0.000000E+0	0.000000E+0	0.000000E+0	1.092770E-1	9.569385E-2	7.400089E-2
0.000000E+0	0.000000E+0	0.000000E+0	0.000000E+0	1.083254E-1	9.483005E-2	7.324317E-2
0.000000E+0	0.000000E+0	0.000000E+0	0.000000E+0	1.073691E-1	9.395470E-2	7.252702E-2
0.000000E+0	0.000000E+0	0.000000E+0	0.000000E+0	1.064290E-1	9.308628E-2	7.178778E-2
0.000000E+0	0.000000E+0	0.000000E+0	0.000000E+0	1.055028E-1	9.221323E-2	7.101388E-2
0.000000E+0	0.000000E+0	0.000000E+0	0.000000E+0	1.045789E-1	9.134250E-2	7.027926E-2
0.000000E+0	0.000000E+0	0.000000E+0	0.000000E+0	1.036989E-1	9.052489E-2	6.959315E-2
0.000000E+0	0.000000E+0	0.000000E+0	0.000000E+0	1.027773E-1	8.968650E-2	6.888163E-2
0.000000E+0	0.000000E+0	0.000000E+0	0.000000E+0	1.018580E-1	8.884810E-2	6.816087E-2
0.000000E+0	0.000000E+0	0.000000E+0	0.000000E+0	1.009872E-1	8.800739E-2	6.744472E-2
0.000000E+0	0.000000E+0	0.000000E+0	0.000000E+0	1.001210E-1	8.724059E-2	6.676323E-2
0.000000E+0	0.000000E+0	0.000000E+0	0.000000E+0	9.922941E-2	8.642529E-2	6.609329E-2
0.000000E+0	0.000000E+0	0.000000E+0	0.000000E+0	9.836785E-2	8.559614E-2	6.540718E-2
0.000000E+0	0.000000E+0	0.000000E+0	0.000000E+0	9.749937E-2	8.481779E-2	6.470259E-2
0.000000E+0	0.000000E+0	0.000000E+0	0.000000E+0	9.663782E-2	8.402559E-2	6.408810E-2
0.000000E+0	0.000000E+0	0.000000E+0	0.000000E+0	9.581784E-2	8.326110E-2	6.342740E-2
0.000000E+0	0.000000E+0	0.000000E+0	0.000000E+0	9.496091E-2	8.247813E-2	6.278518E-2
0.000000E+0	0.000000E+0	0.000000E+0	0.000000E+0	9.416865E-2	8.172057E-2	6.211062E-2
0.000000E+0	0.000000E+0	0.000000E+0	0.000000E+0	9.334405E-2	8.097687E-2	6.149843E-2
0.000000E+0	0.000000E+0	0.000000E+0	0.000000E+0	9.252869E-2	8.025395E-2	6.090242E-2
0.000000E+0	0.000000E+0	0.000000E+0	0.000000E+0	9.172719E-2	7.951025E-2	6.027406E-2
0.000000E+0	0.000000E+0	0.000000E+0	0.000000E+0	9.094879E-2	7.875500E-2	5.963184E-2
0.000000E+0	0.000000E+0	0.000000E+0	0.000000E+0	9.014268E-2	7.803440E-2	5.905662E-2
0.000000E+0	0.000000E+0	0.000000E+0	0.000000E+0	8.938968E-2	7.733458E-2	5.845136E-2
0.000000E+0	0.000000E+0	0.000000E+0	0.000000E+0	8.859742E-2	7.661859E-2	5.785073E-2
0.000000E+0	0.000000E+0	0.000000E+0	0.000000E+0	8.779823E-2	7.588644E-2	5.724316E-2
0.000000E+0	0.000000E+0	0.000000E+0	0.000000E+0	8.704986E-2	7.521665E-2	5.667487E-2
0.000000E+0	0.000000E+0	0.000000E+0	0.000000E+0	8.633383E-2	7.452145E-2	5.609965E-2
0.000000E+0	0.000000E+0	0.000000E+0	0.000000E+0	8.556697E-2	7.385858E-2	5.554290E-2
0.000000E+0	0.000000E+0	0.000000E+0	0.000000E+0	8.481167E-2	7.314491E-2	5.494458E-2
0.000000E+0	0.000000E+0	0.000000E+0	0.000000E+0	8.409101E-2	7.250052E-2	5.439246E-2
0.000000E+0	0.000000E+0	0.000000E+0	0.000000E+0	8.336112E-2	7.182841E-2	5.387730E-2
0.000000E+0	0.000000E+0	0.000000E+0	0.000000E+0	8.263815E-2	7.116093E-2	5.332979E-2
0.000000E+0	0.000000E+0	0.000000E+0	0.000000E+0	8.193367E-2	7.048652E-2	5.277074E-2
0.000000E+0	0.000000E+0	0.000000E+0	0.000000E+0	8.122687E-2	6.987908E-2	5.221631E-2
0.000000E+0	0.000000E+0	0.000000E+0	0.000000E+0	8.053855E-2	6.924394E-2	5.170346E-2
0.000000E+0	0.000000E+0	0.000000E+0	0.000000E+0	7.983868E-2	6.860879E-2	5.118599E-2
0.000000E+0	0.000000E+0	0.000000E+0	0.000000E+0	7.915268E-2	6.796902E-2	5.065928E-2
0.000000E+0	0.000000E+0	0.000000E+0	0.000000E+0	7.843433E-2	6.733156E-2	5.014412E-2
0.000000E+0	0.000000E+0	0.000000E+0	0.000000E+0	7.778759E-2	6.673798E-2	4.963820E-2
0.000000E+0	0.000000E+0	0.000000E+0	0.000000E+0	7.710851E-2	6.612824E-2	4.913690E-2
0.000000E+0	0.000000E+0	0.000000E+0	0.000000E+0	7.645715E-2	6.550926E-2	4.865408E-2
0.000000E+0	0.000000E+0	0.000000E+0	0.000000E+0	7.579192E-2	6.490645E-2	4.816202E-2
0.000000E+0	0.000000E+0	0.000000E+0	0.000000E+0	7.513132E-2	6.435444E-2	4.770230E-2
0.000000E+0	0.000000E+0	0.000000E+0	0.000000E+0	7.450075E-2	6.375163E-2	4.720100E-2
0.000000E+0	0.000000E+0	0.000000E+0	0.000000E+0	7.383553E-2	6.316036E-2	4.673436E-2
0.000000E+0	0.000000E+0	0.000000E+0	0.000000E+0	7.320727E-2	6.259681E-2	4.623075E-2
0.000000E+0	0.000000E+0	0.000000E+0	0.000000E+0	7.259517E-2	6.201248E-2	4.579182E-2
0.000000E+0	0.000000E+0	0.000000E+0	0.000000E+0	7.197384E-2	6.147895E-2	4.533903E-2
0.000000E+0	0.000000E+0	0.000000E+0	0.000000E+0	7.135712E-2	6.090616E-2	4.486084E-2
0.000000E+0	0.000000E+0	0.000000E+0	0.000000E+0	7.073810E-2	6.033337E-2	4.440343E-2
0.000000E+0	0.000000E+0	0.000000E+0	0.000000E+0	7.013986E-2	5.980678E-2	4.399223E-2
0.000000E+0	0.000000E+0	0.000000E+0	0.000000E+0	6.953238E-2	5.927556E-2	4.353713E-2
0.000000E+0	0.000000E+0	0.000000E+0	0.000000E+0	6.892722E-2	5.871663E-2	4.308203E-2
0.000000E+0	0.000000E+0	0.000000E+0	0.000000E+0	6.834515E-2	5.818080E-2	4.263849E-2
0.000000E+0	0.000000E+0	0.000000E+0	0.000000E+0	6.776308E-2	5.768423E-2	4.224576E-2
0.000000E+0	0.000000E+0	0.000000E+0	0.000000E+0	6.720642E-2	5.715532E-2	4.181608E-2
0.000000E+0	0.000000E+0	0.000000E+0	0.000000E+0	6.661511E-2	5.662641E-2	4.140025E-2
0.000000E+0	0.000000E+0	0.000000E+0	0.000000E+0	6.602381E-2	5.611137E-2	4.097981E-2
0.000000E+0	0.000000E+0	0.000000E+0	0.000000E+0	6.547870E-2	5.561249E-2	4.053626E-2
0.000000E+0	0.000000E+0	0.000000E+0	0.000000E+0	6.490818E-2	5.510437E-2	4.018743E-2
0.000000E+0	0.000000E+0	0.000000E+0	0.000000E+0	6.436999E-2	5.460318E-2	3.977392E-2
0.000000E+0	0.000000E+0	0.000000E+0	0.000000E+0	6.381102E-2	5.409737E-2	3.933037E-2
0.000000E+0	0.000000E+0	0.000000E+0	0.000000E+0	6.329825E-2	5.364468E-2	3.895382E-2
0.000000E+0	0.000000E+0	0.000000E+0	0.000000E+0	6.274390E-2	5.315504E-2	3.859344E-2
0.000000E+0	0.000000E+0	0.000000E+0	0.000000E+0	6.223113E-2	5.265616E-2	3.821689E-2
0.000000E+0	0.000000E+0	0.000000E+0	0.000000E+0	6.168601E-2	5.215728E-2	3.779875E-2
0.000000E+0	0.000000E+0	0.000000E+0	0.000000E+0	6.115014E-2	5.172306E-2	3.742220E-2
0.000000E+0	0.000000E+0	0.000000E+0	0.000000E+0	6.061889E-2	5.126576E-2	3.709185E-2
0.000000E+0	0.000000E+0	0.000000E+0	0.000000E+0	6.011074E-2	5.081076E-2	3.673147E-2
0.000000E+0	0.000000E+0	0.000000E+0	0.000000E+0	5.961644E-2	5.032112E-2	3.631103E-2
0.000000E+0	0.000000E+0	0.000000E+0	0.000000E+0	5.911521E-2	4.989384E-2	3.598761E-2
0.000000E+0	0.000000E+0	0.000000E+0	0.000000E+0	5.862785E-2	4.944346E-2	3.563416E-2
0.000000E+0	0.000000E+0	0.000000E+0	0.000000E+0	5.810121E-2	4.896305E-2	3.527146E-2
0.000000E+0	0.000000E+0	0.000000E+0	0.000000E+0	5.763002E-2	4.852191E-2	3.489722E-2
0.000000E+0	0.000000E+0	0.000000E+0	0.000000E+0	5.712417E-2	4.811311E-2	3.454377E-2
0.000000E+0	0.000000E+0	0.000000E+0	0.000000E+0	5.664143E-2	4.769738E-2	3.424345E-2
0.000000E+0	0.000000E+0	0.000000E+0	0.000000E+0	5.615406E-2	4.726317E-2	3.391773E-2
0.000000E+0	0.000000E+0	0.000000E+0	0.000000E+0	5.571289E-2	4.681972E-2	3.355272E-2
0.000000E+0	0.000000E+0	0.000000E+0	0.000000E+0	5.522321E-2	4.640629E-2	3.321313E-2
0.000000E+0	0.000000E+0	0.000000E+0	0.000000E+0	5.477973E-2	4.600211E-2	3.288741E-2
0.000000E+0	0.000000E+0	0.000000E+0	0.000000E+0	5.429930E-2	4.560254E-2	3.259633E-2
0.000000E+0	0.000000E+0	0.000000E+0	0.000000E+0	5.382579E-2	4.517757E-2	3.224519E-2
0.000000E+0	0.000000E+0	0.000000E+0	0.000000E+0	5.337769E-2	4.478262E-2	3.193332E-2
0.000000E+0	0.000000E+0	0.000000E+0	0.000000E+0	5.294114E-2	4.439460E-2	3.161914E-2
0.000000E+0	0.000000E+0	0.000000E+0	0.000000E+0	5.249304E-2	4.399273E-2	3.130958E-2
0.000000E+0	0.000000E+0	0.000000E+0	0.000000E+0	5.202877E-2	4.359085E-2	3.100927E-2
0.000000E+0	0.000000E+0	0.000000E+0	0.000000E+0	5.158298E-2	4.318666E-2	3.068123E-2
0.000000E+0	0.000000E+0	0.000000E+0	0.000000E+0	5.117414E-2	4.283098E-2	3.041325E-2
0.000000E+0	0.000000E+0	0.000000E+0	0.000000E+0	5.077224E-2	4.246375E-2	3.010138E-2
0.000000E+0	0.000000E+0	0.000000E+0	0.000000E+0	5.033569E-2	4.205495E-2	2.978027E-2
0.000000E+0	0.000000E+0	0.000000E+0	0.000000E+0	4.990607E-2	4.169002E-2	2.947072E-2
0.000000E+0	0.000000E+0	0.000000E+0	0.000000E+0	4.947414E-2	4.131124E-2	2.920736E-2
0.000000E+0	0.000000E+0	0.000000E+0	0.000000E+0	4.906299E-2	4.095094E-2	2.892783E-2
0.000000E+0	0.000000E+0	0.000000E+0	0.000000E+0	4.866802E-2	4.059295E-2	2.865293E-2
0.000000E+0	0.000000E+0	0.000000E+0	0.000000E+0	4.825688E-2	4.022110E-2	2.834799E-2
0.000000E+0	0.000000E+0	0.000000E+0	0.000000E+0	4.782032E-2	3.990237E-2	2.808694E-2
0.000000E+0	0.000000E+0	0.000000E+0	0.000000E+0	4.745307E-2	3.953283E-2	2.780511E-2
0.000000E+0	0.000000E+0	0.000000E+0	0.000000E+0	4.703961E-2	3.914250E-2	2.753944E-2
0.000000E+0	0.000000E+0	0.000000E+0	0.000000E+0	4.665619E-2	3.882377E-2	2.725530E-2
0.000000E+0	0.000000E+0	0.000000E+0	0.000000E+0	4.626121E-2	3.851428E-2	2.700349E-2
0.000000E+0	0.000000E+0	0.000000E+0	0.000000E+0	4.589858E-2	3.813319E-2	2.674245E-2
0.000000E+0	0.000000E+0	0.000000E+0	0.000000E+0	4.551977E-2	3.779598E-2	2.648833E-2
0.000000E+0	0.000000E+0	0.000000E+0	0.000000E+0	4.511325E-2	3.743337E-2	2.619263E-2
0.000000E+0	0.000000E+0	0.000000E+0	0.000000E+0	4.473213E-2	3.714698E-2	2.597086E-2
0.000000E+0	0.000000E+0	0.000000E+0	0.000000E+0	4.436949E-2	3.683518E-2	2.571444E-2
0.000000E+0	0.000000E+0	0.000000E+0	0.000000E+0	4.401610E-2	3.648873E-2	2.546263E-2
0.000000E+0	0.000000E+0	0.000000E+0	0.000000E+0	4.362805E-2	3.613767E-2	2.521083E-2
0.000000E+0	0.000000E+0	0.000000E+0	0.000000E+0	4.329082E-2	3.585358E-2	2.495671E-2
0.000000E+0	0.000000E+0	0.000000E+0	0.000000E+0	4.291894E-2	3.554871E-2	2.475111E-2
0.000000E+0	0.000000E+0	0.000000E+0	0.000000E+0	4.256093E-2	3.521151E-2	2.453396E-2
0.000000E+0	0.000000E+0	0.000000E+0	0.000000E+0	4.219598E-2	3.488585E-2	2.424288E-2
0.000000E+0	0.000000E+0	0.000000E+0	0.000000E+0	4.184027E-2	3.458560E-2	2.403266E-2
0.000000E+0	0.000000E+0	0.000000E+0	0.000000E+0	4.153769E-2	3.430613E-2	2.381320E-2
0.000000E+0	0.000000E+0	0.000000E+0	0.000000E+0	4.118198E-2	3.398971E-2	2.357063E-2
0.000000E+0	0.000000E+0	0.000000E+0	0.000000E+0	4.083551E-2	3.368022E-2	2.332807E-2
0.000000E+0	0.000000E+0	0.000000E+0	0.000000E+0	4.048904E-2	3.340306E-2	2.310860E-2
0.000000E+0	0.000000E+0	0.000000E+0	0.000000E+0	4.016105E-2	3.311898E-2	2.290531E-2
0.000000E+0	0.000000E+0	0.000000E+0	0.000000E+0	3.984230E-2	3.283259E-2	2.266968E-2
0.000000E+0	0.000000E+0	0.000000E+0	0.000000E+0	3.949352E-2	3.251617E-2	2.243635E-2
0.000000E+0	0.000000E+0	0.000000E+0	0.000000E+0	3.918170E-2	3.223670E-2	2.219148E-2
0.000000E+0	0.000000E+0	0.000000E+0	0.000000E+0	3.883985E-2	3.198264E-2	2.201591E-2
0.000000E+0	0.000000E+0	0.000000E+0	0.000000E+0	3.853265E-2	3.168239E-2	2.179645E-2
0.000000E+0	0.000000E+0	0.000000E+0	0.000000E+0	3.820928E-2	3.138907E-2	2.159085E-2
0.000000E+0	0.000000E+0	0.000000E+0	0.000000E+0	3.787436E-2	3.111653E-2	2.136445E-2
0.000000E+0	0.000000E+0	0.000000E+0	0.000000E+0	3.759949E-2	3.088557E-2	2.117964E-2
0.000000E+0	0.000000E+0	0.000000E+0	0.000000E+0	3.725764E-2	3.059917E-2	2.098559E-2
0.000000E+0	0.000000E+0	0.000000E+0	0.000000E+0	3.698509E-2	3.031971E-2	2.075458E-2
0.000000E+0	0.000000E+0	0.000000E+0	0.000000E+0	3.663169E-2	3.005872E-2	2.054666E-2
0.000000E+0	0.000000E+0	0.000000E+0	0.000000E+0	3.634758E-2	2.981621E-2	2.038727E-2
0.000000E+0	0.000000E+0	0.000000E+0	0.000000E+0	3.604962E-2	2.955060E-2	2.021632E-2
0.000000E+0	0.000000E+0	0.000000E+0	0.000000E+0	3.578168E-2	2.926882E-2	1.998761E-2
0.000000E+0	0.000000E+0	0.000000E+0	0.000000E+0	3.547448E-2	2.902400E-2	1.978201E-2
0.000000E+0	0.000000E+0	0.000000E+0	0.000000E+0	3.517652E-2	2.879535E-2	1.962030E-2
0.000000E+0	0.000000E+0	0.000000E+0	0.000000E+0	3.490165E-2	2.854822E-2	1.944473E-2
0.000000E+0	0.000000E+0	0.000000E+0	0.000000E+0	3.461062E-2	2.828723E-2	1.923913E-2
0.000000E+0	0.000000E+0	0.000000E+0	0.000000E+0	3.432420E-2	2.803548E-2	1.903122E-2
0.000000E+0	0.000000E+0	0.000000E+0	0.000000E+0	3.404010E-2	2.781607E-2	1.887875E-2
0.000000E+0	0.000000E+0	0.000000E+0	0.000000E+0	3.379064E-2	2.754353E-2	1.870087E-2
0.000000E+0	0.000000E+0	0.000000E+0	0.000000E+0	3.348575E-2	2.732642E-2	1.853223E-2
0.000000E+0	0.000000E+0	0.000000E+0	0.000000E+0	3.322012E-2	2.707467E-2	1.834049E-2
0.000000E+0	0.000000E+0	0.000000E+0	0.000000E+0	3.296605E-2	2.685988E-2	1.818802E-2
0.000000E+0	0.000000E+0	0.000000E+0	0.000000E+0	3.270735E-2	2.664970E-2	1.799859E-2
0.000000E+0	0.000000E+0	0.000000E+0	0.000000E+0	3.243479E-2	2.639795E-2	1.782302E-2
0.000000E+0	0.000000E+0	0.000000E+0	0.000000E+0	3.215993E-2	2.615775E-2	1.764745E-2
0.000000E+0	0.000000E+0	0.000000E+0	0.000000E+0	3.190123E-2	2.596605E-2	1.747881E-2
0.000000E+0	0.000000E+0	0.000000E+0	0.000000E+0	3.165870E-2	2.573047E-2	1.734482E-2
0.000000E+0	0.000000E+0	0.000000E+0	0.000000E+0	3.138846E-2	2.550182E-2	1.716925E-2
0.000000E+0	0.000000E+0	0.000000E+0	0.000000E+0	3.112745E-2	2.528702E-2	1.697289E-2
0.000000E+0	0.000000E+0	0.000000E+0	0.000000E+0	3.086644E-2	2.507684E-2	1.684352E-2
0.000000E+0	0.000000E+0	0.000000E+0	0.000000E+0	3.062161E-2	2.484819E-2	1.666795E-2
0.000000E+0	0.000000E+0	0.000000E+0	0.000000E+0	3.040911E-2	2.463801E-2	1.652241E-2
0.000000E+0	0.000000E+0	0.000000E+0	0.000000E+0	3.012038E-2	2.439781E-2	1.633529E-2
0.000000E+0	0.000000E+0	0.000000E+0	0.000000E+0	2.987092E-2	2.420380E-2	1.619668E-2
0.000000E+0	0.000000E+0	0.000000E+0	0.000000E+0	2.965842E-2	2.403289E-2	1.607655E-2
0.000000E+0	0.000000E+0	0.000000E+0	0.000000E+0	2.942051E-2	2.380193E-2	1.591484E-2
0.000000E+0	0.000000E+0	0.000000E+0	0.000000E+0	2.917106E-2	2.358713E-2	1.574158E-2
0.000000E+0	0.000000E+0	0.000000E+0	0.000000E+0	2.893546E-2	2.340698E-2	1.559836E-2
0.000000E+0	0.000000E+0	0.000000E+0	0.000000E+0	2.874144E-2	2.319680E-2	1.545744E-2
0.000000E+0	0.000000E+0	0.000000E+0	0.000000E+0	2.849660E-2	2.300972E-2	1.531652E-2
0.000000E+0	0.000000E+0	0.000000E+0	0.000000E+0	2.824945E-2	2.280648E-2	1.516867E-2
0.000000E+0	0.000000E+0	0.000000E+0	0.000000E+0	2.802540E-2	2.262171E-2	1.502544E-2
0.000000E+0	0.000000E+0	0.000000E+0	0.000000E+0	2.782445E-2	2.243463E-2	1.490532E-2
0.000000E+0	0.000000E+0	0.000000E+0	0.000000E+0	2.759116E-2	2.223369E-2	1.476671E-2
0.000000E+0	0.000000E+0	0.000000E+0	0.000000E+0	2.736249E-2	2.202582E-2	1.460962E-2
0.000000E+0	0.000000E+0	0.000000E+0	0.000000E+0	2.712227E-2	2.184105E-2	1.448949E-2
0.000000E+0	0.000000E+0	0.000000E+0	0.000000E+0	2.692363E-2	2.166552E-2	1.436705E-2
0.000000E+0	0.000000E+0	0.000000E+0	0.000000E+0	2.670189E-2	2.149691E-2	1.423307E-2
0.000000E+0	0.000000E+0	0.000000E+0	0.000000E+0	2.649401E-2	2.129598E-2	1.408522E-2
0.000000E+0	0.000000E+0	0.000000E+0	0.000000E+0	2.625610E-2	2.111121E-2	1.393737E-2
0.000000E+0	0.000000E+0	0.000000E+0	0.000000E+0	2.608748E-2	2.093567E-2	1.382879E-2
0.000000E+0	0.000000E+0	0.000000E+0	0.000000E+0	2.584958E-2	2.077862E-2	1.372715E-2
0.000000E+0	0.000000E+0	0.000000E+0	0.000000E+0	2.564631E-2	2.058461E-2	1.358623E-2
0.000000E+0	0.000000E+0	0.000000E+0	0.000000E+0	2.545460E-2	2.040677E-2	1.342452E-2
0.000000E+0	0.000000E+0	0.000000E+0	0.000000E+0	2.525365E-2	2.024740E-2	1.334597E-2
0.000000E+0	0.000000E+0	0.000000E+0	0.000000E+0	2.505732E-2	2.009497E-2	1.319813E-2
0.000000E+0	0.000000E+0	0.000000E+0	0.000000E+0	2.484944E-2	1.990327E-2	1.306876E-2
0.000000E+0	0.000000E+0	0.000000E+0	0.000000E+0	2.465541E-2	1.971850E-2	1.293477E-2
0.000000E+0	0.000000E+0	0.000000E+0	0.000000E+0	2.447756E-2	1.958916E-2	1.285854E-2
0.000000E+0	0.000000E+0	0.000000E+0	0.000000E+0	2.427892E-2	1.942518E-2	1.270838E-2
0.000000E+0	0.000000E+0	0.000000E+0	0.000000E+0	2.408258E-2	1.924040E-2	1.257208E-2
0.000000E+0	0.000000E+0	0.000000E+0	0.000000E+0	2.387701E-2	1.904640E-2	1.244502E-2
0.000000E+0	0.000000E+0	0.000000E+0	0.000000E+0	2.371302E-2	1.892860E-2	1.238265E-2
0.000000E+0	0.000000E+0	0.000000E+0	0.000000E+0	2.352823E-2	1.874614E-2	1.227638E-2
0.000000E+0	0.000000E+0	0.000000E+0	0.000000E+0	2.331804E-2	1.861219E-2	1.213084E-2
0.000000E+0	0.000000E+0	0.000000E+0	0.000000E+0	2.313788E-2	1.844127E-2	1.200379E-2
0.000000E+0	0.000000E+0	0.000000E+0	0.000000E+0	2.295771E-2	1.830962E-2	1.190676E-2
0.000000E+0	0.000000E+0	0.000000E+0	0.000000E+0	2.278910E-2	1.817105E-2	1.180743E-2
0.000000E+0	0.000000E+0	0.000000E+0	0.000000E+0	2.259508E-2	1.799782E-2	1.171271E-2
0.000000E+0	0.000000E+0	0.000000E+0	0.000000E+0	2.244494E-2	1.785001E-2	1.157410E-2
0.000000E+0	0.000000E+0	0.000000E+0	0.000000E+0	2.226478E-2	1.770681E-2	1.146322E-2
0.000000E+0	0.000000E+0	0.000000E+0	0.000000E+0	2.208692E-2	1.756361E-2	1.137543E-2
0.000000E+0	0.000000E+0	0.000000E+0	0.000000E+0	2.189983E-2	1.740656E-2	1.129227E-2
0.000000E+0	0.000000E+0	0.000000E+0	0.000000E+0	2.173122E-2	1.722179E-2	1.114442E-2
0.000000E+0	0.000000E+0	0.000000E+0	0.000000E+0	2.156953E-2	1.709707E-2	1.107742E-2
0.000000E+0	0.000000E+0	0.000000E+0	0.000000E+0	2.141708E-2	1.697697E-2	1.098733E-2
0.000000E+0	0.000000E+0	0.000000E+0	0.000000E+0	2.123230E-2	1.686148E-2	1.086951E-2
0.000000E+0	0.000000E+0	0.000000E+0	0.000000E+0	2.103828E-2	1.667440E-2	1.075631E-2
0.000000E+0	0.000000E+0	0.000000E+0	0.000000E+0	2.089969E-2	1.656354E-2	1.068239E-2
0.000000E+0	0.000000E+0	0.000000E+0	0.000000E+0	2.075417E-2	1.643420E-2	1.058536E-2
0.000000E+0	0.000000E+0	0.000000E+0	0.000000E+0	2.056246E-2	1.628639E-2	1.046755E-2
0.000000E+0	0.000000E+0	0.000000E+0	0.000000E+0	2.039846E-2	1.612933E-2	1.038669E-2
0.000000E+0	0.000000E+0	0.000000E+0	0.000000E+0	2.024602E-2	1.602771E-2	1.028505E-2
0.000000E+0	0.000000E+0	0.000000E+0	0.000000E+0	2.009357E-2	1.590761E-2	1.021343E-2
0.000000E+0	0.000000E+0	0.000000E+0	0.000000E+0	1.994806E-2	1.577134E-2	1.013951E-2
0.000000E+0	0.000000E+0	0.000000E+0	0.000000E+0	1.979099E-2	1.560966E-2	1.001476E-2
0.000000E+0	0.000000E+0	0.000000E+0	0.000000E+0	1.964547E-2	1.547340E-2	9.920045E-3
0.000000E+0	0.000000E+0	0.000000E+0	0.000000E+0	1.948610E-2	1.539025E-2	9.843811E-3
0.000000E+0	0.000000E+0	0.000000E+0	0.000000E+0	1.933827E-2	1.524936E-2	9.765266E-3
0.000000E+0	0.000000E+0	0.000000E+0	0.000000E+0	1.920892E-2	1.512464E-2	9.652070E-3
0.000000E+0	0.000000E+0	0.000000E+0	0.000000E+0	1.903800E-2	1.497914E-2	9.548114E-3
0.000000E+0	0.000000E+0	0.000000E+0	0.000000E+0	1.890403E-2	1.489599E-2	9.501911E-3
0.000000E+0	0.000000E+0	0.000000E+0	0.000000E+0	1.874927E-2	1.475510E-2	9.425676E-3
0.000000E+0	0.000000E+0	0.000000E+0	0.000000E+0	1.858759E-2	1.462807E-2	9.321720E-3
0.000000E+0	0.000000E+0	0.000000E+0	0.000000E+0	1.845593E-2	1.450797E-2	9.222385E-3
0.000000E+0	0.000000E+0	0.000000E+0	0.000000E+0	1.832889E-2	1.440635E-2	9.155391E-3
0.000000E+0	0.000000E+0	0.000000E+0	0.000000E+0	1.816721E-2	1.430472E-2	9.095327E-3
0.000000E+0	0.000000E+0	0.000000E+0	0.000000E+0	1.801707E-2	1.416615E-2	9.019093E-3
0.000000E+0	0.000000E+0	0.000000E+0	0.000000E+0	1.789234E-2	1.405066E-2	8.882795E-3
0.000000E+0	0.000000E+0	0.000000E+0	0.000000E+0	1.774682E-2	1.397676E-2	8.822731E-3
0.000000E+0	0.000000E+0	0.000000E+0	0.000000E+0	1.760824E-2	1.385665E-2	8.767288E-3
0.000000E+0	0.000000E+0	0.000000E+0	0.000000E+0	1.748582E-2	1.372501E-2	8.665642E-3
0.000000E+0	0.000000E+0	0.000000E+0	0.000000E+0	1.735878E-2	1.356564E-2	8.594028E-3
0.000000E+0	0.000000E+0	0.000000E+0	0.000000E+0	1.721326E-2	1.348480E-2	8.550135E-3
0.000000E+0	0.000000E+0	0.000000E+0	0.000000E+0	1.710008E-2	1.341090E-2	8.473901E-3
0.000000E+0	0.000000E+0	0.000000E+0	0.000000E+0	1.693609E-2	1.329541E-2	8.365325E-3
0.000000E+0	0.000000E+0	0.000000E+0	0.000000E+0	1.683446E-2	1.313374E-2	8.284470E-3
0.000000E+0	0.000000E+0	0.000000E+0	0.000000E+0	1.669587E-2	1.307600E-2	8.224406E-3
0.000000E+0	0.000000E+0	0.000000E+0	0.000000E+0	1.658269E-2	1.296976E-2	8.164343E-3
0.000000E+0	0.000000E+0	0.000000E+0	0.000000E+0	1.645565E-2	1.284966E-2	8.088109E-3
0.000000E+0	0.000000E+0	0.000000E+0	0.000000E+0	1.632630E-2	1.273648E-2	7.998013E-3
0.000000E+0	0.000000E+0	0.000000E+0	0.000000E+0	1.618540E-2	1.263717E-2	7.933330E-3
0.000000E+0	0.000000E+0	0.000000E+0	0.000000E+0	1.607684E-2	1.254247E-2	7.880196E-3
0.000000E+0	0.000000E+0	0.000000E+0	0.000000E+0	1.596828E-2	1.245702E-2	7.810892E-3
0.000000E+0	0.000000E+0	0.000000E+0	0.000000E+0	1.582277E-2	1.231613E-2	7.727728E-3
0.000000E+0	0.000000E+0	0.000000E+0	0.000000E+0	1.570959E-2	1.226301E-2	7.665354E-3
0.000000E+0	0.000000E+0	0.000000E+0	0.000000E+0	1.560796E-2	1.215446E-2	7.596050E-3
0.000000E+0	0.000000E+0	0.000000E+0	0.000000E+0	1.547399E-2	1.206207E-2	7.554467E-3
0.000000E+0	0.000000E+0	0.000000E+0	0.000000E+0	1.536774E-2	1.191426E-2	7.448201E-3
0.000000E+0	0.000000E+0	0.000000E+0	0.000000E+0	1.524532E-2	1.184266E-2	7.376587E-3
0.000000E+0	0.000000E+0	0.000000E+0	0.000000E+0	1.515062E-2	1.177568E-2	7.355796E-3
0.000000E+0	0.000000E+0	0.000000E+0	0.000000E+0	1.503282E-2	1.168098E-2	7.288802E-3
0.000000E+0	0.000000E+0	0.000000E+0	0.000000E+0	1.493581E-2	1.156781E-2	7.203327E-3
0.000000E+0	0.000000E+0	0.000000E+0	0.000000E+0	1.480646E-2	1.148697E-2	7.131713E-3
0.000000E+0	0.000000E+0	0.000000E+0	0.000000E+0	1.470945E-2	1.140383E-2	7.087820E-3
0.000000E+0	0.000000E+0	0.000000E+0	0.000000E+0	1.459396E-2	1.132761E-2	7.013896E-3
0.000000E+0	0.000000E+0	0.000000E+0	0.000000E+0	1.448078E-2	1.119596E-2	6.963073E-3
0.000000E+0	0.000000E+0	0.000000E+0	0.000000E+0	1.436991E-2	1.113129E-2	6.877598E-3
0.000000E+0	0.000000E+0	0.000000E+0	0.000000E+0	1.425673E-2	1.103890E-2	6.859117E-3
0.000000E+0	0.000000E+0	0.000000E+0	0.000000E+0	1.417357E-2	1.094652E-2	6.808294E-3
0.000000E+0	0.000000E+0	0.000000E+0	0.000000E+0	1.405808E-2	1.083566E-2	6.727439E-3
0.000000E+0	0.000000E+0	0.000000E+0	0.000000E+0	1.395645E-2	1.075944E-2	6.632724E-3
0.000000E+0	0.000000E+0	0.000000E+0	0.000000E+0	1.384096E-2	1.070863E-2	6.605002E-3
0.000000E+0	0.000000E+0	0.000000E+0	0.000000E+0	1.375319E-2	1.061393E-2	6.565730E-3
0.000000E+0	0.000000E+0	0.000000E+0	0.000000E+0	1.363539E-2	1.051462E-2	6.510287E-3
0.000000E+0	0.000000E+0	0.000000E+0	0.000000E+0	1.353145E-2	1.041761E-2	6.415571E-3
0.000000E+0	0.000000E+0	0.000000E+0	0.000000E+0	1.344599E-2	1.037604E-2	6.387850E-3
0.000000E+0	0.000000E+0	0.000000E+0	0.000000E+0	1.333512E-2	1.027673E-2	6.334717E-3
0.000000E+0	0.000000E+0	0.000000E+0	0.000000E+0	1.324042E-2	1.020051E-2	6.276963E-3
0.000000E+0	0.000000E+0	0.000000E+0	0.000000E+0	1.312493E-2	1.010119E-2	6.189178E-3
0.000000E+0	0.000000E+0	0.000000E+0	0.000000E+0	1.303947E-2	1.005038E-2	6.170697E-3
0.000000E+0	0.000000E+0	0.000000E+0	0.000000E+0	1.294246E-2	9.983404E-3	6.112944E-3
0.000000E+0	0.000000E+0	0.000000E+0	0.000000E+0	1.284313E-2	9.895638E-3	6.069051E-3
0.000000E+0	0.000000E+0	0.000000E+0	0.000000E+0	1.274150E-2	9.782466E-3	5.983576E-3
0.000000E+0	0.000000E+0	0.000000E+0	0.000000E+0	1.266759E-2	9.754750E-3	5.953544E-3
0.000000E+0	0.000000E+0	0.000000E+0	0.000000E+0	1.255672E-2	9.671603E-3	5.918892E-3
0.000000E+0	0.000000E+0	0.000000E+0	0.000000E+0	1.249436E-2	9.579218E-3	5.849588E-3
0.000000E+0	0.000000E+0	0.000000E+0	0.000000E+0	1.239965E-2	9.500691E-3	5.791835E-3
0.000000E+0	0.000000E+0	0.000000E+0	0.000000E+0	1.231188E-2	9.461427E-3	5.761803E-3
0.000000E+0	0.000000E+0	0.000000E+0	0.000000E+0	1.220332E-2	9.387519E-3	5.720221E-3
0.000000E+0	0.000000E+0	0.000000E+0	0.000000E+0	1.212710E-2	9.285895E-3	5.685569E-3
0.000000E+0	0.000000E+0	0.000000E+0	0.000000E+0	1.201392E-2	9.191200E-3	5.602404E-3
0.000000E+0	0.000000E+0	0.000000E+0	0.000000E+0	1.192846E-2	9.145008E-3	5.560822E-3
0.000000E+0	0.000000E+0	0.000000E+0	0.000000E+0	1.186609E-2	9.089576E-3	5.526169E-3
0.000000E+0	0.000000E+0	0.000000E+0	0.000000E+0	1.176677E-2	8.994882E-3	5.484587E-3
0.000000E+0	0.000000E+0	0.000000E+0	0.000000E+0	1.166976E-2	8.907116E-3	5.412973E-3
0.000000E+0	0.000000E+0	0.000000E+0	0.000000E+0	1.160278E-2	8.863233E-3	5.362150E-3
0.000000E+0	0.000000E+0	0.000000E+0	0.000000E+0	1.152655E-2	8.814730E-3	5.339049E-3
0.000000E+0	0.000000E+0	0.000000E+0	0.000000E+0	1.142492E-2	8.708487E-3	5.299776E-3
0.000000E+0	0.000000E+0	0.000000E+0	0.000000E+0	1.133946E-2	8.646127E-3	5.228162E-3
0.000000E+0	0.000000E+0	0.000000E+0	0.000000E+0	1.125400E-2	8.609173E-3	5.158858E-3
0.000000E+0	0.000000E+0	0.000000E+0	0.000000E+0	1.118932E-2	8.558361E-3	5.188890E-3
0.000000E+0	0.000000E+0	0.000000E+0	0.000000E+0	1.113389E-2	8.465976E-3	5.110345E-3
0.000000E+0	0.000000E+0	0.000000E+0	0.000000E+0	1.101378E-2	8.373591E-3	5.047972E-3
0.000000E+0	0.000000E+0	0.000000E+0	0.000000E+0	1.093756E-2	8.348185E-3	5.027180E-3
0.000000E+0	0.000000E+0	0.000000E+0	0.000000E+0	1.086595E-2	8.276586E-3	4.976358E-3
0.000000E+0	0.000000E+0	0.000000E+0	0.000000E+0	1.080821E-2	8.221155E-3	4.946326E-3
0.000000E+0	0.000000E+0	0.000000E+0	0.000000E+0	1.069965E-2	8.147247E-3	4.895503E-3
0.000000E+0	0.000000E+0	0.000000E+0	0.000000E+0	1.065576E-2	8.077958E-3	4.846990E-3
0.000000E+0	0.000000E+0	0.000000E+0	0.000000E+0	1.057954E-2	8.054862E-3	4.826199E-3
0.000000E+0	0.000000E+0	0.000000E+0	0.000000E+0	1.051255E-2	7.969405E-3	4.791547E-3
0.000000E+0	0.000000E+0	0.000000E+0	0.000000E+0	1.040861E-2	7.890878E-3	4.747654E-3
0.000000E+0	0.000000E+0	0.000000E+0	0.000000E+0	1.033008E-2	7.835447E-3	4.669110E-3
0.000000E+0	0.000000E+0	0.000000E+0	0.000000E+0	1.026772E-2	7.814660E-3	4.655249E-3
0.000000E+0	0.000000E+0	0.000000E+0	0.000000E+0	1.016839E-2	7.726894E-3	4.634458E-3
0.000000E+0	0.000000E+0	0.000000E+0	0.000000E+0	1.011989E-2	7.657605E-3	4.592875E-3
0.000000E+0	0.000000E+0	0.000000E+0	0.000000E+0	1.005752E-2	7.581387E-3	4.530502E-3
0.000000E+0	0.000000E+0	0.000000E+0	0.000000E+0	9.978992E-3	7.555981E-3	4.528191E-3
0.000000E+0	0.000000E+0	0.000000E+0	0.000000E+0	9.923557E-3	7.505170E-3	4.465818E-3
0.000000E+0	0.000000E+0	0.000000E+0	0.000000E+0	9.821926E-3	7.445119E-3	4.447337E-3
0.000000E+0	0.000000E+0	0.000000E+0	0.000000E+0	9.736464E-3	7.366592E-3	4.371102E-3
0.000000E+0	0.000000E+0	0.000000E+0	0.000000E+0	9.708746E-3	7.343495E-3	4.394204E-3
0.000000E+0	0.000000E+0	0.000000E+0	0.000000E+0	9.648692E-3	7.292684E-3	4.341071E-3
0.000000E+0	0.000000E+0	0.000000E+0	0.000000E+0	9.558610E-3	7.221085E-3	4.304108E-3
0.000000E+0	0.000000E+0	0.000000E+0	0.000000E+0	9.493936E-3	7.135629E-3	4.207083E-3
0.000000E+0	0.000000E+0	0.000000E+0	0.000000E+0	9.433881E-3	7.121771E-3	4.227874E-3
0.000000E+0	0.000000E+0	0.000000E+0	0.000000E+0	9.362277E-3	7.057101E-3	4.190912E-3
0.000000E+0	0.000000E+0	0.000000E+0	0.000000E+0	9.323011E-3	7.008599E-3	4.158570E-3
0.000000E+0	0.000000E+0	0.000000E+0	0.000000E+0	9.242168E-3	6.923143E-3	4.103127E-3
0.000000E+0	0.000000E+0	0.000000E+0	0.000000E+0	9.145157E-3	6.911594E-3	4.091576E-3
0.000000E+0	0.000000E+0	0.000000E+0	0.000000E+0	9.126679E-3	6.865402E-3	4.063854E-3
0.000000E+0	0.000000E+0	0.000000E+0	0.000000E+0	9.041216E-3	6.821519E-3	4.022272E-3
0.000000E+0	0.000000E+0	0.000000E+0	0.000000E+0	8.962683E-3	6.745301E-3	3.966829E-3
0.000000E+0	0.000000E+0	0.000000E+0	0.000000E+0	8.909558E-3	6.696799E-3	3.955278E-3
0.000000E+0	0.000000E+0	0.000000E+0	0.000000E+0	8.867982E-3	6.645987E-3	3.955278E-3
0.000000E+0	0.000000E+0	0.000000E+0	0.000000E+0	8.784829E-3	6.592865E-3	3.883664E-3
0.000000E+0	0.000000E+0	0.000000E+0	0.000000E+0	8.713226E-3	6.553602E-3	3.846702E-3
0.000000E+0	0.000000E+0	0.000000E+0	0.000000E+0	8.660101E-3	6.500480E-3	3.812050E-3
0.000000E+0	0.000000E+0	0.000000E+0	0.000000E+0	8.600046E-3	6.470455E-3	3.788948E-3
0.000000E+0	0.000000E+0	0.000000E+0	0.000000E+0	8.558470E-3	6.417333E-3	3.786638E-3
0.000000E+0	0.000000E+0	0.000000E+0	0.000000E+0	8.496105E-3	6.345735E-3	3.728885E-3
0.000000E+0	0.000000E+0	0.000000E+0	0.000000E+0	8.431431E-3	6.318019E-3	3.696543E-3
0.000000E+0	0.000000E+0	0.000000E+0	0.000000E+0	8.375996E-3	6.269517E-3	3.694233E-3
0.000000E+0	0.000000E+0	0.000000E+0	0.000000E+0	8.313632E-3	6.227944E-3	3.631859E-3
0.000000E+0	0.000000E+0	0.000000E+0	0.000000E+0	8.262816E-3	6.156345E-3	3.617999E-3
0.000000E+0	0.000000E+0	0.000000E+0	0.000000E+0	8.221240E-3	6.126320E-3	3.576416E-3
0.000000E+0	0.000000E+0	0.000000E+0	0.000000E+0	8.154256E-3	6.096295E-3	3.564865E-3
0.000000E+0	0.000000E+0	0.000000E+0	0.000000E+0	8.094202E-3	6.059341E-3	3.548695E-3
0.000000E+0	0.000000E+0	0.000000E+0	0.000000E+0	8.020288E-3	5.983123E-3	3.500182E-3
0.000000E+0	0.000000E+0	0.000000E+0	0.000000E+0	7.960234E-3	5.948478E-3	3.465530E-3
0.000000E+0	0.000000E+0	0.000000E+0	0.000000E+0	7.916348E-3	5.927692E-3	3.474770E-3
0.000000E+0	0.000000E+0	0.000000E+0	0.000000E+0	7.879391E-3	5.867641E-3	3.428568E-3
0.000000E+0	0.000000E+0	0.000000E+0	0.000000E+0	7.817027E-3	5.812210E-3	3.380055E-3
0.000000E+0	0.000000E+0	0.000000E+0	0.000000E+0	7.761592E-3	5.786804E-3	3.343093E-3
0.000000E+0	0.000000E+0	0.000000E+0	0.000000E+0	7.710776E-3	5.745231E-3	3.345403E-3
0.000000E+0	0.000000E+0	0.000000E+0	0.000000E+0	7.639173E-3	5.731373E-3	3.329232E-3
0.000000E+0	0.000000E+0	0.000000E+0	0.000000E+0	7.611455E-3	5.634369E-3	3.303820E-3
0.000000E+0	0.000000E+0	0.000000E+0	0.000000E+0	7.556020E-3	5.604343E-3	3.222966E-3
0.000000E+0	0.000000E+0	0.000000E+0	0.000000E+0	7.507514E-3	5.581247E-3	3.257618E-3
0.000000E+0	0.000000E+0	0.000000E+0	0.000000E+0	7.452079E-3	5.551222E-3	3.204484E-3
0.000000E+0	0.000000E+0	0.000000E+0	0.000000E+0	7.408193E-3	5.511958E-3	3.186003E-3
0.000000E+0	0.000000E+0	0.000000E+0	0.000000E+0	7.348139E-3	5.468075E-3	3.146731E-3
0.000000E+0	0.000000E+0	0.000000E+0	0.000000E+0	7.318111E-3	5.428811E-3	3.135180E-3
0.000000E+0	0.000000E+0	0.000000E+0	0.000000E+0	7.269606E-3	5.401096E-3	3.091288E-3
0.000000E+0	0.000000E+0	0.000000E+0	0.000000E+0	7.214171E-3	5.336426E-3	3.084358E-3
0.000000E+0	0.000000E+0	0.000000E+0	0.000000E+0	7.156426E-3	5.301782E-3	3.047395E-3
0.000000E+0	0.000000E+0	0.000000E+0	0.000000E+0	7.100991E-3	5.276376E-3	3.033535E-3
0.000000E+0	0.000000E+0	0.000000E+0	0.000000E+0	7.073274E-3	5.234802E-3	3.021984E-3
0.000000E+0	0.000000E+0	0.000000E+0	0.000000E+0	7.010909E-3	5.193229E-3	3.003503E-3
0.000000E+0	0.000000E+0	0.000000E+0	0.000000E+0	6.967023E-3	5.140108E-3	2.938819E-3
0.000000E+0	0.000000E+0	0.000000E+0	0.000000E+0	6.895420E-3	5.119321E-3	2.938819E-3
0.000000E+0	0.000000E+0	0.000000E+0	0.000000E+0	6.883871E-3	5.091605E-3	2.936509E-3
0.000000E+0	0.000000E+0	0.000000E+0	0.000000E+0	6.839985E-3	5.033865E-3	2.897237E-3
0.000000E+0	0.000000E+0	0.000000E+0	0.000000E+0	6.786859E-3	4.989982E-3	2.869515E-3
0.000000E+0	0.000000E+0	0.000000E+0	0.000000E+0	6.726805E-3	4.978433E-3	2.837173E-3
0.000000E+0	0.000000E+0	0.000000E+0	0.000000E+0	6.689848E-3	4.962266E-3	2.834863E-3
0.000000E+0	0.000000E+0	0.000000E+0	0.000000E+0	6.664440E-3	4.904525E-3	2.807141E-3
0.000000E+0	0.000000E+0	0.000000E+0	0.000000E+0	6.599766E-3	4.849094E-3	2.765559E-3
0.000000E+0	0.000000E+0	0.000000E+0	0.000000E+0	6.558190E-3	4.830617E-3	2.767869E-3
0.000000E+0	0.000000E+0	0.000000E+0	0.000000E+0	6.544331E-3	4.809830E-3	2.751698E-3
0.000000E+0	0.000000E+0	0.000000E+0	0.000000E+0	6.472728E-3	4.779805E-3	2.742458E-3
0.000000E+0	0.000000E+0	0.000000E+0	0.000000E+0	6.456559E-3	4.698968E-3	2.682394E-3
0.000000E+0	0.000000E+0	0.000000E+0	0.000000E+0	6.405744E-3	4.689730E-3	2.661603E-3
0.000000E+0	0.000000E+0	0.000000E+0	0.000000E+0	6.364167E-3	4.675872E-3	2.666223E-3
0.000000E+0	0.000000E+0	0.000000E+0	0.000000E+0	6.347999E-3	4.648156E-3	2.633881E-3
0.000000E+0	0.000000E+0	0.000000E+0	0.000000E+0	6.271776E-3	4.578867E-3	2.596919E-3
0.000000E+0	0.000000E+0	0.000000E+0	0.000000E+0	6.237129E-3	4.558081E-3	2.578438E-3
0.000000E+0	0.000000E+0	0.000000E+0	0.000000E+0	6.190933E-3	4.560390E-3	2.566887E-3
0.000000E+0	0.000000E+0	0.000000E+0	0.000000E+0	6.179384E-3	4.500340E-3	2.564577E-3
0.000000E+0	0.000000E+0	0.000000E+0	0.000000E+0	6.114710E-3	4.442599E-3	2.548406E-3
0.000000E+0	0.000000E+0	0.000000E+0	0.000000E+0	6.089302E-3	4.426432E-3	2.520685E-3
0.000000E+0	0.000000E+0	0.000000E+0	0.000000E+0	6.047726E-3	4.412574E-3	2.520685E-3
0.000000E+0	0.000000E+0	0.000000E+0	0.000000E+0	6.022318E-3	4.380239E-3	2.472172E-3
0.000000E+0	0.000000E+0	0.000000E+0	0.000000E+0	5.953024E-3	4.352523E-3	2.451381E-3
0.000000E+0	0.000000E+0	0.000000E+0	0.000000E+0	5.941475E-3	4.324808E-3	2.421349E-3
0.000000E+0	0.000000E+0	0.000000E+0	0.000000E+0	5.909138E-3	4.287854E-3	2.407488E-3
0.000000E+0	0.000000E+0	0.000000E+0	0.000000E+0	5.874491E-3	4.273996E-3	2.407488E-3
0.000000E+0	0.000000E+0	0.000000E+0	0.000000E+0	5.791339E-3	4.220875E-3	2.370526E-3
0.000000E+0	0.000000E+0	0.000000E+0	0.000000E+0	5.759002E-3	4.186230E-3	2.335874E-3
0.000000E+0	0.000000E+0	0.000000E+0	0.000000E+0	5.745143E-3	4.186230E-3	2.340494E-3
0.000000E+0	0.000000E+0	0.000000E+0	0.000000E+0	5.722045E-3	4.186230E-3	2.324323E-3
0.000000E+0	0.000000E+0	0.000000E+0	0.000000E+0	5.643512E-3	4.112322E-3	2.308152E-3
0.000000E+0	0.000000E+0	0.000000E+0	0.000000E+0	5.601936E-3	4.089226E-3	2.266570E-3
0.000000E+0	0.000000E+0	0.000000E+0	0.000000E+0	5.599626E-3	4.084606E-3	2.282741E-3
0.000000E+0	0.000000E+0	0.000000E+0	0.000000E+0	5.576528E-3	4.040723E-3	2.273500E-3
0.000000E+0	0.000000E+0	0.000000E+0	0.000000E+0	5.546501E-3	4.024556E-3	2.250399E-3
0.000000E+0	0.000000E+0	0.000000E+0	0.000000E+0	5.479517E-3	3.962196E-3	2.197266E-3
0.000000E+0	0.000000E+0	0.000000E+0	0.000000E+0	5.440251E-3	3.962196E-3	2.206506E-3
0.000000E+0	0.000000E+0	0.000000E+0	0.000000E+0	5.444870E-3	3.950648E-3	2.194956E-3
0.000000E+0	0.000000E+0	0.000000E+0	0.000000E+0	5.394055E-3	3.892907E-3	2.188025E-3
0.000000E+0	0.000000E+0	0.000000E+0	0.000000E+0	5.331690E-3	3.860572E-3	2.116411E-3
0.000000E+0	0.000000E+0	0.000000E+0	0.000000E+0	5.285494E-3	3.846714E-3	2.139513E-3
0.000000E+0	0.000000E+0	0.000000E+0	0.000000E+0	5.283185E-3	3.830547E-3	2.123342E-3
0.000000E+0	0.000000E+0	0.000000E+0	0.000000E+0	5.257777E-3	3.786664E-3	2.114101E-3
0.000000E+0	0.000000E+0	0.000000E+0	0.000000E+0	5.202342E-3	3.749710E-3	2.067898E-3
0.000000E+0	0.000000E+0	0.000000E+0	0.000000E+0	5.160766E-3	3.756639E-3	2.067898E-3
0.000000E+0	0.000000E+0	0.000000E+0	0.000000E+0	5.149217E-3	3.738162E-3	2.065588E-3
0.000000E+0	0.000000E+0	0.000000E+0	0.000000E+0	5.105331E-3	3.689659E-3	2.051727E-3
0.000000E+0	0.000000E+0	0.000000E+0	0.000000E+0	5.070684E-3	3.634228E-3	2.003215E-3
0.000000E+0	0.000000E+0	0.000000E+0	0.000000E+0	5.054515E-3	3.631919E-3	2.003215E-3
0.000000E+0	0.000000E+0	0.000000E+0	0.000000E+0	5.006010E-3	3.650396E-3	1.998594E-3
0.000000E+0	0.000000E+0	0.000000E+0	0.000000E+0	4.987531E-3	3.604203E-3	1.968563E-3
0.000000E+0	0.000000E+0	0.000000E+0	0.000000E+0	4.941335E-3	3.537224E-3	1.957012E-3
0.000000E+0	0.000000E+0	0.000000E+0	0.000000E+0	4.932096E-3	3.553391E-3	1.917740E-3
0.000000E+0	0.000000E+0	0.000000E+0	0.000000E+0	4.908998E-3	3.544153E-3	1.938531E-3
0.000000E+0	0.000000E+0	0.000000E+0	0.000000E+0	4.867422E-3	3.509508E-3	1.938531E-3
0.000000E+0	0.000000E+0	0.000000E+0	0.000000E+0	4.832775E-3	3.472554E-3	1.915430E-3
0.000000E+0	0.000000E+0	0.000000E+0	0.000000E+0	4.802748E-3	3.447148E-3	1.878467E-3
0.000000E+0	0.000000E+0	0.000000E+0	0.000000E+0	4.770411E-3	3.447148E-3	1.876157E-3
0.000000E+0	0.000000E+0	0.000000E+0	0.000000E+0	4.735764E-3	3.430981E-3	1.883088E-3
0.000000E+0	0.000000E+0	0.000000E+0	0.000000E+0	4.726525E-3	3.400956E-3	1.846126E-3
0.000000E+0	0.000000E+0	0.000000E+0	0.000000E+0	4.675709E-3	3.366311E-3	1.795303E-3
0.000000E+0	0.000000E+0	0.000000E+0	0.000000E+0	4.650302E-3	3.345524E-3	1.829955E-3
0.000000E+0	0.000000E+0	0.000000E+0	0.000000E+0	4.627204E-3	3.331667E-3	1.818404E-3
0.000000E+0	0.000000E+0	0.000000E+0	0.000000E+0	4.597176E-3	3.276236E-3	1.806853E-3
0.000000E+0	0.000000E+0	0.000000E+0	0.000000E+0	4.539432E-3	3.269307E-3	1.760651E-3
0.000000E+0	0.000000E+0	0.000000E+0	0.000000E+0	4.532502E-3	3.262378E-3	1.756030E-3
0.000000E+0	0.000000E+0	0.000000E+0	0.000000E+0	4.516334E-3	3.248520E-3	1.767581E-3
0.000000E+0	0.000000E+0	0.000000E+0	0.000000E+0	4.479377E-3	3.206947E-3	1.737549E-3
0.000000E+0	0.000000E+0	0.000000E+0	0.000000E+0	4.447040E-3	3.188470E-3	1.723688E-3
0.000000E+0	0.000000E+0	0.000000E+0	0.000000E+0	4.421632E-3	3.174612E-3	1.723688E-3
0.000000E+0	0.000000E+0	0.000000E+0	0.000000E+0	4.410083E-3	3.181541E-3	1.707517E-3
0.000000E+0	0.000000E+0	0.000000E+0	0.000000E+0	4.370817E-3	3.142277E-3	1.702897E-3
0.000000E+0	0.000000E+0	0.000000E+0	0.000000E+0	4.345409E-3	3.098394E-3	1.649764E-3
0.000000E+0	0.000000E+0	0.000000E+0	0.000000E+0	4.317692E-3	3.105323E-3	1.679796E-3
0.000000E+0	0.000000E+0	0.000000E+0	0.000000E+0	4.308452E-3	3.070678E-3	1.679796E-3
0.000000E+0	0.000000E+0	0.000000E+0	0.000000E+0	4.266876E-3	3.019867E-3	1.624353E-3
0.000000E+0	0.000000E+0	0.000000E+0	0.000000E+0	4.241468E-3	3.012938E-3	1.615112E-3
0.000000E+0	0.000000E+0	0.000000E+0	0.000000E+0	4.218371E-3	3.026795E-3	1.605872E-3
0.000000E+0	0.000000E+0	0.000000E+0	0.000000E+0	4.206822E-3	3.010628E-3	1.617422E-3
0.000000E+0	0.000000E+0	0.000000E+0	0.000000E+0	4.179104E-3	2.966745E-3	1.589701E-3
0.000000E+0	0.000000E+0	0.000000E+0	0.000000E+0	4.146767E-3	2.952887E-3	1.557359E-3
0.000000E+0	0.000000E+0	0.000000E+0	0.000000E+0	4.132908E-3	2.945958E-3	1.550428E-3
0.000000E+0	0.000000E+0	0.000000E+0	0.000000E+0	4.114430E-3	2.918243E-3	1.582770E-3
0.000000E+0	0.000000E+0	0.000000E+0	0.000000E+0	4.089022E-3	2.906695E-3	1.545808E-3
0.000000E+0	0.000000E+0	0.000000E+0	0.000000E+0	4.035897E-3	2.865121E-3	1.511156E-3
0.000000E+0	0.000000E+0	0.000000E+0	0.000000E+0	4.019728E-3	2.888218E-3	1.497295E-3
0.000000E+0	0.000000E+0	0.000000E+0	0.000000E+0	4.010489E-3	2.869740E-3	1.515776E-3
0.000000E+0	0.000000E+0	0.000000E+0	0.000000E+0	3.968913E-3	2.842025E-3	1.499605E-3
0.000000E+0	0.000000E+0	0.000000E+0	0.000000E+0	3.943505E-3	2.793523E-3	1.474194E-3
0.000000E+0	0.000000E+0	0.000000E+0	0.000000E+0	3.915788E-3	2.784284E-3	1.451093E-3
0.000000E+0	0.000000E+0	0.000000E+0	0.000000E+0	3.922717E-3	2.781975E-3	1.478814E-3
0.000000E+0	0.000000E+0	0.000000E+0	0.000000E+0	3.881141E-3	2.747330E-3	1.446472E-3
0.000000E+0	0.000000E+0	0.000000E+0	0.000000E+0	3.862663E-3	2.714995E-3	1.418751E-3
0.000000E+0	0.000000E+0	0.000000E+0	0.000000E+0	3.832635E-3	2.719614E-3	1.414130E-3
0.000000E+0	0.000000E+0	0.000000E+0	0.000000E+0	3.811847E-3	2.710376E-3	1.423371E-3
0.000000E+0	0.000000E+0	0.000000E+0	0.000000E+0	3.800298E-3	2.682660E-3	1.409510E-3
0.000000E+0	0.000000E+0	0.000000E+0	0.000000E+0	3.765651E-3	2.654945E-3	1.402580E-3
0.000000E+0	0.000000E+0	0.000000E+0	0.000000E+0	3.731004E-3	2.645706E-3	1.335586E-3
0.000000E+0	0.000000E+0	0.000000E+0	0.000000E+0	3.724075E-3	2.643397E-3	1.397959E-3
0.000000E+0	0.000000E+0	0.000000E+0	0.000000E+0	3.712526E-3	2.615681E-3	1.381789E-3
0.000000E+0	0.000000E+0	0.000000E+0	0.000000E+0	3.666330E-3	2.583346E-3	1.335586E-3
0.000000E+0	0.000000E+0	0.000000E+0	0.000000E+0	3.652472E-3	2.557940E-3	1.321725E-3
0.000000E+0	0.000000E+0	0.000000E+0	0.000000E+0	3.636303E-3	2.562560E-3	1.342516E-3
0.000000E+0	0.000000E+0	0.000000E+0	0.000000E+0	3.636303E-3	2.548702E-3	1.324035E-3
0.000000E+0	0.000000E+0	0.000000E+0	0.000000E+0	3.615515E-3	2.527915E-3	1.298624E-3
0.000000E+0	0.000000E+0	0.000000E+0	0.000000E+0	3.583178E-3	2.520986E-3	1.261662E-3
0.000000E+0	0.000000E+0	0.000000E+0	0.000000E+0	3.583178E-3	2.495580E-3	1.303244E-3
0.000000E+0	0.000000E+0	0.000000E+0	0.000000E+0	3.548531E-3	2.507128E-3	1.282453E-3
0.000000E+0	0.000000E+0	0.000000E+0	0.000000E+0	3.527743E-3	2.451697E-3	1.263972E-3
0.000000E+0	0.000000E+0	0.000000E+0	0.000000E+0	3.511574E-3	2.451697E-3	1.233940E-3
0.000000E+0	0.000000E+0	0.000000E+0	0.000000E+0	3.481547E-3	2.421672E-3	1.261662E-3
0.000000E+0	0.000000E+0	0.000000E+0	0.000000E+0	3.481547E-3	2.440149E-3	1.247801E-3
0.000000E+0	0.000000E+0	0.000000E+0	0.000000E+0	3.444590E-3	2.398576E-3	1.252421E-3
0.000000E+0	0.000000E+0	0.000000E+0	0.000000E+0	3.428422E-3	2.387028E-3	1.169256E-3
0.000000E+0	0.000000E+0	0.000000E+0	0.000000E+0	3.426112E-3	2.366241E-3	1.227010E-3
0.000000E+0	0.000000E+0	0.000000E+0	0.000000E+0	3.396085E-3	2.359312E-3	1.227010E-3
0.000000E+0	0.000000E+0	0.000000E+0	0.000000E+0	3.386845E-3	2.343145E-3	1.190047E-3
0.000000E+0	0.000000E+0	0.000000E+0	0.000000E+0	3.331410E-3	2.313119E-3	1.157706E-3
0.000000E+0	0.000000E+0	0.000000E+0	0.000000E+0	3.336030E-3	2.306191E-3	1.169256E-3
0.000000E+0	0.000000E+0	0.000000E+0	0.000000E+0	3.319861E-3	2.317739E-3	1.203908E-3
0.000000E+0	0.000000E+0	0.000000E+0	0.000000E+0	3.292144E-3	2.303881E-3	1.153085E-3
0.000000E+0	0.000000E+0	0.000000E+0	0.000000E+0	3.264426E-3	2.259998E-3	1.125364E-3
0.000000E+0	0.000000E+0	0.000000E+0	0.000000E+0	3.248258E-3	2.259998E-3	1.127674E-3
0.000000E+0	0.000000E+0	0.000000E+0	0.000000E+0	3.264426E-3	2.250759E-3	1.146155E-3
0.000000E+0	0.000000E+0	0.000000E+0	0.000000E+0	3.218231E-3	2.220734E-3	1.136914E-3
0.000000E+0	0.000000E+0	0.000000E+0	0.000000E+0	3.215921E-3	2.190709E-3	1.097642E-3
0.000000E+0	0.000000E+0	0.000000E+0	0.000000E+0	3.185894E-3	2.211496E-3	1.081471E-3
0.000000E+0	0.000000E+0	0.000000E+0	0.000000E+0	3.192823E-3	2.206876E-3	1.093022E-3
0.000000E+0	0.000000E+0	0.000000E+0	0.000000E+0	3.148937E-3	2.158374E-3	1.113813E-3
0.000000E+0	0.000000E+0	0.000000E+0	0.000000E+0	3.137388E-3	2.132968E-3	1.062990E-3
0.000000E+0	0.000000E+0	0.000000E+0	0.000000E+0	3.116600E-3	2.139897E-3	1.079161E-3
0.000000E+0	0.000000E+0	0.000000E+0	0.000000E+0	3.107361E-3	2.135278E-3	1.093022E-3
0.000000E+0	0.000000E+0	0.000000E+0	0.000000E+0	3.061165E-3	2.116801E-3	1.065300E-3
0.000000E+0	0.000000E+0	0.000000E+0	0.000000E+0	3.049616E-3	2.096014E-3	1.035268E-3
0.000000E+0	0.000000E+0	0.000000E+0	0.000000E+0	3.051926E-3	2.089085E-3	1.028338E-3
0.000000E+0	0.000000E+0	0.000000E+0	0.000000E+0	3.028828E-3	2.082156E-3	1.032958E-3
0.000000E+0	0.000000E+0	0.000000E+0	0.000000E+0	3.014969E-3	2.084466E-3	1.039889E-3
0.000000E+0	0.000000E+0	0.000000E+0	0.000000E+0	2.980322E-3	2.056750E-3	1.012167E-3
0.000000E+0	0.000000E+0	0.000000E+0	0.000000E+0	2.966463E-3	2.042893E-3	1.005237E-3
0.000000E+0	0.000000E+0	0.000000E+0	0.000000E+0	2.966463E-3	2.040583E-3	1.026028E-3
0.000000E+0	0.000000E+0	0.000000E+0	0.000000E+0	2.943365E-3	2.017487E-3	9.983063E-4
0.000000E+0	0.000000E+0	0.000000E+0	0.000000E+0	2.917958E-3	2.012867E-3	9.752049E-4
0.000000E+0	0.000000E+0	0.000000E+0	0.000000E+0	2.920267E-3	1.992081E-3	9.382428E-4
0.000000E+0	0.000000E+0	0.000000E+0	0.000000E+0	2.899479E-3	1.996700E-3	9.705847E-4
0.000000E+0	0.000000E+0	0.000000E+0	0.000000E+0	2.857903E-3	1.964365E-3	9.613441E-4
0.000000E+0	0.000000E+0	0.000000E+0	0.000000E+0	2.855593E-3	1.948198E-3	9.451732E-4
0.000000E+0	0.000000E+0	0.000000E+0	0.000000E+0	2.850974E-3	1.911244E-3	9.266921E-4
0.000000E+0	0.000000E+0	0.000000E+0	0.000000E+0	2.848664E-3	1.948198E-3	9.590340E-4
0.000000E+0	0.000000E+0	0.000000E+0	0.000000E+0	2.839425E-3	1.925102E-3	9.521036E-4
0.000000E+0	0.000000E+0	0.000000E+0	0.000000E+0	2.802468E-3	1.927411E-3	9.313124E-4
0.000000E+0	0.000000E+0	0.000000E+0	0.000000E+0	2.783990E-3	1.888147E-3	9.059009E-4
0.000000E+0	0.000000E+0	0.000000E+0	0.000000E+0	2.763202E-3	1.913553E-3	9.197617E-4
0.000000E+0	0.000000E+0	0.000000E+0	0.000000E+0	2.753962E-3	1.881219E-3	9.059009E-4
0.000000E+0	0.000000E+0	0.000000E+0	0.000000E+0	2.735484E-3	1.869670E-3	8.897300E-4
0.000000E+0	0.000000E+0	0.000000E+0	0.000000E+0	2.717006E-3	1.837336E-3	8.735590E-4
0.000000E+0	0.000000E+0	0.000000E+0	0.000000E+0	2.714696E-3	1.846574E-3	8.851097E-4
0.000000E+0	0.000000E+0	0.000000E+0	0.000000E+0	2.712386E-3	1.844264E-3	8.735590E-4
0.000000E+0	0.000000E+0	0.000000E+0	0.000000E+0	2.680049E-3	1.825787E-3	8.643185E-4
0.000000E+0	0.000000E+0	0.000000E+0	0.000000E+0	2.659261E-3	1.786524E-3	8.296665E-4
0.000000E+0	0.000000E+0	0.000000E+0	0.000000E+0	2.654641E-3	1.805001E-3	8.527678E-4
0.000000E+0	0.000000E+0	0.000000E+0	0.000000E+0	2.656951E-3	1.800381E-3	8.573881E-4
0.000000E+0	0.000000E+0	0.000000E+0	0.000000E+0	2.619995E-3	1.777285E-3	8.504577E-4
0.000000E+0	0.000000E+0	0.000000E+0	0.000000E+0	2.585348E-3	1.742641E-3	8.227361E-4
0.000000E+0	0.000000E+0	0.000000E+0	0.000000E+0	2.592277E-3	1.763427E-3	8.342867E-4
0.000000E+0	0.000000E+0	0.000000E+0	0.000000E+0	2.594587E-3	1.749570E-3	8.412171E-4
0.000000E+0	0.000000E+0	0.000000E+0	0.000000E+0	2.573799E-3	1.738021E-3	8.134955E-4
0.000000E+0	0.000000E+0	0.000000E+0	0.000000E+0	2.546081E-3	1.728783E-3	8.042550E-4
0.000000E+0	0.000000E+0	0.000000E+0	0.000000E+0	2.548391E-3	1.721854E-3	8.134955E-4
0.000000E+0	0.000000E+0	0.000000E+0	0.000000E+0	2.536842E-3	1.707996E-3	8.019449E-4
0.000000E+0	0.000000E+0	0.000000E+0	0.000000E+0	2.506815E-3	1.714925E-3	7.672928E-4
0.000000E+0	0.000000E+0	0.000000E+0	0.000000E+0	2.497576E-3	1.661804E-3	7.742232E-4
0.000000E+0	0.000000E+0	0.000000E+0	0.000000E+0	2.488336E-3	1.650255E-3	7.696030E-4
0.000000E+0	0.000000E+0	0.000000E+0	0.000000E+0	2.490646E-3	1.659494E-3	7.672928E-4
0.000000E+0	0.000000E+0	0.000000E+0	0.000000E+0	2.458309E-3	1.647946E-3	7.765334E-4
0.000000E+0	0.000000E+0	0.000000E+0	0.000000E+0	2.444450E-3	1.634088E-3	7.511219E-4
0.000000E+0	0.000000E+0	0.000000E+0	0.000000E+0	2.432901E-3	1.634088E-3	7.280206E-4
0.000000E+0	0.000000E+0	0.000000E+0	0.000000E+0	2.446760E-3	1.622540E-3	7.534320E-4
0.000000E+0	0.000000E+0	0.000000E+0	0.000000E+0	2.428282E-3	1.624850E-3	7.557422E-4
0.000000E+0	0.000000E+0	0.000000E+0	0.000000E+0	2.391325E-3	1.578657E-3	7.303307E-4
0.000000E+0	0.000000E+0	0.000000E+0	0.000000E+0	2.370537E-3	1.604063E-3	7.164699E-4
0.000000E+0	0.000000E+0	0.000000E+0	0.000000E+0	2.382086E-3	1.576347E-3	7.395712E-4
0.000000E+0	0.000000E+0	0.000000E+0	0.000000E+0	2.370537E-3	1.599444E-3	7.511219E-4
0.000000E+0	0.000000E+0	0.000000E+0	0.000000E+0	2.333580E-3	1.557870E-3	7.234003E-4
0.000000E+0	0.000000E+0	0.000000E+0	0.000000E+0	2.326651E-3	1.550941E-3	6.725773E-4
0.000000E+0	0.000000E+0	0.000000E+0	0.000000E+0	2.342819E-3	1.562489E-3	6.887483E-4
0.000000E+0	0.000000E+0	0.000000E+0	0.000000E+0	2.310482E-3	1.553251E-3	7.026091E-4
0.000000E+0	0.000000E+0	0.000000E+0	0.000000E+0	2.301243E-3	1.500129E-3	6.702672E-4
0.000000E+0	0.000000E+0	0.000000E+0	0.000000E+0	2.285075E-3	1.523226E-3	6.748875E-4
0.000000E+0	0.000000E+0	0.000000E+0	0.000000E+0	2.273526E-3	1.507058E-3	6.725773E-4
0.000000E+0	0.000000E+0	0.000000E+0	0.000000E+0	2.259667E-3	1.527845E-3	6.748875E-4
0.000000E+0	0.000000E+0	0.000000E+0	0.000000E+0	2.255047E-3	1.460866E-3	6.702672E-4
0.000000E+0	0.000000E+0	0.000000E+0	0.000000E+0	2.243498E-3	1.474724E-3	6.425456E-4
0.000000E+0	0.000000E+0	0.000000E+0	0.000000E+0	2.229640E-3	1.493201E-3	6.494760E-4
0.000000E+0	0.000000E+0	0.000000E+0	0.000000E+0	2.231949E-3	1.472414E-3	6.517861E-4
0.000000E+0	0.000000E+0	0.000000E+0	0.000000E+0	2.194993E-3	1.449318E-3	6.356152E-4
0.000000E+0	0.000000E+0	0.000000E+0	0.000000E+0	2.171895E-3	1.430841E-3	6.171341E-4
0.000000E+0	0.000000E+0	0.000000E+0	0.000000E+0	2.183444E-3	1.447008E-3	6.217544E-4
0.000000E+0	0.000000E+0	0.000000E+0	0.000000E+0	2.181134E-3	1.442389E-3	6.402355E-4
0.000000E+0	0.000000E+0	0.000000E+0	0.000000E+0	2.160346E-3	1.426221E-3	6.240645E-4
0.000000E+0	0.000000E+0	0.000000E+0	0.000000E+0	2.137248E-3	1.382338E-3	5.917226E-4
0.000000E+0	0.000000E+0	0.000000E+0	0.000000E+0	2.130319E-3	1.421602E-3	6.194443E-4
0.000000E+0	0.000000E+0	0.000000E+0	0.000000E+0	2.114150E-3	1.419292E-3	6.078936E-4
0.000000E+0	0.000000E+0	0.000000E+0	0.000000E+0	2.118770E-3	1.382338E-3	5.940328E-4
0.000000E+0	0.000000E+0	0.000000E+0	0.000000E+0	2.091052E-3	1.350003E-3	5.847922E-4
0.000000E+0	0.000000E+0	0.000000E+0	0.000000E+0	2.097982E-3	1.370790E-3	5.963429E-4
0.000000E+0	0.000000E+0	0.000000E+0	0.000000E+0	2.084123E-3	1.359242E-3	5.871024E-4
0.000000E+0	0.000000E+0	0.000000E+0	0.000000E+0	2.077193E-3	1.347694E-3	5.917226E-4
0.000000E+0	0.000000E+0	0.000000E+0	0.000000E+0	2.051786E-3	1.319978E-3	5.501402E-4
0.000000E+0	0.000000E+0	0.000000E+0	0.000000E+0	2.056405E-3	1.343075E-3	5.570706E-4
0.000000E+0	0.000000E+0	0.000000E+0	0.000000E+0	2.044856E-3	1.340765E-3	5.709314E-4
0.000000E+0	0.000000E+0	0.000000E+0	0.000000E+0	2.065644E-3	1.331526E-3	5.755517E-4
0.000000E+0	0.000000E+0	0.000000E+0	0.000000E+0	2.010209E-3	1.283024E-3	5.408997E-4
0.000000E+0	0.000000E+0	0.000000E+0	0.000000E+0	2.017139E-3	1.296882E-3	5.385896E-4
0.000000E+0	0.000000E+0	0.000000E+0	0.000000E+0	1.982492E-3	1.319978E-3	5.547605E-4
0.000000E+0	0.000000E+0	0.000000E+0	0.000000E+0	1.991731E-3	1.306120E-3	5.455200E-4
0.000000E+0	0.000000E+0	0.000000E+0	0.000000E+0	1.982492E-3	1.276095E-3	5.177983E-4
0.000000E+0	0.000000E+0	0.000000E+0	0.000000E+0	1.957084E-3	1.259928E-3	5.201085E-4
0.000000E+0	0.000000E+0	0.000000E+0	0.000000E+0	1.975563E-3	1.303811E-3	5.201085E-4
0.000000E+0	0.000000E+0	0.000000E+0	0.000000E+0	1.982492E-3	1.257618E-3	5.293490E-4
0.000000E+0	0.000000E+0	0.000000E+0	0.000000E+0	1.954774E-3	1.227593E-3	5.177983E-4
0.000000E+0	0.000000E+0	0.000000E+0	0.000000E+0	1.943225E-3	1.239141E-3	4.900767E-4
0.000000E+0	0.000000E+0	0.000000E+0	0.000000E+0	1.924747E-3	1.262237E-3	5.085578E-4
0.000000E+0	0.000000E+0	0.000000E+0	0.000000E+0	1.927057E-3	1.227593E-3	4.970071E-4
0.000000E+0	0.000000E+0	0.000000E+0	0.000000E+0	1.908579E-3	1.197568E-3	4.946970E-4
0.000000E+0	0.000000E+0	0.000000E+0	0.000000E+0	1.880861E-3	1.218355E-3	4.923869E-4
0.000000E+0	0.000000E+0	0.000000E+0	0.000000E+0	1.903959E-3	1.222974E-3	4.993173E-4
0.000000E+0	0.000000E+0	0.000000E+0	0.000000E+0	1.871622E-3	1.232212E-3	5.085578E-4
0.000000E+0	0.000000E+0	0.000000E+0	0.000000E+0	1.860073E-3	1.199877E-3	4.715957E-4
0.000000E+0	0.000000E+0	0.000000E+0	0.000000E+0	1.834665E-3	1.195258E-3	4.438741E-4
0.000000E+0	0.000000E+0	0.000000E+0	0.000000E+0	1.850834E-3	1.195258E-3	4.692855E-4
0.000000E+0	0.000000E+0	0.000000E+0	0.000000E+0	1.816187E-3	1.165233E-3	4.877666E-4
0.000000E+0	0.000000E+0	0.000000E+0	0.000000E+0	1.832355E-3	1.160614E-3	4.623551E-4
0.000000E+0	0.000000E+0	0.000000E+0	0.000000E+0	1.816187E-3	1.151375E-3	4.323234E-4
0.000000E+0	0.000000E+0	0.000000E+0	0.000000E+0	1.818497E-3	1.167543E-3	4.484943E-4
0.000000E+0	0.000000E+0	0.000000E+0	0.000000E+0	1.811567E-3	1.139827E-3	4.531146E-4
0.000000E+0	0.000000E+0	0.000000E+0	0.000000E+0	1.800018E-3	1.119040E-3	4.461842E-4
0.000000E+0	0.000000E+0	0.000000E+0	0.000000E+0	1.790779E-3	1.119040E-3	4.461842E-4
0.000000E+0	0.000000E+0	0.000000E+0	0.000000E+0	1.774611E-3	1.121350E-3	4.253930E-4
0.000000E+0	0.000000E+0	0.000000E+0	0.000000E+0	1.769991E-3	1.123660E-3	4.461842E-4
0.000000E+0	0.000000E+0	0.000000E+0	0.000000E+0	1.744583E-3	1.098254E-3	4.461842E-4
0.000000E+0	0.000000E+0	0.000000E+0	0.000000E+0	1.758442E-3	1.089015E-3	3.953612E-4
0.000000E+0	0.000000E+0	0.000000E+0	0.000000E+0	1.751513E-3	1.102873E-3	4.115322E-4
0.000000E+0	0.000000E+0	0.000000E+0	0.000000E+0	1.735344E-3	1.123660E-3	4.207727E-4
0.000000E+0	0.000000E+0	0.000000E+0	0.000000E+0	1.726105E-3	1.070538E-3	4.115322E-4
0.000000E+0	0.000000E+0	0.000000E+0	0.000000E+0	1.705317E-3	1.047442E-3	3.607092E-4
0.000000E+0	0.000000E+0	0.000000E+0	0.000000E+0	1.693768E-3	1.065919E-3	3.907410E-4
0.000000E+0	0.000000E+0	0.000000E+0	0.000000E+0	1.693768E-3	1.079777E-3	4.069119E-4
0.000000E+0	0.000000E+0	0.000000E+0	0.000000E+0	1.679909E-3	1.049751E-3	4.022916E-4
0.000000E+0	0.000000E+0	0.000000E+0	0.000000E+0	1.672980E-3	1.045132E-3	3.791903E-4
0.000000E+0	0.000000E+0	0.000000E+0	0.000000E+0	1.666050E-3	1.052061E-3	3.676396E-4
0.000000E+0	0.000000E+0	0.000000E+0	0.000000E+0	1.642953E-3	1.033584E-3	3.930511E-4
0.000000E+0	0.000000E+0	0.000000E+0	0.000000E+0	1.640643E-3	1.024346E-3	4.092220E-4
0.000000E+0	0.000000E+0	0.000000E+0	0.000000E+0	1.647572E-3	1.010488E-3	3.607092E-4
0.000000E+0	0.000000E+0	0.000000E+0	0.000000E+0	1.626784E-3	1.017417E-3	3.653295E-4
0.000000E+0	0.000000E+0	0.000000E+0	0.000000E+0	1.638333E-3	1.022036E-3	3.722599E-4
0.000000E+0	0.000000E+0	0.000000E+0	0.000000E+0	1.638333E-3	1.015107E-3	3.676396E-4
0.000000E+0	0.000000E+0	0.000000E+0	0.000000E+0	1.612925E-3	9.966300E-4	3.468484E-4
0.000000E+0	0.000000E+0	0.000000E+0	0.000000E+0	1.596757E-3	9.943203E-4	3.422281E-4
0.000000E+0	0.000000E+0	0.000000E+0	0.000000E+0	1.596757E-3	9.989396E-4	3.630194E-4
0.000000E+0	0.000000E+0	0.000000E+0	0.000000E+0	1.601376E-3	9.850818E-4	3.491585E-4
0.000000E+0	0.000000E+0	0.000000E+0	0.000000E+0	1.585208E-3	9.550566E-4	3.514687E-4
0.000000E+0	0.000000E+0	0.000000E+0	0.000000E+0	1.571349E-3	9.573662E-4	3.168167E-4
0.000000E+0	0.000000E+0	0.000000E+0	0.000000E+0	1.587518E-3	9.827722E-4	3.329876E-4
0.000000E+0	0.000000E+0	0.000000E+0	0.000000E+0	1.562110E-3	9.550566E-4	3.491585E-4
0.000000E+0	0.000000E+0	0.000000E+0	0.000000E+0	1.555180E-3	9.527470E-4	3.214369E-4
0.000000E+0	0.000000E+0	0.000000E+0	0.000000E+0	1.543631E-3	9.550566E-4	3.145065E-4
0.000000E+0	0.000000E+0	0.000000E+0	0.000000E+0	1.557490E-3	9.550566E-4	3.145065E-4
0.000000E+0	0.000000E+0	0.000000E+0	0.000000E+0	1.534392E-3	9.504373E-4	3.260572E-4
0.000000E+0	0.000000E+0	0.000000E+0	0.000000E+0	1.522843E-3	9.181025E-4	3.098863E-4
0.000000E+0	0.000000E+0	0.000000E+0	0.000000E+0	1.511294E-3	9.273410E-4	2.683039E-4
0.000000E+0	0.000000E+0	0.000000E+0	0.000000E+0	1.527463E-3	9.157929E-4	3.260572E-4
0.000000E+0	0.000000E+0	0.000000E+0	0.000000E+0	1.513604E-3	9.342699E-4	3.168167E-4
0.000000E+0	0.000000E+0	0.000000E+0	0.000000E+0	1.490506E-3	9.042447E-4	2.890951E-4
0.000000E+0	0.000000E+0	0.000000E+0	0.000000E+0	1.504365E-3	8.950062E-4	2.729241E-4
0.000000E+0	0.000000E+0	0.000000E+0	0.000000E+0	1.485887E-3	9.088640E-4	3.006457E-4
0.000000E+0	0.000000E+0	0.000000E+0	0.000000E+0	1.478957E-3	9.042447E-4	3.075761E-4
0.000000E+0	0.000000E+0	0.000000E+0	0.000000E+0	1.467408E-3	8.950062E-4	2.960255E-4
0.000000E+0	0.000000E+0	0.000000E+0	0.000000E+0	1.455859E-3	8.672906E-4	2.914052E-4
0.000000E+0	0.000000E+0	0.000000E+0	0.000000E+0	1.453550E-3	8.857677E-4	2.706140E-4
0.000000E+0	0.000000E+0	0.000000E+0	0.000000E+0	1.458169E-3	8.926966E-4	3.052660E-4
0.000000E+0	0.000000E+0	0.000000E+0	0.000000E+0	1.442001E-3	8.465040E-4	2.521329E-4
0.000000E+0	0.000000E+0	0.000000E+0	0.000000E+0	1.428142E-3	8.395751E-4	2.521329E-4
0.000000E+0	0.000000E+0	0.000000E+0	0.000000E+0	1.421213E-3	8.765292E-4	2.844748E-4
0.000000E+0	0.000000E+0	0.000000E+0	0.000000E+0	1.432761E-3	8.557425E-4	2.844748E-4
0.000000E+0	0.000000E+0	0.000000E+0	0.000000E+0	1.418903E-3	8.557425E-4	2.567532E-4
0.000000E+0	0.000000E+0	0.000000E+0	0.000000E+0	1.391185E-3	8.326462E-4	2.336518E-4
0.000000E+0	0.000000E+0	0.000000E+0	0.000000E+0	1.384256E-3	8.580521E-4	2.544430E-4
0.000000E+0	0.000000E+0	0.000000E+0	0.000000E+0	1.398115E-3	8.534329E-4	2.590633E-4
0.000000E+0	0.000000E+0	0.000000E+0	0.000000E+0	1.375017E-3	8.395751E-4	2.544430E-4
0.000000E+0	0.000000E+0	0.000000E+0	0.000000E+0	1.363468E-3	8.095499E-4	2.498228E-4
0.000000E+0	0.000000E+0	0.000000E+0	0.000000E+0	1.377326E-3	8.141691E-4	2.428924E-4
0.000000E+0	0.000000E+0	0.000000E+0	0.000000E+0	1.386566E-3	8.003114E-4	2.475126E-4
0.000000E+0	0.000000E+0	0.000000E+0	0.000000E+0	1.331131E-3	7.956921E-4	2.382721E-4
0.000000E+0	0.000000E+0	0.000000E+0	0.000000E+0	1.356538E-3	7.656669E-4	2.197910E-4
0.000000E+0	0.000000E+0	0.000000E+0	0.000000E+0	1.349609E-3	8.095499E-4	2.336518E-4
0.000000E+0	0.000000E+0	0.000000E+0	0.000000E+0	1.361158E-3	8.164788E-4	2.452025E-4
0.000000E+0	0.000000E+0	0.000000E+0	0.000000E+0	1.338060E-3	7.841439E-4	2.221012E-4
0.000000E+0	0.000000E+0	0.000000E+0	0.000000E+0	1.312652E-3	7.702862E-4	1.989998E-4
0.000000E+0	0.000000E+0	0.000000E+0	0.000000E+0	1.314962E-3	7.864536E-4	2.059302E-4
0.000000E+0	0.000000E+0	0.000000E+0	0.000000E+0	1.335750E-3	7.725958E-4	2.197910E-4
0.000000E+0	0.000000E+0	0.000000E+0	0.000000E+0	1.308033E-3	7.610476E-4	2.151708E-4
0.000000E+0	0.000000E+0	0.000000E+0	0.000000E+0	1.291864E-3	7.518091E-4	1.920694E-4
0.000000E+0	0.000000E+0	0.000000E+0	0.000000E+0	1.287245E-3	7.610476E-4	1.643478E-4
0.000000E+0	0.000000E+0	0.000000E+0	0.000000E+0	1.298794E-3	7.587380E-4	2.151708E-4
0.000000E+0	0.000000E+0	0.000000E+0	0.000000E+0	1.289554E-3	7.702862E-4	1.943796E-4
0.000000E+0	0.000000E+0	0.000000E+0	0.000000E+0	1.275696E-3	7.171646E-4	1.828289E-4
0.000000E+0	0.000000E+0	0.000000E+0	0.000000E+0	1.291864E-3	7.033069E-4	1.828289E-4
0.000000E+0	0.000000E+0	0.000000E+0	0.000000E+0	1.247978E-3	7.287128E-4	2.105505E-4
0.000000E+0	0.000000E+0	0.000000E+0	0.000000E+0	1.273386E-3	7.402610E-4	1.943796E-4
0.000000E+0	0.000000E+0	0.000000E+0	0.000000E+0	1.250288E-3	6.986876E-4	1.712782E-4
0.000000E+0	0.000000E+0	0.000000E+0	0.000000E+0	1.236429E-3	6.963780E-4	1.412465E-4
0.000000E+0	0.000000E+0	0.000000E+0	0.000000E+0	1.264147E-3	7.194743E-4	1.758985E-4
0.000000E+0	0.000000E+0	0.000000E+0	0.000000E+0	1.259527E-3	7.148550E-4	1.805188E-4
0.000000E+0	0.000000E+0	0.000000E+0	0.000000E+0	1.222570E-3	6.871394E-4	1.712782E-4
0.000000E+0	0.000000E+0	0.000000E+0	0.000000E+0	1.217951E-3	6.940683E-4	1.574174E-4
0.000000E+0	0.000000E+0	0.000000E+0	0.000000E+0	1.206402E-3	7.079261E-4	1.828289E-4
0.000000E+0	0.000000E+0	0.000000E+0	0.000000E+0	1.220261E-3	6.825202E-4	1.666579E-4
0.000000E+0	0.000000E+0	0.000000E+0	0.000000E+0	1.206402E-3	6.802106E-4	1.735883E-4
0.000000E+0	0.000000E+0	0.000000E+0	0.000000E+0	1.220261E-3	6.779009E-4	1.574174E-4
0.000000E+0	0.000000E+0	0.000000E+0	0.000000E+0	1.197163E-3	6.709720E-4	1.689681E-4
0.000000E+0	0.000000E+0	0.000000E+0	0.000000E+0	1.194853E-3	6.548046E-4	1.689681E-4
0.000000E+0	0.000000E+0	0.000000E+0	0.000000E+0	1.171755E-3	6.478757E-4	1.527971E-4
0.000000E+0	0.000000E+0	0.000000E+0	0.000000E+0	1.174065E-3	6.709720E-4	1.296958E-4
0.000000E+0	0.000000E+0	0.000000E+0	0.000000E+0	1.169445E-3	6.779009E-4	1.389363E-4
0.000000E+0	0.000000E+0	0.000000E+0	0.000000E+0	1.160206E-3	6.894491E-4	1.504870E-4
0.000000E+0	0.000000E+0	0.000000E+0	0.000000E+0	1.171755E-3	6.501854E-4	1.551073E-4
0.000000E+0	0.000000E+0	0.000000E+0	0.000000E+0	1.130179E-3	6.386372E-4	1.227654E-4
0.000000E+0	0.000000E+0	0.000000E+0	0.000000E+0	1.155586E-3	6.293987E-4	1.389363E-4
0.000000E+0	0.000000E+0	0.000000E+0	0.000000E+0	1.150967E-3	6.432565E-4	1.366262E-4
0.000000E+0	0.000000E+0	0.000000E+0	0.000000E+0	1.137108E-3	6.247794E-4	1.481769E-4
0.000000E+0	0.000000E+0	0.000000E+0	0.000000E+0	1.114010E-3	6.086120E-4	9.966405E-5
0.000000E+0	0.000000E+0	0.000000E+0	0.000000E+0	1.120940E-3	6.224698E-4	9.504379E-5
0.000000E+0	0.000000E+0	0.000000E+0	0.000000E+0	1.123249E-3	6.386372E-4	1.343161E-4
0.000000E+0	0.000000E+0	0.000000E+0	0.000000E+0	1.114010E-3	6.293987E-4	1.527971E-4
0.000000E+0	0.000000E+0	0.000000E+0	0.000000E+0	1.109391E-3	5.970638E-4	9.273365E-5
0.000000E+0	0.000000E+0	0.000000E+0	0.000000E+0	1.123249E-3	6.293987E-4	1.112147E-4
0.000000E+0	0.000000E+0	0.000000E+0	0.000000E+0	1.107081E-3	6.155409E-4	1.112147E-4
0.000000E+0	0.000000E+0	0.000000E+0	0.000000E+0	1.104771E-3	6.155409E-4	1.135249E-4
0.000000E+0	0.000000E+0	0.000000E+0	0.000000E+0	1.104771E-3	5.901350E-4	9.504379E-5
0.000000E+0	0.000000E+0	0.000000E+0	0.000000E+0	1.074744E-3	5.924446E-4	8.349311E-5
0.000000E+0	0.000000E+0	0.000000E+0	0.000000E+0	1.086293E-3	6.039927E-4	8.580325E-5
0.000000E+0	0.000000E+0	0.000000E+0	0.000000E+0	1.093222E-3	6.016831E-4	9.966405E-5
0.000000E+0	0.000000E+0	0.000000E+0	0.000000E+0	1.058575E-3	5.832061E-4	9.504379E-5
0.000000E+0	0.000000E+0	0.000000E+0	0.000000E+0	1.030858E-3	5.647290E-4	8.349311E-5
0.000000E+0	0.000000E+0	0.000000E+0	0.000000E+0	1.070124E-3	5.693483E-4	8.580325E-5
0.000000E+0	0.000000E+0	0.000000E+0	0.000000E+0	1.063195E-3	5.762772E-4	8.811338E-5
0.000000E+0	0.000000E+0	0.000000E+0	0.000000E+0	1.049336E-3	5.762772E-4	6.963231E-5
0.000000E+0	0.000000E+0	0.000000E+0	0.000000E+0	1.037787E-3	5.485616E-4	7.656271E-5
0.000000E+0	0.000000E+0	0.000000E+0	0.000000E+0	1.063195E-3	5.647290E-4	8.580325E-5
0.000000E+0	0.000000E+0	0.000000E+0	0.000000E+0	1.049336E-3	5.554905E-4	7.656271E-5
0.000000E+0	0.000000E+0	0.000000E+0	0.000000E+0	1.037787E-3	5.300846E-4	6.270191E-5
0.000000E+0	0.000000E+0	0.000000E+0	0.000000E+0	1.021619E-3	5.647290E-4	5.808164E-5
0.000000E+0	0.000000E+0	0.000000E+0	0.000000E+0	1.030858E-3	5.624194E-4	6.501204E-5
0.000000E+0	0.000000E+0	0.000000E+0	0.000000E+0	1.016999E-3	5.508712E-4	8.580325E-5
0.000000E+0	0.000000E+0	0.000000E+0	0.000000E+0	1.003140E-3	5.416327E-4	8.811338E-5
0.000000E+0	0.000000E+0	0.000000E+0	0.000000E+0	1.000830E-3	5.162268E-4	2.342962E-5
0.000000E+0	0.000000E+0	0.000000E+0	0.000000E+0	1.005450E-3	5.300846E-4	5.808164E-5
0.000000E+0	0.000000E+0	0.000000E+0	0.000000E+0	9.985206E-4	5.693483E-4	6.270191E-5
0.000000E+0	0.000000E+0	0.000000E+0	0.000000E+0	9.846618E-4	5.092979E-4	3.729043E-5
0.000000E+0	0.000000E+0	0.000000E+0	0.000000E+0	9.777325E-4	5.023690E-4	3.267016E-5
0.000000E+0	0.000000E+0	0.000000E+0	0.000000E+0	9.615639E-4	5.254653E-4	3.729043E-5
0.000000E+0	0.000000E+0	0.000000E+0	0.000000E+0	9.777325E-4	5.231557E-4	5.346137E-5
0.000000E+0	0.000000E+0	0.000000E+0	0.000000E+0	9.777325E-4	5.046786E-4	4.191070E-5
0.000000E+0	0.000000E+0	0.000000E+0	0.000000E+0	9.661835E-4	4.654149E-4	1.187895E-5
0.000000E+0	0.000000E+0	0.000000E+0	0.000000E+0	9.684933E-4	4.977497E-4	5.346137E-5
0.000000E+0	0.000000E+0	0.000000E+0	0.000000E+0	9.800423E-4	5.162268E-4	4.422083E-5
0.000000E+0	0.000000E+0	0.000000E+0	0.000000E+0	9.684933E-4	4.954401E-4	1.880936E-5
0.000000E+0	0.000000E+0	0.000000E+0	0.000000E+0	9.407758E-4	4.700342E-4	1.418909E-5
0.000000E+0	0.000000E+0	0.000000E+0	0.000000E+0	9.338464E-4	5.023690E-4	3.498030E-5
0.000000E+0	0.000000E+0	0.000000E+0	0.000000E+0	9.384660E-4	4.677245E-4	3.729043E-5
0.000000E+0	0.000000E+0	0.000000E+0	0.000000E+0	9.361562E-4	4.838919E-4	2.638416E-6
0.000000E+0	0.000000E+0	0.000000E+0	0.000000E+0	9.315366E-4	4.469379E-4	1.418909E-5
0.000000E+0	0.000000E+0	0.000000E+0	0.000000E+0	9.222975E-4	4.838919E-4	2.111949E-5
0.000000E+0	0.000000E+0	0.000000E+0	0.000000E+0	9.453954E-4	4.862016E-4	1.187895E-5
0.000000E+0	0.000000E+0	0.000000E+0	0.000000E+0	9.246073E-4	4.631053E-4	9.568819E-6
0.000000E+0	0.000000E+0	0.000000E+0	0.000000E+0	9.061289E-4	4.446282E-4	1.187895E-5
0.000000E+0	0.000000E+0	0.000000E+0	0.000000E+0	8.991995E-4	4.769631E-4	1.187895E-5
0.000000E+0	0.000000E+0	0.000000E+0	0.000000E+0	9.015093E-4	4.515571E-4	3.036003E-5
0.000000E+0	0.000000E+0	0.000000E+0	0.000000E+0	9.038191E-4	4.677245E-4	4.653097E-5
0.000000E+0	0.000000E+0	0.000000E+0	0.000000E+0	8.830310E-4	4.215319E-4	3.282823E-7
0.000000E+0	0.000000E+0	0.000000E+0	0.000000E+0	8.761016E-4	4.330801E-4	-2.046293E-5
0.000000E+0	0.000000E+0	0.000000E+0	0.000000E+0	8.737918E-4	4.538667E-4	3.282823E-7
0.000000E+0	0.000000E+0	0.000000E+0	0.000000E+0	8.922702E-4	4.584860E-4	2.111949E-5
0.000000E+0	0.000000E+0	0.000000E+0	0.000000E+0	8.437645E-4	4.238415E-4	3.282822E-7
0.000000E+0	0.000000E+0	0.000000E+0	0.000000E+0	8.737918E-4	4.492475E-4	-2.508319E-5
0.000000E+0	0.000000E+0	0.000000E+0	0.000000E+0	8.737918E-4	4.215319E-4	1.187895E-5
0.000000E+0	0.000000E+0	0.000000E+0	0.000000E+0	8.761016E-4	4.400090E-4	2.638416E-6
0.000000E+0	0.000000E+0	0.000000E+0	0.000000E+0	8.761016E-4	4.099838E-4	-1.353252E-5
0.000000E+0	0.000000E+0	0.000000E+0	0.000000E+0	8.391450E-4	4.330801E-4	-3.201360E-5
0.000000E+0	0.000000E+0	0.000000E+0	0.000000E+0	8.460743E-4	4.307704E-4	-6.602120E-6
0.000000E+0	0.000000E+0	0.000000E+0	0.000000E+0	8.691723E-4	4.376993E-4	-1.981852E-6
0.000000E+0	0.000000E+0	0.000000E+0	0.000000E+0	8.345254E-4	4.007452E-4	-3.432373E-5
0.000000E+0	0.000000E+0	0.000000E+0	0.000000E+0	8.275960E-4	3.984356E-4	-4.125413E-5
0.000000E+0	0.000000E+0	0.000000E+0	0.000000E+0	8.322156E-4	4.122934E-4	-1.353252E-5
0.000000E+0	0.000000E+0	0.000000E+0	0.000000E+0	8.345254E-4	4.030549E-4	3.282823E-7
0.000000E+0	0.000000E+0	0.000000E+0	0.000000E+0	8.322156E-4	3.984356E-4	-1.122239E-5
0.000000E+0	0.000000E+0	0.000000E+0	0.000000E+0	8.160470E-4	3.891971E-4	-5.973521E-5
0.000000E+0	0.000000E+0	0.000000E+0	0.000000E+0	8.299058E-4	4.053645E-4	-3.432373E-5
0.000000E+0	0.000000E+0	0.000000E+0	0.000000E+0	8.137372E-4	3.891971E-4	-1.122239E-5
0.000000E+0	0.000000E+0	0.000000E+0	0.000000E+0	8.137372E-4	3.707200E-4	-3.663387E-5
0.000000E+0	0.000000E+0	0.000000E+0	0.000000E+0	8.044981E-4	3.545526E-4	-5.280480E-5
0.000000E+0	0.000000E+0	0.000000E+0	0.000000E+0	8.091177E-4	3.845778E-4	-4.587440E-5
0.000000E+0	0.000000E+0	0.000000E+0	0.000000E+0	8.206666E-4	4.030549E-4	-1.584266E-5
0.000000E+0	0.000000E+0	0.000000E+0	0.000000E+0	8.114275E-4	3.614815E-4	-3.894400E-5
0.000000E+0	0.000000E+0	0.000000E+0	0.000000E+0	7.698512E-4	3.568623E-4	-5.511494E-5
0.000000E+0	0.000000E+0	0.000000E+0	0.000000E+0	7.929491E-4	3.799586E-4	-4.818454E-5
0.000000E+0	0.000000E+0	0.000000E+0	0.000000E+0	7.744708E-4	3.984356E-4	-2.508319E-5
0.000000E+0	0.000000E+0	0.000000E+0	0.000000E+0	7.814002E-4	3.545526E-4	-5.049467E-5
