This is a C(T) experiment being done in Physics 350.
It records the decay response of an RC circuit where the capacitance is a strong function of temperature.

2/17/2005
11:10 AM

Start temp = 40.0
Temp step = 10.0
End temp = 60.0
Num temps = 3
Num avg cycles = 100
Num points per meas = 1000
Meas time interval = 1.00E-5

DDD

1.000000E+2	3.000000E+0	4.000000E+1	1.047907E-8	1.000000E+0	1.000000E+0	1.000000E+0
1.000000E+3	0.000000E+0	5.000000E+1	9.156651E-9	9.901474E-1	9.886450E-1	9.873245E-1
1.000000E-5	0.000000E+0	6.000000E+1	7.847729E-9	9.809874E-1	9.777294E-1	9.744239E-1
0.000000E+0	0.000000E+0	0.000000E+0	0.000000E+0	9.713690E-1	9.669408E-1	9.614648E-1
0.000000E+0	0.000000E+0	0.000000E+0	0.000000E+0	9.617993E-1	9.560740E-1	9.490435E-1
0.000000E+0	0.000000E+0	0.000000E+0	0.000000E+0	9.521320E-1	9.453537E-1	9.364756E-1
0.000000E+0	0.000000E+0	0.000000E+0	0.000000E+0	9.427965E-1	9.346919E-1	9.246803E-1
0.000000E+0	0.000000E+0	0.000000E+0	0.000000E+0	9.335780E-1	9.244012E-1	9.126014E-1
0.000000E+0	0.000000E+0	0.000000E+0	0.000000E+0	9.247692E-1	9.142081E-1	9.007669E-1
0.000000E+0	0.000000E+0	0.000000E+0	0.000000E+0	9.158043E-1	9.040443E-1	8.890108E-1
0.000000E+0	0.000000E+0	0.000000E+0	0.000000E+0	9.068589E-1	8.937731E-1	8.776262E-1
0.000000E+0	0.000000E+0	0.000000E+0	0.000000E+0	8.979819E-1	8.839706E-1	8.661048E-1
0.000000E+0	0.000000E+0	0.000000E+0	0.000000E+0	8.891243E-1	8.741972E-1	8.552680E-1
0.000000E+0	0.000000E+0	0.000000E+0	0.000000E+0	8.805301E-1	8.644045E-1	8.440009E-1
0.000000E+0	0.000000E+0	0.000000E+0	0.000000E+0	8.720725E-1	8.548362E-1	8.330662E-1
0.000000E+0	0.000000E+0	0.000000E+0	0.000000E+0	8.634295E-1	8.456585E-1	8.222783E-1
0.000000E+0	0.000000E+0	0.000000E+0	0.000000E+0	8.552548E-1	8.361196E-1	8.118327E-1
0.000000E+0	0.000000E+0	0.000000E+0	0.000000E+0	8.468167E-1	8.267174E-1	8.015534E-1
0.000000E+0	0.000000E+0	0.000000E+0	0.000000E+0	8.388371E-1	8.176373E-1	7.914208E-1
0.000000E+0	0.000000E+0	0.000000E+0	0.000000E+0	8.304282E-1	8.087428E-1	7.810828E-1
0.000000E+0	0.000000E+0	0.000000E+0	0.000000E+0	8.224486E-1	7.999849E-1	7.711751E-1
0.000000E+0	0.000000E+0	0.000000E+0	0.000000E+0	8.145276E-1	7.911880E-1	7.612871E-1
0.000000E+0	0.000000E+0	0.000000E+0	0.000000E+0	8.066845E-1	7.824301E-1	7.515457E-1
0.000000E+0	0.000000E+0	0.000000E+0	0.000000E+0	7.990268E-1	7.737504E-1	7.418434E-1
0.000000E+0	0.000000E+0	0.000000E+0	0.000000E+0	7.913301E-1	7.650901E-1	7.327671E-1
0.000000E+0	0.000000E+0	0.000000E+0	0.000000E+0	7.837211E-1	7.569767E-1	7.232996E-1
0.000000E+0	0.000000E+0	0.000000E+0	0.000000E+0	7.763463E-1	7.483262E-1	7.140374E-1
0.000000E+0	0.000000E+0	0.000000E+0	0.000000E+0	7.687472E-1	7.403592E-1	7.048144E-1
0.000000E+0	0.000000E+0	0.000000E+0	0.000000E+0	7.612358E-1	7.325972E-1	6.958750E-1
0.000000E+0	0.000000E+0	0.000000E+0	0.000000E+0	7.539976E-1	7.245228E-1	6.870432E-1
0.000000E+0	0.000000E+0	0.000000E+0	0.000000E+0	7.467300E-1	7.164874E-1	6.782994E-1
0.000000E+0	0.000000E+0	0.000000E+0	0.000000E+0	7.394723E-1	7.086766E-1	6.698882E-1
0.000000E+0	0.000000E+0	0.000000E+0	0.000000E+0	7.327608E-1	7.007877E-1	6.615258E-1
0.000000E+0	0.000000E+0	0.000000E+0	0.000000E+0	7.257274E-1	6.932698E-1	6.529092E-1
0.000000E+0	0.000000E+0	0.000000E+0	0.000000E+0	7.188306E-1	6.856835E-1	6.445273E-1
0.000000E+0	0.000000E+0	0.000000E+0	0.000000E+0	7.119144E-1	6.779899E-1	6.363019E-1
0.000000E+0	0.000000E+0	0.000000E+0	0.000000E+0	7.050273E-1	6.710286E-1	6.283797E-1
0.000000E+0	0.000000E+0	0.000000E+0	0.000000E+0	6.982085E-1	6.636083E-1	6.204575E-1
0.000000E+0	0.000000E+0	0.000000E+0	0.000000E+0	6.915751E-1	6.564516E-1	6.126918E-1
0.000000E+0	0.000000E+0	0.000000E+0	0.000000E+0	6.848831E-1	6.493047E-1	6.049358E-1
0.000000E+0	0.000000E+0	0.000000E+0	0.000000E+0	6.783960E-1	6.419528E-1	5.971310E-1
0.000000E+0	0.000000E+0	0.000000E+0	0.000000E+0	6.721041E-1	6.350012E-1	5.895511E-1
0.000000E+0	0.000000E+0	0.000000E+0	0.000000E+0	6.657047E-1	6.281765E-1	5.822353E-1
0.000000E+0	0.000000E+0	0.000000E+0	0.000000E+0	6.594420E-1	6.213714E-1	5.746945E-1
0.000000E+0	0.000000E+0	0.000000E+0	0.000000E+0	6.531208E-1	6.144978E-1	5.676036E-1
0.000000E+0	0.000000E+0	0.000000E+0	0.000000E+0	6.467897E-1	6.078684E-1	5.602878E-1
0.000000E+0	0.000000E+0	0.000000E+0	0.000000E+0	6.406636E-1	6.014245E-1	5.531969E-1
0.000000E+0	0.000000E+0	0.000000E+0	0.000000E+0	6.344692E-1	5.949611E-1	5.463897E-1
0.000000E+0	0.000000E+0	0.000000E+0	0.000000E+0	6.284308E-1	5.882633E-1	5.395336E-1
0.000000E+0	0.000000E+0	0.000000E+0	0.000000E+0	6.224899E-1	5.820733E-1	5.327752E-1
0.000000E+0	0.000000E+0	0.000000E+0	0.000000E+0	6.166174E-1	5.755415E-1	5.260952E-1
0.000000E+0	0.000000E+0	0.000000E+0	0.000000E+0	6.108131E-1	5.694295E-1	5.194542E-1
0.000000E+0	0.000000E+0	0.000000E+0	0.000000E+0	6.050382E-1	5.632297E-1	5.129697E-1
0.000000E+0	0.000000E+0	0.000000E+0	0.000000E+0	5.992144E-1	5.569811E-1	5.063287E-1
0.000000E+0	0.000000E+0	0.000000E+0	0.000000E+0	5.935858E-1	5.510547E-1	5.001572E-1
0.000000E+0	0.000000E+0	0.000000E+0	0.000000E+0	5.879279E-1	5.453039E-1	4.937314E-1
0.000000E+0	0.000000E+0	0.000000E+0	0.000000E+0	5.823578E-1	5.393872E-1	4.877360E-1
0.000000E+0	0.000000E+0	0.000000E+0	0.000000E+0	5.767486E-1	5.335194E-1	4.817014E-1
0.000000E+0	0.000000E+0	0.000000E+0	0.000000E+0	5.713345E-1	5.277589E-1	4.757060E-1
0.000000E+0	0.000000E+0	0.000000E+0	0.000000E+0	5.658815E-1	5.221644E-1	4.698376E-1
0.000000E+0	0.000000E+0	0.000000E+0	0.000000E+0	5.605260E-1	5.165602E-1	4.639302E-1
0.000000E+0	0.000000E+0	0.000000E+0	0.000000E+0	5.552192E-1	5.109462E-1	4.580424E-1
0.000000E+0	0.000000E+0	0.000000E+0	0.000000E+0	5.501759E-1	5.053028E-1	4.522816E-1
0.000000E+0	0.000000E+0	0.000000E+0	0.000000E+0	5.450252E-1	5.000404E-1	4.465209E-1
0.000000E+0	0.000000E+0	0.000000E+0	0.000000E+0	5.397965E-1	4.944556E-1	4.409460E-1
0.000000E+0	0.000000E+0	0.000000E+0	0.000000E+0	5.347922E-1	4.892321E-1	4.355569E-1
0.000000E+0	0.000000E+0	0.000000E+0	0.000000E+0	5.297196E-1	4.843113E-1	4.299332E-1
0.000000E+0	0.000000E+0	0.000000E+0	0.000000E+0	5.246567E-1	4.788633E-1	4.249158E-1
0.000000E+0	0.000000E+0	0.000000E+0	0.000000E+0	5.196231E-1	4.738839E-1	4.196636E-1
0.000000E+0	0.000000E+0	0.000000E+0	0.000000E+0	5.147456E-1	4.689045E-1	4.143137E-1
0.000000E+0	0.000000E+0	0.000000E+0	0.000000E+0	5.098486E-1	4.636615E-1	4.092767E-1
0.000000E+0	0.000000E+0	0.000000E+0	0.000000E+0	5.051174E-1	4.587798E-1	4.042104E-1
0.000000E+0	0.000000E+0	0.000000E+0	0.000000E+0	5.003276E-1	4.536442E-1	3.991050E-1
0.000000E+0	0.000000E+0	0.000000E+0	0.000000E+0	4.956062E-1	4.488210E-1	3.939115E-1
0.000000E+0	0.000000E+0	0.000000E+0	0.000000E+0	4.909238E-1	4.440076E-1	3.890995E-1
0.000000E+0	0.000000E+0	0.000000E+0	0.000000E+0	4.865633E-1	4.393699E-1	3.842875E-1
0.000000E+0	0.000000E+0	0.000000E+0	0.000000E+0	4.819784E-1	4.346834E-1	3.795440E-1
0.000000E+0	0.000000E+0	0.000000E+0	0.000000E+0	4.774814E-1	4.299677E-1	3.747809E-1
0.000000E+0	0.000000E+0	0.000000E+0	0.000000E+0	4.730721E-1	4.255839E-1	3.701351E-1
0.000000E+0	0.000000E+0	0.000000E+0	0.000000E+0	4.685653E-1	4.211024E-1	3.654405E-1
0.000000E+0	0.000000E+0	0.000000E+0	0.000000E+0	4.641462E-1	4.164062E-1	3.611468E-1
0.000000E+0	0.000000E+0	0.000000E+0	0.000000E+0	4.597857E-1	4.120614E-1	3.566282E-1
0.000000E+0	0.000000E+0	0.000000E+0	0.000000E+0	4.553277E-1	4.075995E-1	3.523444E-1
0.000000E+0	0.000000E+0	0.000000E+0	0.000000E+0	4.510647E-1	4.034012E-1	3.478062E-1
0.000000E+0	0.000000E+0	0.000000E+0	0.000000E+0	4.468993E-1	3.989295E-1	3.436593E-1
0.000000E+0	0.000000E+0	0.000000E+0	0.000000E+0	4.427242E-1	3.947605E-1	3.393167E-1
0.000000E+0	0.000000E+0	0.000000E+0	0.000000E+0	4.386271E-1	3.905622E-1	3.350524E-1
0.000000E+0	0.000000E+0	0.000000E+0	0.000000E+0	4.344324E-1	3.861784E-1	3.309935E-1
0.000000E+0	0.000000E+0	0.000000E+0	0.000000E+0	4.303743E-1	3.821265E-1	3.269248E-1
0.000000E+0	0.000000E+0	0.000000E+0	0.000000E+0	4.264138E-1	3.781625E-1	3.227876E-1
0.000000E+0	0.000000E+0	0.000000E+0	0.000000E+0	4.226190E-1	3.741888E-1	3.187679E-1
0.000000E+0	0.000000E+0	0.000000E+0	0.000000E+0	4.186878E-1	3.701467E-1	3.148068E-1
0.000000E+0	0.000000E+0	0.000000E+0	0.000000E+0	4.148443E-1	3.661632E-1	3.109239E-1
0.000000E+0	0.000000E+0	0.000000E+0	0.000000E+0	4.109618E-1	3.624530E-1	3.071388E-1
0.000000E+0	0.000000E+0	0.000000E+0	0.000000E+0	4.070207E-1	3.585965E-1	3.033538E-1
0.000000E+0	0.000000E+0	0.000000E+0	0.000000E+0	4.032358E-1	3.547301E-1	2.997839E-1
0.000000E+0	0.000000E+0	0.000000E+0	0.000000E+0	3.994606E-1	3.508833E-1	2.960771E-1
0.000000E+0	0.000000E+0	0.000000E+0	0.000000E+0	3.957439E-1	3.471341E-1	2.926148E-1
0.000000E+0	0.000000E+0	0.000000E+0	0.000000E+0	3.919785E-1	3.435314E-1	2.889764E-1
0.000000E+0	0.000000E+0	0.000000E+0	0.000000E+0	3.883301E-1	3.399872E-1	2.853381E-1
0.000000E+0	0.000000E+0	0.000000E+0	0.000000E+0	3.846720E-1	3.362381E-1	2.819345E-1
0.000000E+0	0.000000E+0	0.000000E+0	0.000000E+0	3.810821E-1	3.326744E-1	2.783548E-1
0.000000E+0	0.000000E+0	0.000000E+0	0.000000E+0	3.775606E-1	3.292279E-1	2.751175E-1
0.000000E+0	0.000000E+0	0.000000E+0	0.000000E+0	3.740683E-1	3.255568E-1	2.715182E-1
0.000000E+0	0.000000E+0	0.000000E+0	0.000000E+0	3.706540E-1	3.222860E-1	2.683004E-1
0.000000E+0	0.000000E+0	0.000000E+0	0.000000E+0	3.671519E-1	3.187321E-1	2.648284E-1
0.000000E+0	0.000000E+0	0.000000E+0	0.000000E+0	3.637669E-1	3.154613E-1	2.616301E-1
0.000000E+0	0.000000E+0	0.000000E+0	0.000000E+0	3.604307E-1	3.119660E-1	2.585590E-1
0.000000E+0	0.000000E+0	0.000000E+0	0.000000E+0	3.571725E-1	3.088514E-1	2.553804E-1
0.000000E+0	0.000000E+0	0.000000E+0	0.000000E+0	3.538168E-1	3.055221E-1	2.521528E-1
0.000000E+0	0.000000E+0	0.000000E+0	0.000000E+0	3.505391E-1	3.021829E-1	2.490231E-1
0.000000E+0	0.000000E+0	0.000000E+0	0.000000E+0	3.473200E-1	2.992148E-1	2.460009E-1
0.000000E+0	0.000000E+0	0.000000E+0	0.000000E+0	3.440910E-1	2.961686E-1	2.430667E-1
0.000000E+0	0.000000E+0	0.000000E+0	0.000000E+0	3.409109E-1	2.931029E-1	2.401130E-1
0.000000E+0	0.000000E+0	0.000000E+0	0.000000E+0	3.377698E-1	2.900762E-1	2.374136E-1
0.000000E+0	0.000000E+0	0.000000E+0	0.000000E+0	3.345701E-1	2.867957E-1	2.344990E-1
0.000000E+0	0.000000E+0	0.000000E+0	0.000000E+0	3.314095E-1	2.838081E-1	2.317702E-1
0.000000E+0	0.000000E+0	0.000000E+0	0.000000E+0	3.283464E-1	2.809083E-1	2.289437E-1
0.000000E+0	0.000000E+0	0.000000E+0	0.000000E+0	3.253321E-1	2.778133E-1	2.262442E-1
0.000000E+0	0.000000E+0	0.000000E+0	0.000000E+0	3.222690E-1	2.749428E-1	2.234274E-1
0.000000E+0	0.000000E+0	0.000000E+0	0.000000E+0	3.193230E-1	2.720528E-1	2.206400E-1
0.000000E+0	0.000000E+0	0.000000E+0	0.000000E+0	3.163282E-1	2.690847E-1	2.179504E-1
0.000000E+0	0.000000E+0	0.000000E+0	0.000000E+0	3.134992E-1	2.663314E-1	2.153977E-1
0.000000E+0	0.000000E+0	0.000000E+0	0.000000E+0	3.105240E-1	2.636171E-1	2.127569E-1
0.000000E+0	0.000000E+0	0.000000E+0	0.000000E+0	3.076560E-1	2.608931E-1	2.100575E-1
0.000000E+0	0.000000E+0	0.000000E+0	0.000000E+0	3.048465E-1	2.580812E-1	2.076710E-1
0.000000E+0	0.000000E+0	0.000000E+0	0.000000E+0	3.020176E-1	2.552791E-1	2.049619E-1
0.000000E+0	0.000000E+0	0.000000E+0	0.000000E+0	2.995008E-1	2.525551E-1	2.025558E-1
0.000000E+0	0.000000E+0	0.000000E+0	0.000000E+0	2.967401E-1	2.501337E-1	2.000618E-1
0.000000E+0	0.000000E+0	0.000000E+0	0.000000E+0	2.940282E-1	2.473902E-1	1.977438E-1
0.000000E+0	0.000000E+0	0.000000E+0	0.000000E+0	2.913846E-1	2.447247E-1	1.952009E-1
0.000000E+0	0.000000E+0	0.000000E+0	0.000000E+0	2.886824E-1	2.423131E-1	1.930785E-1
0.000000E+0	0.000000E+0	0.000000E+0	0.000000E+0	2.859705E-1	2.396282E-1	1.905160E-1
0.000000E+0	0.000000E+0	0.000000E+0	0.000000E+0	2.833562E-1	2.375779E-1	1.882763E-1
0.000000E+0	0.000000E+0	0.000000E+0	0.000000E+0	2.807906E-1	2.350491E-1	1.861539E-1
0.000000E+0	0.000000E+0	0.000000E+0	0.000000E+0	2.782446E-1	2.327352E-1	1.837381E-1
0.000000E+0	0.000000E+0	0.000000E+0	0.000000E+0	2.756107E-1	2.301381E-1	1.814788E-1
0.000000E+0	0.000000E+0	0.000000E+0	0.000000E+0	2.730939E-1	2.278241E-1	1.794641E-1
0.000000E+0	0.000000E+0	0.000000E+0	0.000000E+0	2.705674E-1	2.253832E-1	1.773417E-1
0.000000E+0	0.000000E+0	0.000000E+0	0.000000E+0	2.680018E-1	2.230107E-1	1.754443E-1
0.000000E+0	0.000000E+0	0.000000E+0	0.000000E+0	2.655728E-1	2.208823E-1	1.733806E-1
0.000000E+0	0.000000E+0	0.000000E+0	0.000000E+0	2.631633E-1	2.184219E-1	1.712093E-1
0.000000E+0	0.000000E+0	0.000000E+0	0.000000E+0	2.607245E-1	2.161665E-1	1.690087E-1
0.000000E+0	0.000000E+0	0.000000E+0	0.000000E+0	2.583540E-1	2.140185E-1	1.670135E-1
0.000000E+0	0.000000E+0	0.000000E+0	0.000000E+0	2.559641E-1	2.117143E-1	1.649889E-1
0.000000E+0	0.000000E+0	0.000000E+0	0.000000E+0	2.536033E-1	2.094199E-1	1.630328E-1
0.000000E+0	0.000000E+0	0.000000E+0	0.000000E+0	2.513499E-1	2.073110E-1	1.610278E-1
0.000000E+0	0.000000E+0	0.000000E+0	0.000000E+0	2.490282E-1	2.051923E-1	1.591499E-1
0.000000E+0	0.000000E+0	0.000000E+0	0.000000E+0	2.468041E-1	2.030151E-1	1.572134E-1
0.000000E+0	0.000000E+0	0.000000E+0	0.000000E+0	2.444726E-1	2.008476E-1	1.553551E-1
0.000000E+0	0.000000E+0	0.000000E+0	0.000000E+0	2.422680E-1	1.987191E-1	1.536728E-1
0.000000E+0	0.000000E+0	0.000000E+0	0.000000E+0	2.400536E-1	1.966688E-1	1.519124E-1
0.000000E+0	0.000000E+0	0.000000E+0	0.000000E+0	2.380148E-1	1.946868E-1	1.500736E-1
0.000000E+0	0.000000E+0	0.000000E+0	0.000000E+0	2.360345E-1	1.926950E-1	1.481762E-1
0.000000E+0	0.000000E+0	0.000000E+0	0.000000E+0	2.339372E-1	1.907130E-1	1.463961E-1
0.000000E+0	0.000000E+0	0.000000E+0	0.000000E+0	2.317813E-1	1.887994E-1	1.444889E-1
0.000000E+0	0.000000E+0	0.000000E+0	0.000000E+0	2.296450E-1	1.867979E-1	1.428654E-1
0.000000E+0	0.000000E+0	0.000000E+0	0.000000E+0	2.275769E-1	1.849135E-1	1.412614E-1
0.000000E+0	0.000000E+0	0.000000E+0	0.000000E+0	2.255186E-1	1.829511E-1	1.393835E-1
0.000000E+0	0.000000E+0	0.000000E+0	0.000000E+0	2.234603E-1	1.810179E-1	1.377991E-1
0.000000E+0	0.000000E+0	0.000000E+0	0.000000E+0	2.214312E-1	1.790457E-1	1.362440E-1
0.000000E+0	0.000000E+0	0.000000E+0	0.000000E+0	2.194119E-1	1.771906E-1	1.345031E-1
0.000000E+0	0.000000E+0	0.000000E+0	0.000000E+0	2.174414E-1	1.759311E-1	1.329675E-1
0.000000E+0	0.000000E+0	0.000000E+0	0.000000E+0	2.154904E-1	1.741053E-1	1.315004E-1
0.000000E+0	0.000000E+0	0.000000E+0	0.000000E+0	2.135492E-1	1.721917E-1	1.297204E-1
0.000000E+0	0.000000E+0	0.000000E+0	0.000000E+0	2.115689E-1	1.703073E-1	1.284685E-1
0.000000E+0	0.000000E+0	0.000000E+0	0.000000E+0	2.096764E-1	1.685499E-1	1.266689E-1
0.000000E+0	0.000000E+0	0.000000E+0	0.000000E+0	2.077840E-1	1.668999E-1	1.254561E-1
0.000000E+0	0.000000E+0	0.000000E+0	0.000000E+0	2.058037E-1	1.652694E-1	1.237543E-1
0.000000E+0	0.000000E+0	0.000000E+0	0.000000E+0	2.039795E-1	1.634436E-1	1.224046E-1
0.000000E+0	0.000000E+0	0.000000E+0	0.000000E+0	2.020675E-1	1.617838E-1	1.208495E-1
0.000000E+0	0.000000E+0	0.000000E+0	0.000000E+0	2.002433E-1	1.602704E-1	1.196269E-1
0.000000E+0	0.000000E+0	0.000000E+0	0.000000E+0	1.984386E-1	1.585423E-1	1.179838E-1
0.000000E+0	0.000000E+0	0.000000E+0	0.000000E+0	1.966535E-1	1.568142E-1	1.168003E-1
0.000000E+0	0.000000E+0	0.000000E+0	0.000000E+0	1.949463E-1	1.553985E-1	1.153137E-1
0.000000E+0	0.000000E+0	0.000000E+0	0.000000E+0	1.931611E-1	1.536801E-1	1.139640E-1
0.000000E+0	0.000000E+0	0.000000E+0	0.000000E+0	1.913955E-1	1.521472E-1	1.128588E-1
0.000000E+0	0.000000E+0	0.000000E+0	0.000000E+0	1.896591E-1	1.507022E-1	1.114504E-1
0.000000E+0	0.000000E+0	0.000000E+0	0.000000E+0	1.880300E-1	1.489448E-1	1.100615E-1
0.000000E+0	0.000000E+0	0.000000E+0	0.000000E+0	1.862448E-1	1.475877E-1	1.089661E-1
0.000000E+0	0.000000E+0	0.000000E+0	0.000000E+0	1.845182E-1	1.459962E-1	1.075382E-1
0.000000E+0	0.000000E+0	0.000000E+0	0.000000E+0	1.829086E-1	1.445219E-1	1.062276E-1
0.000000E+0	0.000000E+0	0.000000E+0	0.000000E+0	1.813673E-1	1.429402E-1	1.051224E-1
0.000000E+0	0.000000E+0	0.000000E+0	0.000000E+0	1.796309E-1	1.415538E-1	1.040074E-1
0.000000E+0	0.000000E+0	0.000000E+0	0.000000E+0	1.780506E-1	1.400209E-1	1.026381E-1
0.000000E+0	0.000000E+0	0.000000E+0	0.000000E+0	1.764508E-1	1.387907E-1	1.013569E-1
0.000000E+0	0.000000E+0	0.000000E+0	0.000000E+0	1.751534E-1	1.371212E-1	1.002517E-1
0.000000E+0	0.000000E+0	0.000000E+0	0.000000E+0	1.735243E-1	1.359691E-1	9.920518E-2
0.000000E+0	0.000000E+0	0.000000E+0	0.000000E+0	1.719732E-1	1.343776E-1	9.797284E-2
0.000000E+0	0.000000E+0	0.000000E+0	0.000000E+0	1.704222E-1	1.331670E-1	9.679918E-2
0.000000E+0	0.000000E+0	0.000000E+0	0.000000E+0	1.689687E-1	1.318196E-1	9.562551E-2
0.000000E+0	0.000000E+0	0.000000E+0	0.000000E+0	1.674761E-1	1.302770E-1	9.447142E-2
0.000000E+0	0.000000E+0	0.000000E+0	0.000000E+0	1.658568E-1	1.292030E-1	9.344446E-2
0.000000E+0	0.000000E+0	0.000000E+0	0.000000E+0	1.643350E-1	1.278459E-1	9.241751E-2
0.000000E+0	0.000000E+0	0.000000E+0	0.000000E+0	1.630181E-1	1.264009E-1	9.137099E-2
0.000000E+0	0.000000E+0	0.000000E+0	0.000000E+0	1.614475E-1	1.253171E-1	9.037338E-2
0.000000E+0	0.000000E+0	0.000000E+0	0.000000E+0	1.600526E-1	1.240478E-1	8.935621E-2
0.000000E+0	0.000000E+0	0.000000E+0	0.000000E+0	1.586869E-1	1.225540E-1	8.819233E-2
0.000000E+0	0.000000E+0	0.000000E+0	0.000000E+0	1.571456E-1	1.214605E-1	8.728274E-2
0.000000E+0	0.000000E+0	0.000000E+0	0.000000E+0	1.559262E-1	1.203865E-1	8.626556E-2
0.000000E+0	0.000000E+0	0.000000E+0	0.000000E+0	1.543264E-1	1.190489E-1	8.518971E-2
0.000000E+0	0.000000E+0	0.000000E+0	0.000000E+0	1.530680E-1	1.177211E-1	8.428990E-2
0.000000E+0	0.000000E+0	0.000000E+0	0.000000E+0	1.516925E-1	1.166276E-1	8.323361E-2
0.000000E+0	0.000000E+0	0.000000E+0	0.000000E+0	1.503268E-1	1.155438E-1	8.223600E-2
0.000000E+0	0.000000E+0	0.000000E+0	0.000000E+0	1.490586E-1	1.143625E-1	8.131663E-2
0.000000E+0	0.000000E+0	0.000000E+0	0.000000E+0	1.476149E-1	1.134349E-1	8.041682E-2
0.000000E+0	0.000000E+0	0.000000E+0	0.000000E+0	1.463370E-1	1.121266E-1	7.950723E-2
0.000000E+0	0.000000E+0	0.000000E+0	0.000000E+0	1.450591E-1	1.109159E-1	7.862699E-2
0.000000E+0	0.000000E+0	0.000000E+0	0.000000E+0	1.436739E-1	1.097638E-1	7.769784E-2
0.000000E+0	0.000000E+0	0.000000E+0	0.000000E+0	1.424447E-1	1.087582E-1	7.676869E-2
0.000000E+0	0.000000E+0	0.000000E+0	0.000000E+0	1.411863E-1	1.077526E-1	7.580042E-2
0.000000E+0	0.000000E+0	0.000000E+0	0.000000E+0	1.398889E-1	1.066688E-1	7.486149E-2
0.000000E+0	0.000000E+0	0.000000E+0	0.000000E+0	1.385720E-1	1.056827E-1	7.395190E-2
0.000000E+0	0.000000E+0	0.000000E+0	0.000000E+0	1.374404E-1	1.045697E-1	7.322814E-2
0.000000E+0	0.000000E+0	0.000000E+0	0.000000E+0	1.362698E-1	1.036226E-1	7.242614E-2
0.000000E+0	0.000000E+0	0.000000E+0	0.000000E+0	1.350602E-1	1.024900E-1	7.172195E-2
0.000000E+0	0.000000E+0	0.000000E+0	0.000000E+0	1.337920E-1	1.013379E-1	7.087104E-2
0.000000E+0	0.000000E+0	0.000000E+0	0.000000E+0	1.326994E-1	1.003909E-1	6.995168E-2
0.000000E+0	0.000000E+0	0.000000E+0	0.000000E+0	1.314996E-1	9.937548E-2	6.910077E-2
0.000000E+0	0.000000E+0	0.000000E+0	0.000000E+0	1.303778E-1	9.831125E-2	6.833789E-2
0.000000E+0	0.000000E+0	0.000000E+0	0.000000E+0	1.291779E-1	9.742278E-2	6.771193E-2
0.000000E+0	0.000000E+0	0.000000E+0	0.000000E+0	1.279683E-1	9.637808E-2	6.694905E-2
0.000000E+0	0.000000E+0	0.000000E+0	0.000000E+0	1.268952E-1	9.537244E-2	6.604925E-2
0.000000E+0	0.000000E+0	0.000000E+0	0.000000E+0	1.258124E-1	9.457184E-2	6.525703E-2
0.000000E+0	0.000000E+0	0.000000E+0	0.000000E+0	1.247003E-1	9.358572E-2	6.464086E-2
0.000000E+0	0.000000E+0	0.000000E+0	0.000000E+0	1.235492E-1	9.268748E-2	6.397578E-2
0.000000E+0	0.000000E+0	0.000000E+0	0.000000E+0	1.225249E-1	9.176971E-2	6.308576E-2
0.000000E+0	0.000000E+0	0.000000E+0	0.000000E+0	1.213543E-1	9.097887E-2	6.233266E-2
0.000000E+0	0.000000E+0	0.000000E+0	0.000000E+0	1.202618E-1	9.002204E-2	6.181429E-2
0.000000E+0	0.000000E+0	0.000000E+0	0.000000E+0	1.192278E-1	8.909451E-2	6.108075E-2
0.000000E+0	0.000000E+0	0.000000E+0	0.000000E+0	1.181742E-1	8.822556E-2	6.023963E-2
0.000000E+0	0.000000E+0	0.000000E+0	0.000000E+0	1.171304E-1	8.728826E-2	5.970170E-2
0.000000E+0	0.000000E+0	0.000000E+0	0.000000E+0	1.161647E-1	8.633143E-2	5.911487E-2
0.000000E+0	0.000000E+0	0.000000E+0	0.000000E+0	1.151209E-1	8.545272E-2	5.825418E-2
0.000000E+0	0.000000E+0	0.000000E+0	0.000000E+0	1.141649E-1	8.466188E-2	5.774560E-2
0.000000E+0	0.000000E+0	0.000000E+0	0.000000E+0	1.131991E-1	8.385151E-2	5.715877E-2
0.000000E+0	0.000000E+0	0.000000E+0	0.000000E+0	1.122041E-1	8.318759E-2	5.632742E-2
0.000000E+0	0.000000E+0	0.000000E+0	0.000000E+0	1.112091E-1	8.228935E-2	5.581884E-2
0.000000E+0	0.000000E+0	0.000000E+0	0.000000E+0	1.103019E-1	8.138134E-2	5.518311E-2
0.000000E+0	0.000000E+0	0.000000E+0	0.000000E+0	1.093069E-1	8.045381E-2	5.443978E-2
0.000000E+0	0.000000E+0	0.000000E+0	0.000000E+0	1.083802E-1	7.971178E-2	5.398010E-2
0.000000E+0	0.000000E+0	0.000000E+0	0.000000E+0	1.074046E-1	7.907715E-2	5.328568E-2
0.000000E+0	0.000000E+0	0.000000E+0	0.000000E+0	1.064682E-1	7.836442E-2	5.264995E-2
0.000000E+0	0.000000E+0	0.000000E+0	0.000000E+0	1.055414E-1	7.747594E-2	5.227829E-2
0.000000E+0	0.000000E+0	0.000000E+0	0.000000E+0	1.045854E-1	7.656793E-2	5.150563E-2
0.000000E+0	0.000000E+0	0.000000E+0	0.000000E+0	1.037660E-1	7.589425E-2	5.131980E-2
0.000000E+0	0.000000E+0	0.000000E+0	0.000000E+0	1.027808E-1	7.537679E-2	5.057648E-2
0.000000E+0	0.000000E+0	0.000000E+0	0.000000E+0	1.020686E-1	7.452736E-2	5.025373E-2
0.000000E+0	0.000000E+0	0.000000E+0	0.000000E+0	1.011712E-1	7.362912E-2	4.945172E-2
0.000000E+0	0.000000E+0	0.000000E+0	0.000000E+0	1.003030E-1	7.294568E-2	4.910941E-2
0.000000E+0	0.000000E+0	0.000000E+0	0.000000E+0	9.931772E-2	7.236963E-2	4.843455E-2
0.000000E+0	0.000000E+0	0.000000E+0	0.000000E+0	9.847879E-2	7.159831E-2	4.802377E-2
0.000000E+0	0.000000E+0	0.000000E+0	0.000000E+0	9.759109E-2	7.073913E-2	4.744672E-2
0.000000E+0	0.000000E+0	0.000000E+0	0.000000E+0	9.669362E-2	7.021189E-2	4.685011E-2
0.000000E+0	0.000000E+0	0.000000E+0	0.000000E+0	9.590346E-2	6.958703E-2	4.642954E-2
0.000000E+0	0.000000E+0	0.000000E+0	0.000000E+0	9.504502E-2	6.874737E-2	4.583294E-2
0.000000E+0	0.000000E+0	0.000000E+0	0.000000E+0	9.428412E-2	6.804439E-2	4.545150E-2
0.000000E+0	0.000000E+0	0.000000E+0	0.000000E+0	9.346470E-2	6.762457E-2	4.478642E-2
0.000000E+0	0.000000E+0	0.000000E+0	0.000000E+0	9.271356E-2	6.679467E-2	4.448323E-2
0.000000E+0	0.000000E+0	0.000000E+0	0.000000E+0	9.178684E-2	6.616004E-2	4.382793E-2
0.000000E+0	0.000000E+0	0.000000E+0	0.000000E+0	9.093815E-2	6.562305E-2	4.350517E-2
0.000000E+0	0.000000E+0	0.000000E+0	0.000000E+0	9.030408E-2	6.485173E-2	4.294768E-2
0.000000E+0	0.000000E+0	0.000000E+0	0.000000E+0	8.960171E-2	6.429521E-2	4.252712E-2
0.000000E+0	0.000000E+0	0.000000E+0	0.000000E+0	8.871400E-2	6.377774E-2	4.206744E-2
0.000000E+0	0.000000E+0	0.000000E+0	0.000000E+0	8.791409E-2	6.294785E-2	4.158819E-2
0.000000E+0	0.000000E+0	0.000000E+0	0.000000E+0	8.721173E-2	6.255731E-2	4.127522E-2
0.000000E+0	0.000000E+0	0.000000E+0	0.000000E+0	8.654839E-2	6.187386E-2	4.061992E-2
0.000000E+0	0.000000E+0	0.000000E+0	0.000000E+0	8.578749E-2	6.114160E-2	4.045365E-2
0.000000E+0	0.000000E+0	0.000000E+0	0.000000E+0	8.492905E-2	6.078035E-2	3.971034E-2
0.000000E+0	0.000000E+0	0.000000E+0	0.000000E+0	8.419742E-2	5.996022E-2	3.947560E-2
0.000000E+0	0.000000E+0	0.000000E+0	0.000000E+0	8.363163E-2	5.958920E-2	3.888877E-2
0.000000E+0	0.000000E+0	0.000000E+0	0.000000E+0	8.290000E-2	5.893505E-2	3.859536E-2
0.000000E+0	0.000000E+0	0.000000E+0	0.000000E+0	8.200254E-2	5.828090E-2	3.823348E-2
0.000000E+0	0.000000E+0	0.000000E+0	0.000000E+0	8.134896E-2	5.792941E-2	3.768577E-2
0.000000E+0	0.000000E+0	0.000000E+0	0.000000E+0	8.069537E-2	5.718738E-2	3.744126E-2
0.000000E+0	0.000000E+0	0.000000E+0	0.000000E+0	7.998325E-2	5.689448E-2	3.678596E-2
0.000000E+0	0.000000E+0	0.000000E+0	0.000000E+0	7.925162E-2	5.608411E-2	3.665882E-2
0.000000E+0	0.000000E+0	0.000000E+0	0.000000E+0	7.865656E-2	5.573262E-2	3.617957E-2
0.000000E+0	0.000000E+0	0.000000E+0	0.000000E+0	7.798347E-2	5.505894E-2	3.572967E-2
0.000000E+0	0.000000E+0	0.000000E+0	0.000000E+0	7.719330E-2	5.458053E-2	3.555362E-2
0.000000E+0	0.000000E+0	0.000000E+0	0.000000E+0	7.659825E-2	5.407283E-2	3.484942E-2
0.000000E+0	0.000000E+0	0.000000E+0	0.000000E+0	7.601295E-2	5.339915E-2	3.470271E-2
0.000000E+0	0.000000E+0	0.000000E+0	0.000000E+0	7.522279E-2	5.304766E-2	3.440930E-2
0.000000E+0	0.000000E+0	0.000000E+0	0.000000E+0	7.470577E-2	5.246185E-2	3.384203E-2
0.000000E+0	0.000000E+0	0.000000E+0	0.000000E+0	7.408145E-2	5.210060E-2	3.366598E-2
0.000000E+0	0.000000E+0	0.000000E+0	0.000000E+0	7.331081E-2	5.132928E-2	3.319652E-2
0.000000E+0	0.000000E+0	0.000000E+0	0.000000E+0	7.281329E-2	5.114378E-2	3.281508E-2
0.000000E+0	0.000000E+0	0.000000E+0	0.000000E+0	7.216947E-2	5.088992E-2	3.265859E-2
0.000000E+0	0.000000E+0	0.000000E+0	0.000000E+0	7.141833E-2	5.017719E-2	3.215978E-2
0.000000E+0	0.000000E+0	0.000000E+0	0.000000E+0	7.109641E-2	4.996239E-2	3.182724E-2
0.000000E+0	0.000000E+0	0.000000E+0	0.000000E+0	7.026723E-2	4.928871E-2	3.166097E-2
0.000000E+0	0.000000E+0	0.000000E+0	0.000000E+0	6.974046E-2	4.894699E-2	3.111327E-2
0.000000E+0	0.000000E+0	0.000000E+0	0.000000E+0	6.920394E-2	4.831236E-2	3.082963E-2
0.000000E+0	0.000000E+0	0.000000E+0	0.000000E+0	6.846255E-2	4.807803E-2	3.072205E-2
0.000000E+0	0.000000E+0	0.000000E+0	0.000000E+0	6.804308E-2	4.743364E-2	3.014500E-2
0.000000E+0	0.000000E+0	0.000000E+0	0.000000E+0	6.741876E-2	4.719932E-2	2.984180E-2
0.000000E+0	0.000000E+0	0.000000E+0	0.000000E+0	6.687248E-2	4.664280E-2	2.972443E-2
0.000000E+0	0.000000E+0	0.000000E+0	0.000000E+0	6.629694E-2	4.624250E-2	2.921585E-2
0.000000E+0	0.000000E+0	0.000000E+0	0.000000E+0	6.567261E-2	4.579338E-2	2.889309E-2
0.000000E+0	0.000000E+0	0.000000E+0	0.000000E+0	6.520437E-2	4.530520E-2	2.883441E-2
0.000000E+0	0.000000E+0	0.000000E+0	0.000000E+0	6.457029E-2	4.501230E-2	2.846275E-2
0.000000E+0	0.000000E+0	0.000000E+0	0.000000E+0	6.424838E-2	4.436791E-2	2.798350E-2
0.000000E+0	0.000000E+0	0.000000E+0	0.000000E+0	6.345822E-2	4.422145E-2	2.786614E-2
0.000000E+0	0.000000E+0	0.000000E+0	0.000000E+0	6.306802E-2	4.359659E-2	2.769987E-2
0.000000E+0	0.000000E+0	0.000000E+0	0.000000E+0	6.243394E-2	4.332321E-2	2.711304E-2
0.000000E+0	0.000000E+0	0.000000E+0	0.000000E+0	6.192668E-2	4.288385E-2	2.691743E-2
0.000000E+0	0.000000E+0	0.000000E+0	0.000000E+0	6.141942E-2	4.240544E-2	2.681962E-2
0.000000E+0	0.000000E+0	0.000000E+0	0.000000E+0	6.079509E-2	4.223946E-2	2.645774E-2
0.000000E+0	0.000000E+0	0.000000E+0	0.000000E+0	6.047318E-2	4.157554E-2	2.597850E-2
0.000000E+0	0.000000E+0	0.000000E+0	0.000000E+0	5.983910E-2	4.138027E-2	2.591003E-2
0.000000E+0	0.000000E+0	0.000000E+0	0.000000E+0	5.945866E-2	4.097997E-2	2.580245E-2
0.000000E+0	0.000000E+0	0.000000E+0	0.000000E+0	5.883433E-2	4.050156E-2	2.529386E-2
0.000000E+0	0.000000E+0	0.000000E+0	0.000000E+0	5.847340E-2	4.029652E-2	2.497111E-2
0.000000E+0	0.000000E+0	0.000000E+0	0.000000E+0	5.790761E-2	3.974977E-2	2.493198E-2
0.000000E+0	0.000000E+0	0.000000E+0	0.000000E+0	5.752716E-2	3.942757E-2	2.473637E-2
0.000000E+0	0.000000E+0	0.000000E+0	0.000000E+0	5.688333E-2	3.916396E-2	2.433537E-2
0.000000E+0	0.000000E+0	0.000000E+0	0.000000E+0	5.654190E-2	3.855862E-2	2.399305E-2
0.000000E+0	0.000000E+0	0.000000E+0	0.000000E+0	5.590782E-2	3.844146E-2	2.394415E-2
0.000000E+0	0.000000E+0	0.000000E+0	0.000000E+0	5.557615E-2	3.809974E-2	2.373876E-2
0.000000E+0	0.000000E+0	0.000000E+0	0.000000E+0	5.518595E-2	3.751393E-2	2.331820E-2
0.000000E+0	0.000000E+0	0.000000E+0	0.000000E+0	5.465918E-2	3.743582E-2	2.305412E-2
0.000000E+0	0.000000E+0	0.000000E+0	0.000000E+0	5.434702E-2	3.691835E-2	2.295632E-2
0.000000E+0	0.000000E+0	0.000000E+0	0.000000E+0	5.367392E-2	3.652781E-2	2.281939E-2
0.000000E+0	0.000000E+0	0.000000E+0	0.000000E+0	5.337152E-2	3.636183E-2	2.250642E-2
0.000000E+0	0.000000E+0	0.000000E+0	0.000000E+0	5.279597E-2	3.592248E-2	2.213476E-2
0.000000E+0	0.000000E+0	0.000000E+0	0.000000E+0	5.257160E-2	3.558075E-2	2.202717E-2
0.000000E+0	0.000000E+0	0.000000E+0	0.000000E+0	5.187900E-2	3.544406E-2	2.190981E-2
0.000000E+0	0.000000E+0	0.000000E+0	0.000000E+0	5.164487E-2	3.493636E-2	2.162617E-2
0.000000E+0	0.000000E+0	0.000000E+0	0.000000E+0	5.117663E-2	3.457511E-2	2.124473E-2
0.000000E+0	0.000000E+0	0.000000E+0	0.000000E+0	5.076692E-2	3.449700E-2	2.109802E-2
0.000000E+0	0.000000E+0	0.000000E+0	0.000000E+0	5.065962E-2	3.407717E-2	2.102956E-2
0.000000E+0	0.000000E+0	0.000000E+0	0.000000E+0	5.006456E-2	3.368663E-2	2.088285E-2
0.000000E+0	0.000000E+0	0.000000E+0	0.000000E+0	4.974264E-2	3.354018E-2	2.050141E-2
0.000000E+0	0.000000E+0	0.000000E+0	0.000000E+0	4.934268E-2	3.320822E-2	2.028624E-2
0.000000E+0	0.000000E+0	0.000000E+0	0.000000E+0	4.884518E-2	3.273957E-2	2.008085E-2
0.000000E+0	0.000000E+0	0.000000E+0	0.000000E+0	4.863057E-2	3.258336E-2	2.003195E-2
0.000000E+0	0.000000E+0	0.000000E+0	0.000000E+0	4.802576E-2	3.233927E-2	1.985590E-2
0.000000E+0	0.000000E+0	0.000000E+0	0.000000E+0	4.776237E-2	3.188039E-2	1.947446E-2
0.000000E+0	0.000000E+0	0.000000E+0	0.000000E+0	4.732339E-2	3.164606E-2	1.923973E-2
0.000000E+0	0.000000E+0	0.000000E+0	0.000000E+0	4.688442E-2	3.154843E-2	1.907346E-2
0.000000E+0	0.000000E+0	0.000000E+0	0.000000E+0	4.670883E-2	3.116765E-2	1.904412E-2
0.000000E+0	0.000000E+0	0.000000E+0	0.000000E+0	4.610401E-2	3.068924E-2	1.880938E-2
0.000000E+0	0.000000E+0	0.000000E+0	0.000000E+0	4.586014E-2	3.063066E-2	1.864311E-2
0.000000E+0	0.000000E+0	0.000000E+0	0.000000E+0	4.558700E-2	3.033775E-2	1.829102E-2
0.000000E+0	0.000000E+0	0.000000E+0	0.000000E+0	4.499194E-2	2.992768E-2	1.814431E-2
0.000000E+0	0.000000E+0	0.000000E+0	0.000000E+0	4.485537E-2	2.970312E-2	1.807585E-2
0.000000E+0	0.000000E+0	0.000000E+0	0.000000E+0	4.437738E-2	2.958596E-2	1.800738E-2
0.000000E+0	0.000000E+0	0.000000E+0	0.000000E+0	4.392864E-2	2.932235E-2	1.781177E-2
0.000000E+0	0.000000E+0	0.000000E+0	0.000000E+0	4.376281E-2	2.888299E-2	1.750858E-2
0.000000E+0	0.000000E+0	0.000000E+0	0.000000E+0	4.318726E-2	2.871701E-2	1.723472E-2
0.000000E+0	0.000000E+0	0.000000E+0	0.000000E+0	4.291412E-2	2.859008E-2	1.712714E-2
0.000000E+0	0.000000E+0	0.000000E+0	0.000000E+0	4.268975E-2	2.819954E-2	1.709780E-2
0.000000E+0	0.000000E+0	0.000000E+0	0.000000E+0	4.222151E-2	2.784806E-2	1.704889E-2
0.000000E+0	0.000000E+0	0.000000E+0	0.000000E+0	4.196788E-2	2.771137E-2	1.689240E-2
0.000000E+0	0.000000E+0	0.000000E+0	0.000000E+0	4.162645E-2	2.758444E-2	1.653052E-2
0.000000E+0	0.000000E+0	0.000000E+0	0.000000E+0	4.116797E-2	2.718414E-2	1.629579E-2
0.000000E+0	0.000000E+0	0.000000E+0	0.000000E+0	4.096311E-2	2.686194E-2	1.615887E-2
0.000000E+0	0.000000E+0	0.000000E+0	0.000000E+0	4.067046E-2	2.676431E-2	1.612952E-2
0.000000E+0	0.000000E+0	0.000000E+0	0.000000E+0	4.010467E-2	2.669596E-2	1.608062E-2
0.000000E+0	0.000000E+0	0.000000E+0	0.000000E+0	3.997785E-2	2.637377E-2	1.581655E-2
0.000000E+0	0.000000E+0	0.000000E+0	0.000000E+0	3.971447E-2	2.592465E-2	1.567962E-2
0.000000E+0	0.000000E+0	0.000000E+0	0.000000E+0	3.926574E-2	2.575867E-2	1.540577E-2
0.000000E+0	0.000000E+0	0.000000E+0	0.000000E+0	3.896333E-2	2.569032E-2	1.521994E-2
0.000000E+0	0.000000E+0	0.000000E+0	0.000000E+0	3.875848E-2	2.553411E-2	1.519059E-2
0.000000E+0	0.000000E+0	0.000000E+0	0.000000E+0	3.829023E-2	2.511428E-2	1.512213E-2
0.000000E+0	0.000000E+0	0.000000E+0	0.000000E+0	3.805611E-2	2.486043E-2	1.508301E-2
0.000000E+0	0.000000E+0	0.000000E+0	0.000000E+0	3.792930E-2	2.475303E-2	1.483850E-2
0.000000E+0	0.000000E+0	0.000000E+0	0.000000E+0	3.750008E-2	2.464563E-2	1.456464E-2
0.000000E+0	0.000000E+0	0.000000E+0	0.000000E+0	3.709036E-2	2.439178E-2	1.438859E-2
0.000000E+0	0.000000E+0	0.000000E+0	0.000000E+0	3.701232E-2	2.395242E-2	1.423210E-2
0.000000E+0	0.000000E+0	0.000000E+0	0.000000E+0	3.651481E-2	2.382549E-2	1.419298E-2
0.000000E+0	0.000000E+0	0.000000E+0	0.000000E+0	3.618314E-2	2.374739E-2	1.416364E-2
0.000000E+0	0.000000E+0	0.000000E+0	0.000000E+0	3.607584E-2	2.363999E-2	1.410496E-2
0.000000E+0	0.000000E+0	0.000000E+0	0.000000E+0	3.583197E-2	2.322016E-2	1.390935E-2
0.000000E+0	0.000000E+0	0.000000E+0	0.000000E+0	3.532470E-2	2.299560E-2	1.384088E-2
0.000000E+0	0.000000E+0	0.000000E+0	0.000000E+0	3.512960E-2	2.282962E-2	1.368440E-2
0.000000E+0	0.000000E+0	0.000000E+0	0.000000E+0	3.500279E-2	2.279056E-2	1.338120E-2
0.000000E+0	0.000000E+0	0.000000E+0	0.000000E+0	3.461258E-2	2.263435E-2	1.331274E-2
0.000000E+0	0.000000E+0	0.000000E+0	0.000000E+0	3.422238E-2	2.227310E-2	1.319537E-2
0.000000E+0	0.000000E+0	0.000000E+0	0.000000E+0	3.412483E-2	2.197043E-2	1.320515E-2
0.000000E+0	0.000000E+0	0.000000E+0	0.000000E+0	3.393949E-2	2.186303E-2	1.312691E-2
0.000000E+0	0.000000E+0	0.000000E+0	0.000000E+0	3.352978E-2	2.182398E-2	1.305844E-2
0.000000E+0	0.000000E+0	0.000000E+0	0.000000E+0	3.319811E-2	2.168729E-2	1.293130E-2
0.000000E+0	0.000000E+0	0.000000E+0	0.000000E+0	3.311031E-2	2.138462E-2	1.273569E-2
0.000000E+0	0.000000E+0	0.000000E+0	0.000000E+0	3.290546E-2	2.106242E-2	1.250095E-2
0.000000E+0	0.000000E+0	0.000000E+0	0.000000E+0	3.243721E-2	2.088668E-2	1.230534E-2
0.000000E+0	0.000000E+0	0.000000E+0	0.000000E+0	3.222260E-2	2.086715E-2	1.222710E-2
0.000000E+0	0.000000E+0	0.000000E+0	0.000000E+0	3.213480E-2	2.081834E-2	1.221732E-2
0.000000E+0	0.000000E+0	0.000000E+0	0.000000E+0	3.175436E-2	2.061330E-2	1.220754E-2
0.000000E+0	0.000000E+0	0.000000E+0	0.000000E+0	3.146171E-2	2.023253E-2	1.218798E-2
0.000000E+0	0.000000E+0	0.000000E+0	0.000000E+0	3.124710E-2	2.007631E-2	1.195325E-2
0.000000E+0	0.000000E+0	0.000000E+0	0.000000E+0	3.113004E-2	1.991033E-2	1.194347E-2
0.000000E+0	0.000000E+0	0.000000E+0	0.000000E+0	3.088616E-2	1.984199E-2	1.172829E-2
0.000000E+0	0.000000E+0	0.000000E+0	0.000000E+0	3.046670E-2	1.969553E-2	1.158159E-2
0.000000E+0	0.000000E+0	0.000000E+0	0.000000E+0	3.030086E-2	1.936357E-2	1.136642E-2
0.000000E+0	0.000000E+0	0.000000E+0	0.000000E+0	3.018380E-2	1.907067E-2	1.127839E-2
0.000000E+0	0.000000E+0	0.000000E+0	0.000000E+0	2.993017E-2	1.900232E-2	1.123927E-2
0.000000E+0	0.000000E+0	0.000000E+0	0.000000E+0	2.953021E-2	1.892422E-2	1.123927E-2
0.000000E+0	0.000000E+0	0.000000E+0	0.000000E+0	2.929609E-2	1.888516E-2	1.120015E-2
0.000000E+0	0.000000E+0	0.000000E+0	0.000000E+0	2.921805E-2	1.871918E-2	1.110234E-2
0.000000E+0	0.000000E+0	0.000000E+0	0.000000E+0	2.905222E-2	1.854344E-2	1.106322E-2
0.000000E+0	0.000000E+0	0.000000E+0	0.000000E+0	2.868152E-2	1.820172E-2	1.090673E-2
0.000000E+0	0.000000E+0	0.000000E+0	0.000000E+0	2.839863E-2	1.805527E-2	1.070134E-2
0.000000E+0	0.000000E+0	0.000000E+0	0.000000E+0	2.828157E-2	1.795763E-2	1.051551E-2
0.000000E+0	0.000000E+0	0.000000E+0	0.000000E+0	2.817426E-2	1.791858E-2	1.046661E-2
0.000000E+0	0.000000E+0	0.000000E+0	0.000000E+0	2.788161E-2	1.781118E-2	1.035902E-2
0.000000E+0	0.000000E+0	0.000000E+0	0.000000E+0	2.754019E-2	1.760614E-2	1.029056E-2
0.000000E+0	0.000000E+0	0.000000E+0	0.000000E+0	2.735484E-2	1.739135E-2	1.026122E-2
0.000000E+0	0.000000E+0	0.000000E+0	0.000000E+0	2.729631E-2	1.711797E-2	1.026122E-2
0.000000E+0	0.000000E+0	0.000000E+0	0.000000E+0	2.714023E-2	1.703010E-2	1.023188E-2
0.000000E+0	0.000000E+0	0.000000E+0	0.000000E+0	2.679880E-2	1.697152E-2	1.022210E-2
0.000000E+0	0.000000E+0	0.000000E+0	0.000000E+0	2.647689E-2	1.694223E-2	1.004605E-2
0.000000E+0	0.000000E+0	0.000000E+0	0.000000E+0	2.636958E-2	1.686412E-2	9.928680E-3
0.000000E+0	0.000000E+0	0.000000E+0	0.000000E+0	2.631105E-2	1.663956E-2	9.781973E-3
0.000000E+0	0.000000E+0	0.000000E+0	0.000000E+0	2.615497E-2	1.637594E-2	9.645046E-3
0.000000E+0	0.000000E+0	0.000000E+0	0.000000E+0	2.576477E-2	1.627831E-2	9.586362E-3
0.000000E+0	0.000000E+0	0.000000E+0	0.000000E+0	2.552089E-2	1.607327E-2	9.410313E-3
0.000000E+0	0.000000E+0	0.000000E+0	0.000000E+0	2.536481E-2	1.601469E-2	9.332069E-3
0.000000E+0	0.000000E+0	0.000000E+0	0.000000E+0	2.533555E-2	1.598540E-2	9.283166E-3
0.000000E+0	0.000000E+0	0.000000E+0	0.000000E+0	2.518922E-2	1.587800E-2	9.263606E-3
0.000000E+0	0.000000E+0	0.000000E+0	0.000000E+0	2.487706E-2	1.576084E-2	9.273386E-3
0.000000E+0	0.000000E+0	0.000000E+0	0.000000E+0	2.457466E-2	1.554604E-2	9.253825E-3
0.000000E+0	0.000000E+0	0.000000E+0	0.000000E+0	2.445759E-2	1.535077E-2	9.234264E-3
0.000000E+0	0.000000E+0	0.000000E+0	0.000000E+0	2.435029E-2	1.518480E-2	9.175581E-3
0.000000E+0	0.000000E+0	0.000000E+0	0.000000E+0	2.429176E-2	1.510669E-2	9.077776E-3
0.000000E+0	0.000000E+0	0.000000E+0	0.000000E+0	2.402837E-2	1.503834E-2	8.999532E-3
0.000000E+0	0.000000E+0	0.000000E+0	0.000000E+0	2.369670E-2	1.499929E-2	8.833263E-3
0.000000E+0	0.000000E+0	0.000000E+0	0.000000E+0	2.356013E-2	1.497000E-2	8.823482E-3
0.000000E+0	0.000000E+0	0.000000E+0	0.000000E+0	2.343332E-2	1.483331E-2	8.608311E-3
0.000000E+0	0.000000E+0	0.000000E+0	0.000000E+0	2.336503E-2	1.454040E-2	8.471385E-3
0.000000E+0	0.000000E+0	0.000000E+0	0.000000E+0	2.320895E-2	1.437442E-2	8.373579E-3
0.000000E+0	0.000000E+0	0.000000E+0	0.000000E+0	2.300409E-2	1.418892E-2	8.363798E-3
0.000000E+0	0.000000E+0	0.000000E+0	0.000000E+0	2.259438E-2	1.414010E-2	8.305116E-3
0.000000E+0	0.000000E+0	0.000000E+0	0.000000E+0	2.244806E-2	1.406199E-2	8.314896E-3
0.000000E+0	0.000000E+0	0.000000E+0	0.000000E+0	2.243830E-2	1.402294E-2	8.314896E-3
0.000000E+0	0.000000E+0	0.000000E+0	0.000000E+0	2.237977E-2	1.400341E-2	8.295335E-3
0.000000E+0	0.000000E+0	0.000000E+0	0.000000E+0	2.218467E-2	1.393507E-2	8.256213E-3
0.000000E+0	0.000000E+0	0.000000E+0	0.000000E+0	2.197006E-2	1.374956E-2	8.177969E-3
0.000000E+0	0.000000E+0	0.000000E+0	0.000000E+0	2.161888E-2	1.361287E-2	8.217091E-3
0.000000E+0	0.000000E+0	0.000000E+0	0.000000E+0	2.149206E-2	1.337855E-2	8.109505E-3
0.000000E+0	0.000000E+0	0.000000E+0	0.000000E+0	2.142378E-2	1.320280E-2	7.972579E-3
0.000000E+0	0.000000E+0	0.000000E+0	0.000000E+0	2.135549E-2	1.308564E-2	7.737846E-3
0.000000E+0	0.000000E+0	0.000000E+0	0.000000E+0	2.113113E-2	1.307588E-2	7.718285E-3
0.000000E+0	0.000000E+0	0.000000E+0	0.000000E+0	2.091652E-2	1.307588E-2	7.620480E-3
0.000000E+0	0.000000E+0	0.000000E+0	0.000000E+0	2.071166E-2	1.302706E-2	7.522675E-3
0.000000E+0	0.000000E+0	0.000000E+0	0.000000E+0	2.058485E-2	1.296848E-2	7.473772E-3
0.000000E+0	0.000000E+0	0.000000E+0	0.000000E+0	2.049705E-2	1.286108E-2	7.385748E-3
0.000000E+0	0.000000E+0	0.000000E+0	0.000000E+0	2.043852E-2	1.272439E-2	7.405309E-3
0.000000E+0	0.000000E+0	0.000000E+0	0.000000E+0	2.038975E-2	1.259747E-2	7.317284E-3
0.000000E+0	0.000000E+0	0.000000E+0	0.000000E+0	2.013611E-2	1.239243E-2	7.336845E-3
0.000000E+0	0.000000E+0	0.000000E+0	0.000000E+0	1.991175E-2	1.227527E-2	7.346625E-3
0.000000E+0	0.000000E+0	0.000000E+0	0.000000E+0	1.966787E-2	1.221669E-2	7.317284E-3
0.000000E+0	0.000000E+0	0.000000E+0	0.000000E+0	1.959959E-2	1.210929E-2	7.258601E-3
0.000000E+0	0.000000E+0	0.000000E+0	0.000000E+0	1.952155E-2	1.209953E-2	7.268381E-3
0.000000E+0	0.000000E+0	0.000000E+0	0.000000E+0	1.946302E-2	1.204095E-2	7.219479E-3
0.000000E+0	0.000000E+0	0.000000E+0	0.000000E+0	1.926792E-2	1.199213E-2	7.131454E-3
0.000000E+0	0.000000E+0	0.000000E+0	0.000000E+0	1.903380E-2	1.195308E-2	7.072771E-3
0.000000E+0	0.000000E+0	0.000000E+0	0.000000E+0	1.874115E-2	1.177733E-2	7.004308E-3
0.000000E+0	0.000000E+0	0.000000E+0	0.000000E+0	1.865335E-2	1.173828E-2	6.916283E-3
0.000000E+0	0.000000E+0	0.000000E+0	0.000000E+0	1.855580E-2	1.155277E-2	6.750014E-3
0.000000E+0	0.000000E+0	0.000000E+0	0.000000E+0	1.852653E-2	1.129892E-2	6.710892E-3
0.000000E+0	0.000000E+0	0.000000E+0	0.000000E+0	1.847776E-2	1.122081E-2	6.613087E-3
0.000000E+0	0.000000E+0	0.000000E+0	0.000000E+0	1.831192E-2	1.117200E-2	6.583746E-3
0.000000E+0	0.000000E+0	0.000000E+0	0.000000E+0	1.811682E-2	1.113294E-2	6.515282E-3
0.000000E+0	0.000000E+0	0.000000E+0	0.000000E+0	1.783393E-2	1.112318E-2	6.476160E-3
0.000000E+0	0.000000E+0	0.000000E+0	0.000000E+0	1.777540E-2	1.110365E-2	6.388135E-3
0.000000E+0	0.000000E+0	0.000000E+0	0.000000E+0	1.760956E-2	1.108412E-2	6.407696E-3
0.000000E+0	0.000000E+0	0.000000E+0	0.000000E+0	1.759005E-2	1.100602E-2	6.397916E-3
0.000000E+0	0.000000E+0	0.000000E+0	0.000000E+0	1.751201E-2	1.096696E-2	6.349013E-3
0.000000E+0	0.000000E+0	0.000000E+0	0.000000E+0	1.746324E-2	1.083027E-2	6.349013E-3
0.000000E+0	0.000000E+0	0.000000E+0	0.000000E+0	1.727789E-2	1.057642E-2	6.329452E-3
0.000000E+0	0.000000E+0	0.000000E+0	0.000000E+0	1.703401E-2	1.053737E-2	6.358794E-3
0.000000E+0	0.000000E+0	0.000000E+0	0.000000E+0	1.680965E-2	1.040068E-2	6.339233E-3
0.000000E+0	0.000000E+0	0.000000E+0	0.000000E+0	1.667308E-2	1.025423E-2	6.290331E-3
0.000000E+0	0.000000E+0	0.000000E+0	0.000000E+0	1.659504E-2	1.023470E-2	6.251208E-3
0.000000E+0	0.000000E+0	0.000000E+0	0.000000E+0	1.658528E-2	1.019565E-2	6.241428E-3
0.000000E+0	0.000000E+0	0.000000E+0	0.000000E+0	1.657553E-2	1.013706E-2	6.172964E-3
0.000000E+0	0.000000E+0	0.000000E+0	0.000000E+0	1.653651E-2	1.013706E-2	6.104500E-3
0.000000E+0	0.000000E+0	0.000000E+0	0.000000E+0	1.639018E-2	1.011754E-2	6.045817E-3
0.000000E+0	0.000000E+0	0.000000E+0	0.000000E+0	1.630239E-2	1.006872E-2	5.977354E-3
0.000000E+0	0.000000E+0	0.000000E+0	0.000000E+0	1.593170E-2	1.003943E-2	5.840427E-3
0.000000E+0	0.000000E+0	0.000000E+0	0.000000E+0	1.581463E-2	1.001014E-2	5.840427E-3
0.000000E+0	0.000000E+0	0.000000E+0	0.000000E+0	1.571709E-2	9.834396E-3	5.762183E-3
0.000000E+0	0.000000E+0	0.000000E+0	0.000000E+0	1.562929E-2	9.678179E-3	5.693719E-3
0.000000E+0	0.000000E+0	0.000000E+0	0.000000E+0	1.561953E-2	9.609835E-3	5.586133E-3
0.000000E+0	0.000000E+0	0.000000E+0	0.000000E+0	1.554149E-2	9.424329E-3	5.537231E-3
0.000000E+0	0.000000E+0	0.000000E+0	0.000000E+0	1.555125E-2	9.326694E-3	5.449207E-3
0.000000E+0	0.000000E+0	0.000000E+0	0.000000E+0	1.541468E-2	9.297404E-3	5.439426E-3
0.000000E+0	0.000000E+0	0.000000E+0	0.000000E+0	1.535615E-2	9.180241E-3	5.429646E-3
0.000000E+0	0.000000E+0	0.000000E+0	0.000000E+0	1.508301E-2	9.199768E-3	5.439426E-3
0.000000E+0	0.000000E+0	0.000000E+0	0.000000E+0	1.492693E-2	9.170477E-3	5.410085E-3
0.000000E+0	0.000000E+0	0.000000E+0	0.000000E+0	1.475134E-2	9.150950E-3	5.400304E-3
0.000000E+0	0.000000E+0	0.000000E+0	0.000000E+0	1.466354E-2	9.131423E-3	5.390523E-3
0.000000E+0	0.000000E+0	0.000000E+0	0.000000E+0	1.464403E-2	9.141187E-3	5.390523E-3
0.000000E+0	0.000000E+0	0.000000E+0	0.000000E+0	1.462452E-2	9.111896E-3	5.370962E-3
0.000000E+0	0.000000E+0	0.000000E+0	0.000000E+0	1.455624E-2	8.994735E-3	5.331840E-3
0.000000E+0	0.000000E+0	0.000000E+0	0.000000E+0	1.450746E-2	8.955681E-3	5.322060E-3
0.000000E+0	0.000000E+0	0.000000E+0	0.000000E+0	1.435138E-2	8.877573E-3	5.361182E-3
0.000000E+0	0.000000E+0	0.000000E+0	0.000000E+0	1.421481E-2	8.721356E-3	5.312279E-3
0.000000E+0	0.000000E+0	0.000000E+0	0.000000E+0	1.400995E-2	8.721356E-3	5.331840E-3
0.000000E+0	0.000000E+0	0.000000E+0	0.000000E+0	1.386363E-2	8.565141E-3	5.263377E-3
0.000000E+0	0.000000E+0	0.000000E+0	0.000000E+0	1.377583E-2	8.467506E-3	5.234035E-3
0.000000E+0	0.000000E+0	0.000000E+0	0.000000E+0	1.366853E-2	8.418688E-3	5.185132E-3
0.000000E+0	0.000000E+0	0.000000E+0	0.000000E+0	1.366853E-2	8.281999E-3	5.146011E-3
0.000000E+0	0.000000E+0	0.000000E+0	0.000000E+0	1.363926E-2	8.233181E-3	5.126450E-3
0.000000E+0	0.000000E+0	0.000000E+0	0.000000E+0	1.363926E-2	8.223418E-3	5.087328E-3
0.000000E+0	0.000000E+0	0.000000E+0	0.000000E+0	1.353196E-2	8.203891E-3	5.087328E-3
0.000000E+0	0.000000E+0	0.000000E+0	0.000000E+0	1.347343E-2	8.194127E-3	4.989523E-3
0.000000E+0	0.000000E+0	0.000000E+0	0.000000E+0	1.325882E-2	8.174600E-3	4.901498E-3
0.000000E+0	0.000000E+0	0.000000E+0	0.000000E+0	1.322955E-2	8.145310E-3	4.823253E-3
0.000000E+0	0.000000E+0	0.000000E+0	0.000000E+0	1.300518E-2	8.125783E-3	4.735229E-3
0.000000E+0	0.000000E+0	0.000000E+0	0.000000E+0	1.290763E-2	8.125783E-3	4.725449E-3
0.000000E+0	0.000000E+0	0.000000E+0	0.000000E+0	1.279057E-2	8.086729E-3	4.637424E-3
0.000000E+0	0.000000E+0	0.000000E+0	0.000000E+0	1.277106E-2	7.930513E-3	4.588522E-3
0.000000E+0	0.000000E+0	0.000000E+0	0.000000E+0	1.272229E-2	7.969567E-3	4.490716E-3
0.000000E+0	0.000000E+0	0.000000E+0	0.000000E+0	1.268327E-2	7.920749E-3	4.520058E-3
0.000000E+0	0.000000E+0	0.000000E+0	0.000000E+0	1.266376E-2	7.754770E-3	4.520058E-3
0.000000E+0	0.000000E+0	0.000000E+0	0.000000E+0	1.265400E-2	7.657135E-3	4.510277E-3
0.000000E+0	0.000000E+0	0.000000E+0	0.000000E+0	1.253694E-2	7.500919E-3	4.520058E-3
0.000000E+0	0.000000E+0	0.000000E+0	0.000000E+0	1.239062E-2	7.452101E-3	4.461375E-3
0.000000E+0	0.000000E+0	0.000000E+0	0.000000E+0	1.231258E-2	7.461865E-3	4.412472E-3
0.000000E+0	0.000000E+0	0.000000E+0	0.000000E+0	1.213699E-2	7.373993E-3	4.422253E-3
0.000000E+0	0.000000E+0	0.000000E+0	0.000000E+0	1.200042E-2	7.276358E-3	4.392911E-3
0.000000E+0	0.000000E+0	0.000000E+0	0.000000E+0	1.195164E-2	7.227540E-3	4.402692E-3
0.000000E+0	0.000000E+0	0.000000E+0	0.000000E+0	1.184434E-2	7.247068E-3	4.412472E-3
0.000000E+0	0.000000E+0	0.000000E+0	0.000000E+0	1.174679E-2	7.217777E-3	4.402692E-3
0.000000E+0	0.000000E+0	0.000000E+0	0.000000E+0	1.169801E-2	7.217777E-3	4.392911E-3
0.000000E+0	0.000000E+0	0.000000E+0	0.000000E+0	1.171752E-2	7.208013E-3	4.363570E-3
0.000000E+0	0.000000E+0	0.000000E+0	0.000000E+0	1.168826E-2	7.188486E-3	4.363570E-3
0.000000E+0	0.000000E+0	0.000000E+0	0.000000E+0	1.163948E-2	7.178723E-3	4.353789E-3
0.000000E+0	0.000000E+0	0.000000E+0	0.000000E+0	1.162973E-2	7.159196E-3	4.363570E-3
0.000000E+0	0.000000E+0	0.000000E+0	0.000000E+0	1.157119E-2	7.061561E-3	4.373350E-3
0.000000E+0	0.000000E+0	0.000000E+0	0.000000E+0	1.144438E-2	7.129906E-3	4.353789E-3
0.000000E+0	0.000000E+0	0.000000E+0	0.000000E+0	1.138585E-2	6.944399E-3	4.334228E-3
0.000000E+0	0.000000E+0	0.000000E+0	0.000000E+0	1.113222E-2	6.885818E-3	4.275545E-3
0.000000E+0	0.000000E+0	0.000000E+0	0.000000E+0	1.107369E-2	6.924872E-3	4.295106E-3
0.000000E+0	0.000000E+0	0.000000E+0	0.000000E+0	1.092736E-2	6.768656E-3	4.197301E-3
0.000000E+0	0.000000E+0	0.000000E+0	0.000000E+0	1.084932E-2	6.749129E-3	4.275545E-3
0.000000E+0	0.000000E+0	0.000000E+0	0.000000E+0	1.079079E-2	6.641731E-3	4.216862E-3
0.000000E+0	0.000000E+0	0.000000E+0	0.000000E+0	1.075177E-2	6.651494E-3	4.089715E-3
0.000000E+0	0.000000E+0	0.000000E+0	0.000000E+0	1.074202E-2	6.524568E-3	4.177740E-3
0.000000E+0	0.000000E+0	0.000000E+0	0.000000E+0	1.072251E-2	6.465987E-3	4.187521E-3
0.000000E+0	0.000000E+0	0.000000E+0	0.000000E+0	1.070300E-2	6.358589E-3	4.060374E-3
0.000000E+0	0.000000E+0	0.000000E+0	0.000000E+0	1.071275E-2	6.319535E-3	4.001691E-3
0.000000E+0	0.000000E+0	0.000000E+0	0.000000E+0	1.062496E-2	6.300008E-3	4.011471E-3
0.000000E+0	0.000000E+0	0.000000E+0	0.000000E+0	1.058594E-2	6.260954E-3	4.021252E-3
0.000000E+0	0.000000E+0	0.000000E+0	0.000000E+0	1.055667E-2	6.241427E-3	3.894105E-3
0.000000E+0	0.000000E+0	0.000000E+0	0.000000E+0	1.039084E-2	6.260954E-3	3.864764E-3
0.000000E+0	0.000000E+0	0.000000E+0	0.000000E+0	1.027378E-2	6.251190E-3	3.835422E-3
0.000000E+0	0.000000E+0	0.000000E+0	0.000000E+0	1.012745E-2	6.221900E-3	3.806081E-3
0.000000E+0	0.000000E+0	0.000000E+0	0.000000E+0	1.003965E-2	6.241427E-3	3.669153E-3
0.000000E+0	0.000000E+0	0.000000E+0	0.000000E+0	9.951860E-3	6.202373E-3	3.698495E-3
0.000000E+0	0.000000E+0	0.000000E+0	0.000000E+0	9.883574E-3	6.202373E-3	3.659373E-3
0.000000E+0	0.000000E+0	0.000000E+0	0.000000E+0	9.795779E-3	6.192609E-3	3.678934E-3
0.000000E+0	0.000000E+0	0.000000E+0	0.000000E+0	9.795779E-3	6.134029E-3	3.600690E-3
0.000000E+0	0.000000E+0	0.000000E+0	0.000000E+0	9.766514E-3	6.182846E-3	3.571348E-3
0.000000E+0	0.000000E+0	0.000000E+0	0.000000E+0	9.766514E-3	6.085211E-3	3.512665E-3
0.000000E+0	0.000000E+0	0.000000E+0	0.000000E+0	9.727494E-3	6.046157E-3	3.542007E-3
0.000000E+0	0.000000E+0	0.000000E+0	0.000000E+0	9.717739E-3	6.026630E-3	3.512665E-3
0.000000E+0	0.000000E+0	0.000000E+0	0.000000E+0	9.698229E-3	5.987576E-3	3.502885E-3
0.000000E+0	0.000000E+0	0.000000E+0	0.000000E+0	9.639698E-3	5.870414E-3	3.453982E-3
0.000000E+0	0.000000E+0	0.000000E+0	0.000000E+0	9.581168E-3	5.802069E-3	3.512665E-3
0.000000E+0	0.000000E+0	0.000000E+0	0.000000E+0	9.590924E-3	5.733725E-3	3.483324E-3
0.000000E+0	0.000000E+0	0.000000E+0	0.000000E+0	9.376313E-3	5.694671E-3	3.493104E-3
0.000000E+0	0.000000E+0	0.000000E+0	0.000000E+0	9.308027E-3	5.626326E-3	3.453982E-3
0.000000E+0	0.000000E+0	0.000000E+0	0.000000E+0	9.190967E-3	5.548218E-3	3.434421E-3
0.000000E+0	0.000000E+0	0.000000E+0	0.000000E+0	9.025131E-3	5.557982E-3	3.434421E-3
0.000000E+0	0.000000E+0	0.000000E+0	0.000000E+0	8.966601E-3	5.470110E-3	3.434421E-3
0.000000E+0	0.000000E+0	0.000000E+0	0.000000E+0	8.917826E-3	5.411529E-3	3.424641E-3
0.000000E+0	0.000000E+0	0.000000E+0	0.000000E+0	8.849541E-3	5.411529E-3	3.405080E-3
0.000000E+0	0.000000E+0	0.000000E+0	0.000000E+0	8.830030E-3	5.352948E-3	3.414860E-3
0.000000E+0	0.000000E+0	0.000000E+0	0.000000E+0	8.781255E-3	5.333421E-3	3.385519E-3
0.000000E+0	0.000000E+0	0.000000E+0	0.000000E+0	8.791011E-3	5.313894E-3	3.414860E-3
0.000000E+0	0.000000E+0	0.000000E+0	0.000000E+0	8.781255E-3	5.304131E-3	3.405080E-3
0.000000E+0	0.000000E+0	0.000000E+0	0.000000E+0	8.781255E-3	5.284604E-3	3.395299E-3
0.000000E+0	0.000000E+0	0.000000E+0	0.000000E+0	8.761746E-3	5.284604E-3	3.395299E-3
0.000000E+0	0.000000E+0	0.000000E+0	0.000000E+0	8.751990E-3	5.265077E-3	3.375738E-3
0.000000E+0	0.000000E+0	0.000000E+0	0.000000E+0	8.703215E-3	5.274840E-3	3.395299E-3
0.000000E+0	0.000000E+0	0.000000E+0	0.000000E+0	8.712971E-3	5.245550E-3	3.405080E-3
0.000000E+0	0.000000E+0	0.000000E+0	0.000000E+0	8.644685E-3	5.245550E-3	3.336616E-3
0.000000E+0	0.000000E+0	0.000000E+0	0.000000E+0	8.508115E-3	5.265077E-3	3.395299E-3
0.000000E+0	0.000000E+0	0.000000E+0	0.000000E+0	8.508115E-3	5.216259E-3	3.385519E-3
0.000000E+0	0.000000E+0	0.000000E+0	0.000000E+0	8.391054E-3	5.216259E-3	3.326836E-3
0.000000E+0	0.000000E+0	0.000000E+0	0.000000E+0	8.400809E-3	5.235786E-3	3.346397E-3
0.000000E+0	0.000000E+0	0.000000E+0	0.000000E+0	8.234974E-3	5.186968E-3	3.375738E-3
0.000000E+0	0.000000E+0	0.000000E+0	0.000000E+0	8.186199E-3	5.167441E-3	3.346397E-3
0.000000E+0	0.000000E+0	0.000000E+0	0.000000E+0	8.020363E-3	5.138151E-3	3.287714E-3
0.000000E+0	0.000000E+0	0.000000E+0	0.000000E+0	8.010608E-3	5.138151E-3	3.317055E-3
0.000000E+0	0.000000E+0	0.000000E+0	0.000000E+0	7.952077E-3	5.108861E-3	3.336616E-3
0.000000E+0	0.000000E+0	0.000000E+0	0.000000E+0	7.913058E-3	4.981935E-3	3.248591E-3
0.000000E+0	0.000000E+0	0.000000E+0	0.000000E+0	7.854528E-3	5.011226E-3	3.199689E-3
0.000000E+0	0.000000E+0	0.000000E+0	0.000000E+0	7.844772E-3	4.952644E-3	3.131225E-3
0.000000E+0	0.000000E+0	0.000000E+0	0.000000E+0	7.825262E-3	4.855010E-3	3.238811E-3
0.000000E+0	0.000000E+0	0.000000E+0	0.000000E+0	7.815507E-3	4.845246E-3	3.189908E-3
0.000000E+0	0.000000E+0	0.000000E+0	0.000000E+0	7.786242E-3	4.806192E-3	3.131225E-3
0.000000E+0	0.000000E+0	0.000000E+0	0.000000E+0	7.805752E-3	4.737847E-3	3.150786E-3
0.000000E+0	0.000000E+0	0.000000E+0	0.000000E+0	7.805752E-3	4.718320E-3	3.121445E-3
0.000000E+0	0.000000E+0	0.000000E+0	0.000000E+0	7.766732E-3	4.728084E-3	3.101884E-3
0.000000E+0	0.000000E+0	0.000000E+0	0.000000E+0	7.717957E-3	4.659739E-3	2.994298E-3
0.000000E+0	0.000000E+0	0.000000E+0	0.000000E+0	7.708202E-3	4.679266E-3	2.955176E-3
0.000000E+0	0.000000E+0	0.000000E+0	0.000000E+0	7.561876E-3	4.591395E-3	2.945396E-3
0.000000E+0	0.000000E+0	0.000000E+0	0.000000E+0	7.659427E-3	4.571868E-3	2.906274E-3
0.000000E+0	0.000000E+0	0.000000E+0	0.000000E+0	7.513101E-3	4.425415E-3	2.955176E-3
0.000000E+0	0.000000E+0	0.000000E+0	0.000000E+0	7.542366E-3	4.474233E-3	2.896493E-3
0.000000E+0	0.000000E+0	0.000000E+0	0.000000E+0	7.327755E-3	4.386361E-3	2.916054E-3
0.000000E+0	0.000000E+0	0.000000E+0	0.000000E+0	7.405796E-3	4.376598E-3	2.828029E-3
0.000000E+0	0.000000E+0	0.000000E+0	0.000000E+0	7.181430E-3	4.337544E-3	2.788907E-3
0.000000E+0	0.000000E+0	0.000000E+0	0.000000E+0	7.210695E-3	4.327781E-3	2.828029E-3
0.000000E+0	0.000000E+0	0.000000E+0	0.000000E+0	7.054614E-3	4.347308E-3	2.779127E-3
0.000000E+0	0.000000E+0	0.000000E+0	0.000000E+0	7.054614E-3	4.347308E-3	2.700883E-3
0.000000E+0	0.000000E+0	0.000000E+0	0.000000E+0	6.986329E-3	4.318017E-3	2.759566E-3
0.000000E+0	0.000000E+0	0.000000E+0	0.000000E+0	6.966819E-3	4.327781E-3	2.779127E-3
0.000000E+0	0.000000E+0	0.000000E+0	0.000000E+0	6.947309E-3	4.288726E-3	2.642200E-3
0.000000E+0	0.000000E+0	0.000000E+0	0.000000E+0	6.859514E-3	4.278963E-3	2.642200E-3
0.000000E+0	0.000000E+0	0.000000E+0	0.000000E+0	6.898534E-3	4.269199E-3	2.661761E-3
0.000000E+0	0.000000E+0	0.000000E+0	0.000000E+0	6.830249E-3	4.269199E-3	2.651980E-3
0.000000E+0	0.000000E+0	0.000000E+0	0.000000E+0	6.849759E-3	4.318017E-3	2.632419E-3
0.000000E+0	0.000000E+0	0.000000E+0	0.000000E+0	6.840004E-3	4.259436E-3	2.583517E-3
0.000000E+0	0.000000E+0	0.000000E+0	0.000000E+0	6.820494E-3	4.269199E-3	2.612858E-3
0.000000E+0	0.000000E+0	0.000000E+0	0.000000E+0	6.820494E-3	4.269199E-3	2.583517E-3
0.000000E+0	0.000000E+0	0.000000E+0	0.000000E+0	6.810739E-3	4.259436E-3	2.534614E-3
0.000000E+0	0.000000E+0	0.000000E+0	0.000000E+0	6.810739E-3	4.239909E-3	2.534614E-3
0.000000E+0	0.000000E+0	0.000000E+0	0.000000E+0	6.761963E-3	4.220382E-3	2.524834E-3
0.000000E+0	0.000000E+0	0.000000E+0	0.000000E+0	6.752208E-3	4.191091E-3	2.544395E-3
0.000000E+0	0.000000E+0	0.000000E+0	0.000000E+0	6.732699E-3	4.210618E-3	2.593297E-3
0.000000E+0	0.000000E+0	0.000000E+0	0.000000E+0	6.703434E-3	4.259436E-3	2.505273E-3
0.000000E+0	0.000000E+0	0.000000E+0	0.000000E+0	6.644903E-3	4.122747E-3	2.524834E-3
0.000000E+0	0.000000E+0	0.000000E+0	0.000000E+0	6.703434E-3	4.181328E-3	2.524834E-3
0.000000E+0	0.000000E+0	0.000000E+0	0.000000E+0	6.537598E-3	4.142274E-3	2.475931E-3
0.000000E+0	0.000000E+0	0.000000E+0	0.000000E+0	6.518088E-3	4.083693E-3	2.485712E-3
0.000000E+0	0.000000E+0	0.000000E+0	0.000000E+0	6.498578E-3	4.034875E-3	2.475931E-3
0.000000E+0	0.000000E+0	0.000000E+0	0.000000E+0	6.440048E-3	4.025112E-3	2.466151E-3
0.000000E+0	0.000000E+0	0.000000E+0	0.000000E+0	6.244947E-3	3.995821E-3	2.466151E-3
0.000000E+0	0.000000E+0	0.000000E+0	0.000000E+0	6.225437E-3	4.025112E-3	2.446590E-3
0.000000E+0	0.000000E+0	0.000000E+0	0.000000E+0	6.118131E-3	3.947004E-3	2.427028E-3
0.000000E+0	0.000000E+0	0.000000E+0	0.000000E+0	6.059601E-3	3.995821E-3	2.436809E-3
0.000000E+0	0.000000E+0	0.000000E+0	0.000000E+0	6.030336E-3	3.907950E-3	2.466151E-3
0.000000E+0	0.000000E+0	0.000000E+0	0.000000E+0	6.040091E-3	3.839605E-3	2.436809E-3
0.000000E+0	0.000000E+0	0.000000E+0	0.000000E+0	5.962051E-3	3.898186E-3	2.427028E-3
0.000000E+0	0.000000E+0	0.000000E+0	0.000000E+0	5.923030E-3	3.654099E-3	2.427028E-3
0.000000E+0	0.000000E+0	0.000000E+0	0.000000E+0	5.962051E-3	3.712680E-3	2.427028E-3
0.000000E+0	0.000000E+0	0.000000E+0	0.000000E+0	5.903521E-3	3.654099E-3	2.436809E-3
0.000000E+0	0.000000E+0	0.000000E+0	0.000000E+0	5.884010E-3	3.732207E-3	2.436809E-3
0.000000E+0	0.000000E+0	0.000000E+0	0.000000E+0	5.884010E-3	3.683389E-3	2.446590E-3
0.000000E+0	0.000000E+0	0.000000E+0	0.000000E+0	5.884010E-3	3.605281E-3	2.436809E-3
0.000000E+0	0.000000E+0	0.000000E+0	0.000000E+0	5.893765E-3	3.556464E-3	2.436809E-3
0.000000E+0	0.000000E+0	0.000000E+0	0.000000E+0	5.854745E-3	3.507646E-3	2.436809E-3
0.000000E+0	0.000000E+0	0.000000E+0	0.000000E+0	5.864501E-3	3.497883E-3	2.436809E-3
0.000000E+0	0.000000E+0	0.000000E+0	0.000000E+0	5.844990E-3	3.527173E-3	2.417248E-3
0.000000E+0	0.000000E+0	0.000000E+0	0.000000E+0	5.864501E-3	3.468592E-3	2.407467E-3
0.000000E+0	0.000000E+0	0.000000E+0	0.000000E+0	5.844990E-3	3.546700E-3	2.397687E-3
0.000000E+0	0.000000E+0	0.000000E+0	0.000000E+0	5.786460E-3	3.497883E-3	2.436809E-3
0.000000E+0	0.000000E+0	0.000000E+0	0.000000E+0	5.825480E-3	3.419775E-3	2.407467E-3
0.000000E+0	0.000000E+0	0.000000E+0	0.000000E+0	5.796215E-3	3.410011E-3	2.427028E-3
0.000000E+0	0.000000E+0	0.000000E+0	0.000000E+0	5.757195E-3	3.419775E-3	2.397687E-3
0.000000E+0	0.000000E+0	0.000000E+0	0.000000E+0	5.786460E-3	3.370957E-3	2.407467E-3
0.000000E+0	0.000000E+0	0.000000E+0	0.000000E+0	5.727930E-3	3.439302E-3	2.368346E-3
0.000000E+0	0.000000E+0	0.000000E+0	0.000000E+0	5.698665E-3	3.351430E-3	2.407467E-3
0.000000E+0	0.000000E+0	0.000000E+0	0.000000E+0	5.620624E-3	3.331903E-3	2.387907E-3
0.000000E+0	0.000000E+0	0.000000E+0	0.000000E+0	5.601115E-3	3.331903E-3	2.397687E-3
0.000000E+0	0.000000E+0	0.000000E+0	0.000000E+0	5.630380E-3	3.331903E-3	2.368346E-3
0.000000E+0	0.000000E+0	0.000000E+0	0.000000E+0	5.532829E-3	3.302613E-3	2.348785E-3
0.000000E+0	0.000000E+0	0.000000E+0	0.000000E+0	5.445034E-3	3.322140E-3	2.329224E-3
0.000000E+0	0.000000E+0	0.000000E+0	0.000000E+0	5.484054E-3	3.312376E-3	2.387907E-3
0.000000E+0	0.000000E+0	0.000000E+0	0.000000E+0	5.376749E-3	3.302613E-3	2.397687E-3
0.000000E+0	0.000000E+0	0.000000E+0	0.000000E+0	5.298709E-3	3.312376E-3	2.329224E-3
0.000000E+0	0.000000E+0	0.000000E+0	0.000000E+0	5.259688E-3	3.322140E-3	2.309663E-3
0.000000E+0	0.000000E+0	0.000000E+0	0.000000E+0	5.220668E-3	3.283086E-3	2.319443E-3
0.000000E+0	0.000000E+0	0.000000E+0	0.000000E+0	5.142628E-3	3.302613E-3	2.319443E-3
0.000000E+0	0.000000E+0	0.000000E+0	0.000000E+0	5.113363E-3	3.292849E-3	2.329224E-3
0.000000E+0	0.000000E+0	0.000000E+0	0.000000E+0	5.054832E-3	3.273322E-3	2.290101E-3
0.000000E+0	0.000000E+0	0.000000E+0	0.000000E+0	5.025567E-3	3.302613E-3	2.290101E-3
0.000000E+0	0.000000E+0	0.000000E+0	0.000000E+0	5.015812E-3	3.283086E-3	2.250979E-3
0.000000E+0	0.000000E+0	0.000000E+0	0.000000E+0	4.967037E-3	3.302613E-3	2.290101E-3
0.000000E+0	0.000000E+0	0.000000E+0	0.000000E+0	4.976792E-3	3.253795E-3	2.250979E-3
0.000000E+0	0.000000E+0	0.000000E+0	0.000000E+0	4.947527E-3	3.283086E-3	2.280321E-3
0.000000E+0	0.000000E+0	0.000000E+0	0.000000E+0	4.967037E-3	3.234268E-3	2.270540E-3
0.000000E+0	0.000000E+0	0.000000E+0	0.000000E+0	4.918262E-3	3.234268E-3	2.250979E-3
0.000000E+0	0.000000E+0	0.000000E+0	0.000000E+0	4.928017E-3	3.273322E-3	2.192296E-3
0.000000E+0	0.000000E+0	0.000000E+0	0.000000E+0	4.928017E-3	3.253795E-3	2.231418E-3
0.000000E+0	0.000000E+0	0.000000E+0	0.000000E+0	4.898752E-3	3.283086E-3	2.153174E-3
0.000000E+0	0.000000E+0	0.000000E+0	0.000000E+0	4.888997E-3	3.263559E-3	2.094491E-3
0.000000E+0	0.000000E+0	0.000000E+0	0.000000E+0	4.898752E-3	3.204978E-3	2.094491E-3
0.000000E+0	0.000000E+0	0.000000E+0	0.000000E+0	4.898752E-3	3.195214E-3	2.133613E-3
0.000000E+0	0.000000E+0	0.000000E+0	0.000000E+0	4.879242E-3	3.204978E-3	2.192296E-3
0.000000E+0	0.000000E+0	0.000000E+0	0.000000E+0	4.888997E-3	3.214741E-3	2.055369E-3
0.000000E+0	0.000000E+0	0.000000E+0	0.000000E+0	4.820712E-3	3.175687E-3	2.074930E-3
0.000000E+0	0.000000E+0	0.000000E+0	0.000000E+0	4.879242E-3	3.195214E-3	2.055369E-3
0.000000E+0	0.000000E+0	0.000000E+0	0.000000E+0	4.840222E-3	3.136633E-3	2.055369E-3
0.000000E+0	0.000000E+0	0.000000E+0	0.000000E+0	4.859732E-3	3.097579E-3	1.996686E-3
0.000000E+0	0.000000E+0	0.000000E+0	0.000000E+0	4.820712E-3	3.107343E-3	2.006467E-3
0.000000E+0	0.000000E+0	0.000000E+0	0.000000E+0	4.840222E-3	3.078052E-3	1.996686E-3
0.000000E+0	0.000000E+0	0.000000E+0	0.000000E+0	4.840222E-3	3.029234E-3	1.957564E-3
0.000000E+0	0.000000E+0	0.000000E+0	0.000000E+0	4.801202E-3	3.009708E-3	1.986906E-3
0.000000E+0	0.000000E+0	0.000000E+0	0.000000E+0	4.830467E-3	3.019471E-3	2.006467E-3
0.000000E+0	0.000000E+0	0.000000E+0	0.000000E+0	4.820712E-3	2.970654E-3	2.055369E-3
0.000000E+0	0.000000E+0	0.000000E+0	0.000000E+0	4.762182E-3	2.951127E-3	2.045589E-3
0.000000E+0	0.000000E+0	0.000000E+0	0.000000E+0	4.781692E-3	3.078052E-3	1.967345E-3
0.000000E+0	0.000000E+0	0.000000E+0	0.000000E+0	4.674386E-3	2.892545E-3	1.859759E-3
0.000000E+0	0.000000E+0	0.000000E+0	0.000000E+0	4.703652E-3	2.999944E-3	1.869539E-3
0.000000E+0	0.000000E+0	0.000000E+0	0.000000E+0	4.645121E-3	2.931600E-3	1.996686E-3
0.000000E+0	0.000000E+0	0.000000E+0	0.000000E+0	4.645121E-3	2.970654E-3	1.889101E-3
0.000000E+0	0.000000E+0	0.000000E+0	0.000000E+0	4.440266E-3	2.853492E-3	1.977125E-3
0.000000E+0	0.000000E+0	0.000000E+0	0.000000E+0	4.459776E-3	2.921836E-3	1.820637E-3
0.000000E+0	0.000000E+0	0.000000E+0	0.000000E+0	4.586591E-3	2.755856E-3	1.947784E-3
0.000000E+0	0.000000E+0	0.000000E+0	0.000000E+0	4.469531E-3	2.804674E-3	1.830417E-3
0.000000E+0	0.000000E+0	0.000000E+0	0.000000E+0	4.362225E-3	2.794910E-3	1.859759E-3
0.000000E+0	0.000000E+0	0.000000E+0	0.000000E+0	4.479286E-3	2.775383E-3	1.810856E-3
0.000000E+0	0.000000E+0	0.000000E+0	0.000000E+0	4.420755E-3	2.775383E-3	1.801076E-3
0.000000E+0	0.000000E+0	0.000000E+0	0.000000E+0	4.430511E-3	2.687512E-3	1.830417E-3
0.000000E+0	0.000000E+0	0.000000E+0	0.000000E+0	4.264675E-3	2.726566E-3	1.761954E-3
0.000000E+0	0.000000E+0	0.000000E+0	0.000000E+0	4.157369E-3	2.658221E-3	1.820637E-3
0.000000E+0	0.000000E+0	0.000000E+0	0.000000E+0	4.235410E-3	2.736330E-3	1.664149E-3
0.000000E+0	0.000000E+0	0.000000E+0	0.000000E+0	4.108594E-3	2.697275E-3	1.722832E-3
0.000000E+0	0.000000E+0	0.000000E+0	0.000000E+0	4.089084E-3	2.726566E-3	1.781515E-3
0.000000E+0	0.000000E+0	0.000000E+0	0.000000E+0	4.147614E-3	2.677748E-3	1.693490E-3
0.000000E+0	0.000000E+0	0.000000E+0	0.000000E+0	4.098839E-3	2.589877E-3	1.761954E-3
0.000000E+0	0.000000E+0	0.000000E+0	0.000000E+0	4.079329E-3	2.560586E-3	1.713051E-3
0.000000E+0	0.000000E+0	0.000000E+0	0.000000E+0	4.089084E-3	2.521532E-3	1.664149E-3
0.000000E+0	0.000000E+0	0.000000E+0	0.000000E+0	4.020799E-3	2.550823E-3	1.703271E-3
0.000000E+0	0.000000E+0	0.000000E+0	0.000000E+0	4.001289E-3	2.472715E-3	1.713051E-3
0.000000E+0	0.000000E+0	0.000000E+0	0.000000E+0	3.991534E-3	2.511769E-3	1.654368E-3
0.000000E+0	0.000000E+0	0.000000E+0	0.000000E+0	3.981779E-3	2.462951E-3	1.644588E-3
0.000000E+0	0.000000E+0	0.000000E+0	0.000000E+0	3.991534E-3	2.443424E-3	1.644588E-3
0.000000E+0	0.000000E+0	0.000000E+0	0.000000E+0	3.962269E-3	2.414134E-3	1.664149E-3
0.000000E+0	0.000000E+0	0.000000E+0	0.000000E+0	3.933004E-3	2.502005E-3	1.625027E-3
0.000000E+0	0.000000E+0	0.000000E+0	0.000000E+0	3.952514E-3	2.423897E-3	1.595685E-3
0.000000E+0	0.000000E+0	0.000000E+0	0.000000E+0	3.913494E-3	2.453188E-3	1.615246E-3
0.000000E+0	0.000000E+0	0.000000E+0	0.000000E+0	3.952514E-3	2.462951E-3	1.615246E-3
0.000000E+0	0.000000E+0	0.000000E+0	0.000000E+0	3.913494E-3	2.462951E-3	1.595685E-3
0.000000E+0	0.000000E+0	0.000000E+0	0.000000E+0	3.913494E-3	2.394607E-3	1.546783E-3
0.000000E+0	0.000000E+0	0.000000E+0	0.000000E+0	3.923248E-3	2.414134E-3	1.556563E-3
0.000000E+0	0.000000E+0	0.000000E+0	0.000000E+0	3.884229E-3	2.384843E-3	1.634807E-3
0.000000E+0	0.000000E+0	0.000000E+0	0.000000E+0	3.884229E-3	2.423897E-3	1.576124E-3
0.000000E+0	0.000000E+0	0.000000E+0	0.000000E+0	3.913494E-3	2.394607E-3	1.595685E-3
0.000000E+0	0.000000E+0	0.000000E+0	0.000000E+0	3.893984E-3	2.414134E-3	1.585905E-3
0.000000E+0	0.000000E+0	0.000000E+0	0.000000E+0	3.884229E-3	2.384843E-3	1.576124E-3
0.000000E+0	0.000000E+0	0.000000E+0	0.000000E+0	3.903739E-3	2.336026E-3	1.537002E-3
0.000000E+0	0.000000E+0	0.000000E+0	0.000000E+0	3.893984E-3	2.375080E-3	1.527222E-3
0.000000E+0	0.000000E+0	0.000000E+0	0.000000E+0	3.874474E-3	2.384843E-3	1.576124E-3
0.000000E+0	0.000000E+0	0.000000E+0	0.000000E+0	3.874474E-3	2.345789E-3	1.546783E-3
0.000000E+0	0.000000E+0	0.000000E+0	0.000000E+0	3.874474E-3	2.365316E-3	1.527222E-3
0.000000E+0	0.000000E+0	0.000000E+0	0.000000E+0	3.893984E-3	2.336026E-3	1.595685E-3
0.000000E+0	0.000000E+0	0.000000E+0	0.000000E+0	3.874474E-3	2.365316E-3	1.517441E-3
0.000000E+0	0.000000E+0	0.000000E+0	0.000000E+0	3.864719E-3	2.345789E-3	1.517441E-3
0.000000E+0	0.000000E+0	0.000000E+0	0.000000E+0	3.835453E-3	2.326262E-3	1.605466E-3
0.000000E+0	0.000000E+0	0.000000E+0	0.000000E+0	3.786678E-3	2.326262E-3	1.507661E-3
0.000000E+0	0.000000E+0	0.000000E+0	0.000000E+0	3.854963E-3	2.316499E-3	1.546783E-3
0.000000E+0	0.000000E+0	0.000000E+0	0.000000E+0	3.825698E-3	2.326262E-3	1.517441E-3
0.000000E+0	0.000000E+0	0.000000E+0	0.000000E+0	3.786678E-3	2.345789E-3	1.527222E-3
0.000000E+0	0.000000E+0	0.000000E+0	0.000000E+0	3.757413E-3	2.336026E-3	1.517441E-3
0.000000E+0	0.000000E+0	0.000000E+0	0.000000E+0	3.757413E-3	2.336026E-3	1.556563E-3
0.000000E+0	0.000000E+0	0.000000E+0	0.000000E+0	3.757413E-3	2.326262E-3	1.497880E-3
0.000000E+0	0.000000E+0	0.000000E+0	0.000000E+0	3.786678E-3	2.306735E-3	1.488100E-3
0.000000E+0	0.000000E+0	0.000000E+0	0.000000E+0	3.659863E-3	2.316499E-3	1.517441E-3
0.000000E+0	0.000000E+0	0.000000E+0	0.000000E+0	3.679373E-3	2.316499E-3	1.497880E-3
0.000000E+0	0.000000E+0	0.000000E+0	0.000000E+0	3.708638E-3	2.326262E-3	1.478319E-3
0.000000E+0	0.000000E+0	0.000000E+0	0.000000E+0	3.630598E-3	2.316499E-3	1.497880E-3
0.000000E+0	0.000000E+0	0.000000E+0	0.000000E+0	3.630598E-3	2.326262E-3	1.488100E-3
0.000000E+0	0.000000E+0	0.000000E+0	0.000000E+0	3.640353E-3	2.316499E-3	1.507661E-3
0.000000E+0	0.000000E+0	0.000000E+0	0.000000E+0	3.659863E-3	2.316499E-3	1.478319E-3
0.000000E+0	0.000000E+0	0.000000E+0	0.000000E+0	3.640353E-3	2.277445E-3	1.478319E-3
0.000000E+0	0.000000E+0	0.000000E+0	0.000000E+0	3.552557E-3	2.336026E-3	1.488100E-3
0.000000E+0	0.000000E+0	0.000000E+0	0.000000E+0	3.542802E-3	2.316499E-3	1.458758E-3
0.000000E+0	0.000000E+0	0.000000E+0	0.000000E+0	3.533047E-3	2.306735E-3	1.478319E-3
0.000000E+0	0.000000E+0	0.000000E+0	0.000000E+0	3.484272E-3	2.287208E-3	1.468539E-3
0.000000E+0	0.000000E+0	0.000000E+0	0.000000E+0	3.415987E-3	2.287208E-3	1.468539E-3
0.000000E+0	0.000000E+0	0.000000E+0	0.000000E+0	3.386722E-3	2.316499E-3	1.497880E-3
0.000000E+0	0.000000E+0	0.000000E+0	0.000000E+0	3.484272E-3	2.287208E-3	1.468539E-3
0.000000E+0	0.000000E+0	0.000000E+0	0.000000E+0	3.357457E-3	2.296972E-3	1.478319E-3
0.000000E+0	0.000000E+0	0.000000E+0	0.000000E+0	3.347702E-3	2.296972E-3	1.439197E-3
0.000000E+0	0.000000E+0	0.000000E+0	0.000000E+0	3.269661E-3	2.287208E-3	1.468539E-3
0.000000E+0	0.000000E+0	0.000000E+0	0.000000E+0	3.308682E-3	2.257918E-3	1.468539E-3
0.000000E+0	0.000000E+0	0.000000E+0	0.000000E+0	3.201376E-3	2.257918E-3	1.497880E-3
0.000000E+0	0.000000E+0	0.000000E+0	0.000000E+0	3.240396E-3	2.248154E-3	1.468539E-3
0.000000E+0	0.000000E+0	0.000000E+0	0.000000E+0	3.259906E-3	2.287208E-3	1.458758E-3
0.000000E+0	0.000000E+0	0.000000E+0	0.000000E+0	3.181866E-3	2.228627E-3	1.458758E-3
0.000000E+0	0.000000E+0	0.000000E+0	0.000000E+0	3.152601E-3	2.209100E-3	1.458758E-3
0.000000E+0	0.000000E+0	0.000000E+0	0.000000E+0	3.162356E-3	2.248154E-3	1.439197E-3
0.000000E+0	0.000000E+0	0.000000E+0	0.000000E+0	3.074561E-3	2.248154E-3	1.478319E-3
0.000000E+0	0.000000E+0	0.000000E+0	0.000000E+0	3.142846E-3	2.189573E-3	1.468539E-3
0.000000E+0	0.000000E+0	0.000000E+0	0.000000E+0	3.152601E-3	2.218864E-3	1.458758E-3
0.000000E+0	0.000000E+0	0.000000E+0	0.000000E+0	3.133091E-3	2.228627E-3	1.488100E-3
0.000000E+0	0.000000E+0	0.000000E+0	0.000000E+0	3.025786E-3	2.218864E-3	1.458758E-3
0.000000E+0	0.000000E+0	0.000000E+0	0.000000E+0	3.055051E-3	2.209100E-3	1.468539E-3
0.000000E+0	0.000000E+0	0.000000E+0	0.000000E+0	3.074561E-3	2.170046E-3	1.468539E-3
0.000000E+0	0.000000E+0	0.000000E+0	0.000000E+0	3.055051E-3	2.140756E-3	1.458758E-3
0.000000E+0	0.000000E+0	0.000000E+0	0.000000E+0	2.996521E-3	2.150519E-3	1.468539E-3
0.000000E+0	0.000000E+0	0.000000E+0	0.000000E+0	3.006276E-3	2.179810E-3	1.468539E-3
0.000000E+0	0.000000E+0	0.000000E+0	0.000000E+0	2.986765E-3	2.150519E-3	1.458758E-3
0.000000E+0	0.000000E+0	0.000000E+0	0.000000E+0	3.016031E-3	2.179810E-3	1.458758E-3
0.000000E+0	0.000000E+0	0.000000E+0	0.000000E+0	3.084316E-3	2.111465E-3	1.448978E-3
0.000000E+0	0.000000E+0	0.000000E+0	0.000000E+0	2.947745E-3	2.082175E-3	1.468539E-3
0.000000E+0	0.000000E+0	0.000000E+0	0.000000E+0	2.977010E-3	2.082175E-3	1.448978E-3
0.000000E+0	0.000000E+0	0.000000E+0	0.000000E+0	2.996521E-3	2.101702E-3	1.448978E-3
0.000000E+0	0.000000E+0	0.000000E+0	0.000000E+0	2.947745E-3	2.072411E-3	1.439197E-3
0.000000E+0	0.000000E+0	0.000000E+0	0.000000E+0	2.947745E-3	2.082175E-3	1.419636E-3
0.000000E+0	0.000000E+0	0.000000E+0	0.000000E+0	2.957500E-3	2.062648E-3	1.448978E-3
0.000000E+0	0.000000E+0	0.000000E+0	0.000000E+0	2.957500E-3	2.082175E-3	1.419636E-3
0.000000E+0	0.000000E+0	0.000000E+0	0.000000E+0	2.947745E-3	2.043121E-3	1.439197E-3
0.000000E+0	0.000000E+0	0.000000E+0	0.000000E+0	2.937990E-3	2.023594E-3	1.448978E-3
0.000000E+0	0.000000E+0	0.000000E+0	0.000000E+0	2.928235E-3	2.004067E-3	1.439197E-3
0.000000E+0	0.000000E+0	0.000000E+0	0.000000E+0	2.947745E-3	2.033357E-3	1.429416E-3
0.000000E+0	0.000000E+0	0.000000E+0	0.000000E+0	2.928235E-3	2.062648E-3	1.439197E-3
0.000000E+0	0.000000E+0	0.000000E+0	0.000000E+0	2.957500E-3	1.965013E-3	1.439197E-3
0.000000E+0	0.000000E+0	0.000000E+0	0.000000E+0	2.947745E-3	1.955249E-3	1.439197E-3
0.000000E+0	0.000000E+0	0.000000E+0	0.000000E+0	2.937990E-3	2.004067E-3	1.419636E-3
0.000000E+0	0.000000E+0	0.000000E+0	0.000000E+0	2.918480E-3	1.916195E-3	1.448978E-3
0.000000E+0	0.000000E+0	0.000000E+0	0.000000E+0	2.928235E-3	2.052884E-3	1.429416E-3
0.000000E+0	0.000000E+0	0.000000E+0	0.000000E+0	2.937990E-3	1.955249E-3	1.400075E-3
0.000000E+0	0.000000E+0	0.000000E+0	0.000000E+0	2.908725E-3	1.974776E-3	1.448978E-3
0.000000E+0	0.000000E+0	0.000000E+0	0.000000E+0	2.947745E-3	1.994303E-3	1.429416E-3
0.000000E+0	0.000000E+0	0.000000E+0	0.000000E+0	2.928235E-3	1.867378E-3	1.439197E-3
0.000000E+0	0.000000E+0	0.000000E+0	0.000000E+0	2.928235E-3	1.906432E-3	1.448978E-3
0.000000E+0	0.000000E+0	0.000000E+0	0.000000E+0	2.908725E-3	1.808797E-3	1.409855E-3
0.000000E+0	0.000000E+0	0.000000E+0	0.000000E+0	2.869705E-3	1.896668E-3	1.458758E-3
0.000000E+0	0.000000E+0	0.000000E+0	0.000000E+0	2.889215E-3	1.847851E-3	1.448978E-3
0.000000E+0	0.000000E+0	0.000000E+0	0.000000E+0	2.898970E-3	1.877141E-3	1.419636E-3
0.000000E+0	0.000000E+0	0.000000E+0	0.000000E+0	2.889215E-3	1.828324E-3	1.439197E-3
0.000000E+0	0.000000E+0	0.000000E+0	0.000000E+0	2.898970E-3	1.769743E-3	1.409855E-3
0.000000E+0	0.000000E+0	0.000000E+0	0.000000E+0	2.850195E-3	1.896668E-3	1.400075E-3
0.000000E+0	0.000000E+0	0.000000E+0	0.000000E+0	2.918480E-3	1.789270E-3	1.429416E-3
0.000000E+0	0.000000E+0	0.000000E+0	0.000000E+0	2.879460E-3	1.799033E-3	1.419636E-3
0.000000E+0	0.000000E+0	0.000000E+0	0.000000E+0	2.898970E-3	1.691635E-3	1.400075E-3
0.000000E+0	0.000000E+0	0.000000E+0	0.000000E+0	2.879460E-3	1.808797E-3	1.400075E-3
0.000000E+0	0.000000E+0	0.000000E+0	0.000000E+0	2.879460E-3	1.711162E-3	1.390294E-3
0.000000E+0	0.000000E+0	0.000000E+0	0.000000E+0	2.820930E-3	1.818560E-3	1.370733E-3
0.000000E+0	0.000000E+0	0.000000E+0	0.000000E+0	2.869705E-3	1.662344E-3	1.419636E-3
0.000000E+0	0.000000E+0	0.000000E+0	0.000000E+0	2.898970E-3	1.594000E-3	1.380514E-3
0.000000E+0	0.000000E+0	0.000000E+0	0.000000E+0	2.811175E-3	1.730689E-3	1.439197E-3
0.000000E+0	0.000000E+0	0.000000E+0	0.000000E+0	2.840440E-3	1.730689E-3	1.429416E-3
0.000000E+0	0.000000E+0	0.000000E+0	0.000000E+0	2.840440E-3	1.740452E-3	1.370733E-3
0.000000E+0	0.000000E+0	0.000000E+0	0.000000E+0	2.830685E-3	1.691635E-3	1.390294E-3
0.000000E+0	0.000000E+0	0.000000E+0	0.000000E+0	2.801420E-3	1.623290E-3	1.370733E-3
0.000000E+0	0.000000E+0	0.000000E+0	0.000000E+0	2.811175E-3	1.623290E-3	1.400075E-3
0.000000E+0	0.000000E+0	0.000000E+0	0.000000E+0	2.752645E-3	1.662344E-3	1.400075E-3
0.000000E+0	0.000000E+0	0.000000E+0	0.000000E+0	2.811175E-3	1.574473E-3	1.409855E-3
0.000000E+0	0.000000E+0	0.000000E+0	0.000000E+0	2.772155E-3	1.574473E-3	1.390294E-3
0.000000E+0	0.000000E+0	0.000000E+0	0.000000E+0	2.772155E-3	1.554946E-3	1.331611E-3
0.000000E+0	0.000000E+0	0.000000E+0	0.000000E+0	2.703869E-3	1.574473E-3	1.370733E-3
0.000000E+0	0.000000E+0	0.000000E+0	0.000000E+0	2.811175E-3	1.672108E-3	1.360953E-3
0.000000E+0	0.000000E+0	0.000000E+0	0.000000E+0	2.762400E-3	1.633054E-3	1.390294E-3
0.000000E+0	0.000000E+0	0.000000E+0	0.000000E+0	2.752645E-3	1.603763E-3	1.360953E-3
0.000000E+0	0.000000E+0	0.000000E+0	0.000000E+0	2.723380E-3	1.564709E-3	1.400075E-3
0.000000E+0	0.000000E+0	0.000000E+0	0.000000E+0	2.742890E-3	1.545182E-3	1.390294E-3
0.000000E+0	0.000000E+0	0.000000E+0	0.000000E+0	2.752645E-3	1.603763E-3	1.351172E-3
0.000000E+0	0.000000E+0	0.000000E+0	0.000000E+0	2.655094E-3	1.554946E-3	1.341392E-3
0.000000E+0	0.000000E+0	0.000000E+0	0.000000E+0	2.694114E-3	1.525655E-3	1.302270E-3
0.000000E+0	0.000000E+0	0.000000E+0	0.000000E+0	2.596564E-3	1.535419E-3	1.341392E-3
0.000000E+0	0.000000E+0	0.000000E+0	0.000000E+0	2.655094E-3	1.535419E-3	1.312050E-3
0.000000E+0	0.000000E+0	0.000000E+0	0.000000E+0	2.625829E-3	1.554946E-3	1.351172E-3
0.000000E+0	0.000000E+0	0.000000E+0	0.000000E+0	2.606319E-3	1.467074E-3	1.282709E-3
0.000000E+0	0.000000E+0	0.000000E+0	0.000000E+0	2.586809E-3	1.496365E-3	1.341392E-3
0.000000E+0	0.000000E+0	0.000000E+0	0.000000E+0	2.577054E-3	1.515892E-3	1.360953E-3
0.000000E+0	0.000000E+0	0.000000E+0	0.000000E+0	2.645339E-3	1.447547E-3	1.380514E-3
0.000000E+0	0.000000E+0	0.000000E+0	0.000000E+0	2.508769E-3	1.476838E-3	1.282709E-3
0.000000E+0	0.000000E+0	0.000000E+0	0.000000E+0	2.567299E-3	1.535419E-3	1.282709E-3
0.000000E+0	0.000000E+0	0.000000E+0	0.000000E+0	2.489259E-3	1.496365E-3	1.341392E-3
0.000000E+0	0.000000E+0	0.000000E+0	0.000000E+0	2.518524E-3	1.496365E-3	1.312050E-3
0.000000E+0	0.000000E+0	0.000000E+0	0.000000E+0	2.508769E-3	1.486601E-3	1.380514E-3
0.000000E+0	0.000000E+0	0.000000E+0	0.000000E+0	2.469749E-3	1.467074E-3	1.312050E-3
0.000000E+0	0.000000E+0	0.000000E+0	0.000000E+0	2.450239E-3	1.457311E-3	1.331611E-3
0.000000E+0	0.000000E+0	0.000000E+0	0.000000E+0	2.586809E-3	1.428020E-3	1.341392E-3
0.000000E+0	0.000000E+0	0.000000E+0	0.000000E+0	2.489259E-3	1.418257E-3	1.312050E-3
0.000000E+0	0.000000E+0	0.000000E+0	0.000000E+0	2.391708E-3	1.486601E-3	1.331611E-3
0.000000E+0	0.000000E+0	0.000000E+0	0.000000E+0	2.450239E-3	1.467074E-3	1.272928E-3
0.000000E+0	0.000000E+0	0.000000E+0	0.000000E+0	2.206363E-3	1.428020E-3	1.292489E-3
0.000000E+0	0.000000E+0	0.000000E+0	0.000000E+0	2.323423E-3	1.447547E-3	1.253367E-3
0.000000E+0	0.000000E+0	0.000000E+0	0.000000E+0	2.391708E-3	1.379203E-3	1.312050E-3
0.000000E+0	0.000000E+0	0.000000E+0	0.000000E+0	2.342933E-3	1.388966E-3	1.272928E-3
0.000000E+0	0.000000E+0	0.000000E+0	0.000000E+0	2.274648E-3	1.398730E-3	1.214245E-3
0.000000E+0	0.000000E+0	0.000000E+0	0.000000E+0	2.294158E-3	1.418257E-3	1.272928E-3
0.000000E+0	0.000000E+0	0.000000E+0	0.000000E+0	2.303913E-3	1.418257E-3	1.204465E-3
0.000000E+0	0.000000E+0	0.000000E+0	0.000000E+0	2.225873E-3	1.418257E-3	1.253367E-3
0.000000E+0	0.000000E+0	0.000000E+0	0.000000E+0	2.274648E-3	1.388966E-3	1.263148E-3
0.000000E+0	0.000000E+0	0.000000E+0	0.000000E+0	2.284403E-3	1.408493E-3	1.292489E-3
0.000000E+0	0.000000E+0	0.000000E+0	0.000000E+0	2.235628E-3	1.388966E-3	1.253367E-3
0.000000E+0	0.000000E+0	0.000000E+0	0.000000E+0	2.196608E-3	1.379203E-3	1.096879E-3
0.000000E+0	0.000000E+0	0.000000E+0	0.000000E+0	2.186853E-3	1.379203E-3	1.224026E-3
0.000000E+0	0.000000E+0	0.000000E+0	0.000000E+0	2.235628E-3	1.457311E-3	1.106660E-3
0.000000E+0	0.000000E+0	0.000000E+0	0.000000E+0	2.196608E-3	1.379203E-3	1.272928E-3
0.000000E+0	0.000000E+0	0.000000E+0	0.000000E+0	2.157588E-3	1.388966E-3	1.243587E-3
0.000000E+0	0.000000E+0	0.000000E+0	0.000000E+0	2.196608E-3	1.388966E-3	1.253367E-3
0.000000E+0	0.000000E+0	0.000000E+0	0.000000E+0	2.128322E-3	1.388966E-3	1.224026E-3
0.000000E+0	0.000000E+0	0.000000E+0	0.000000E+0	2.079547E-3	1.369439E-3	1.214245E-3
0.000000E+0	0.000000E+0	0.000000E+0	0.000000E+0	2.128322E-3	1.369439E-3	1.165343E-3
0.000000E+0	0.000000E+0	0.000000E+0	0.000000E+0	2.079547E-3	1.418257E-3	1.243587E-3
0.000000E+0	0.000000E+0	0.000000E+0	0.000000E+0	2.157588E-3	1.398730E-3	1.184904E-3
0.000000E+0	0.000000E+0	0.000000E+0	0.000000E+0	2.128322E-3	1.379203E-3	1.126221E-3
0.000000E+0	0.000000E+0	0.000000E+0	0.000000E+0	2.089302E-3	1.388966E-3	1.067538E-3
0.000000E+0	0.000000E+0	0.000000E+0	0.000000E+0	2.147833E-3	1.359676E-3	1.184904E-3
0.000000E+0	0.000000E+0	0.000000E+0	0.000000E+0	2.060037E-3	1.408493E-3	1.116440E-3
0.000000E+0	0.000000E+0	0.000000E+0	0.000000E+0	2.089302E-3	1.379203E-3	1.175123E-3
0.000000E+0	0.000000E+0	0.000000E+0	0.000000E+0	2.060037E-3	1.388966E-3	1.087099E-3
0.000000E+0	0.000000E+0	0.000000E+0	0.000000E+0	2.060037E-3	1.379203E-3	1.175123E-3
0.000000E+0	0.000000E+0	0.000000E+0	0.000000E+0	2.040527E-3	1.359676E-3	1.038196E-3
0.000000E+0	0.000000E+0	0.000000E+0	0.000000E+0	2.011262E-3	1.388966E-3	1.145782E-3
0.000000E+0	0.000000E+0	0.000000E+0	0.000000E+0	2.060037E-3	1.388966E-3	1.126221E-3
0.000000E+0	0.000000E+0	0.000000E+0	0.000000E+0	2.011262E-3	1.379203E-3	1.116440E-3
0.000000E+0	0.000000E+0	0.000000E+0	0.000000E+0	1.991752E-3	1.379203E-3	1.165343E-3
0.000000E+0	0.000000E+0	0.000000E+0	0.000000E+0	2.021017E-3	1.369439E-3	1.067538E-3
0.000000E+0	0.000000E+0	0.000000E+0	0.000000E+0	2.050282E-3	1.379203E-3	1.047977E-3
0.000000E+0	0.000000E+0	0.000000E+0	0.000000E+0	2.030772E-3	1.379203E-3	1.077318E-3
0.000000E+0	0.000000E+0	0.000000E+0	0.000000E+0	2.030772E-3	1.379203E-3	1.047977E-3
0.000000E+0	0.000000E+0	0.000000E+0	0.000000E+0	2.030772E-3	1.369439E-3	1.077318E-3
0.000000E+0	0.000000E+0	0.000000E+0	0.000000E+0	1.991752E-3	1.388966E-3	1.057757E-3
0.000000E+0	0.000000E+0	0.000000E+0	0.000000E+0	1.991752E-3	1.349912E-3	1.087099E-3
0.000000E+0	0.000000E+0	0.000000E+0	0.000000E+0	2.001507E-3	1.359676E-3	1.096879E-3
0.000000E+0	0.000000E+0	0.000000E+0	0.000000E+0	1.972242E-3	1.369439E-3	9.990741E-4
0.000000E+0	0.000000E+0	0.000000E+0	0.000000E+0	2.011262E-3	1.349912E-3	1.067538E-3
0.000000E+0	0.000000E+0	0.000000E+0	0.000000E+0	1.981997E-3	1.349912E-3	9.501715E-4
0.000000E+0	0.000000E+0	0.000000E+0	0.000000E+0	2.011262E-3	1.340149E-3	1.067538E-3
0.000000E+0	0.000000E+0	0.000000E+0	0.000000E+0	1.981997E-3	1.349912E-3	9.990741E-4
0.000000E+0	0.000000E+0	0.000000E+0	0.000000E+0	2.011262E-3	1.349912E-3	9.795130E-4
0.000000E+0	0.000000E+0	0.000000E+0	0.000000E+0	2.040527E-3	1.359676E-3	1.038196E-3
0.000000E+0	0.000000E+0	0.000000E+0	0.000000E+0	1.962487E-3	1.340149E-3	1.008854E-3
0.000000E+0	0.000000E+0	0.000000E+0	0.000000E+0	1.981997E-3	1.359676E-3	9.990741E-4
0.000000E+0	0.000000E+0	0.000000E+0	0.000000E+0	1.962487E-3	1.349912E-3	9.990741E-4
0.000000E+0	0.000000E+0	0.000000E+0	0.000000E+0	1.981997E-3	1.330385E-3	9.795130E-4
0.000000E+0	0.000000E+0	0.000000E+0	0.000000E+0	1.952732E-3	1.349912E-3	1.047977E-3
0.000000E+0	0.000000E+0	0.000000E+0	0.000000E+0	1.962487E-3	1.349912E-3	1.145782E-3
0.000000E+0	0.000000E+0	0.000000E+0	0.000000E+0	1.991752E-3	1.369439E-3	1.028416E-3
0.000000E+0	0.000000E+0	0.000000E+0	0.000000E+0	1.952732E-3	1.330385E-3	1.057757E-3
0.000000E+0	0.000000E+0	0.000000E+0	0.000000E+0	1.962487E-3	1.330385E-3	9.795130E-4
0.000000E+0	0.000000E+0	0.000000E+0	0.000000E+0	1.962487E-3	1.330385E-3	9.208299E-4
0.000000E+0	0.000000E+0	0.000000E+0	0.000000E+0	1.972242E-3	1.349912E-3	9.795130E-4
0.000000E+0	0.000000E+0	0.000000E+0	0.000000E+0	1.972242E-3	1.349912E-3	1.057757E-3
0.000000E+0	0.000000E+0	0.000000E+0	0.000000E+0	1.962487E-3	1.330385E-3	9.403910E-4
0.000000E+0	0.000000E+0	0.000000E+0	0.000000E+0	1.942977E-3	1.340149E-3	9.599520E-4
0.000000E+0	0.000000E+0	0.000000E+0	0.000000E+0	1.962487E-3	1.330385E-3	9.697325E-4
0.000000E+0	0.000000E+0	0.000000E+0	0.000000E+0	1.962487E-3	1.359676E-3	9.306105E-4
0.000000E+0	0.000000E+0	0.000000E+0	0.000000E+0	1.981997E-3	1.340149E-3	1.028416E-3
0.000000E+0	0.000000E+0	0.000000E+0	0.000000E+0	1.962487E-3	1.340149E-3	9.012689E-4
0.000000E+0	0.000000E+0	0.000000E+0	0.000000E+0	1.962487E-3	1.320622E-3	8.523664E-4
0.000000E+0	0.000000E+0	0.000000E+0	0.000000E+0	1.933222E-3	1.320622E-3	9.990741E-4
0.000000E+0	0.000000E+0	0.000000E+0	0.000000E+0	1.972242E-3	1.340149E-3	9.795130E-4
0.000000E+0	0.000000E+0	0.000000E+0	0.000000E+0	1.933222E-3	1.340149E-3	1.008854E-3
0.000000E+0	0.000000E+0	0.000000E+0	0.000000E+0	1.942977E-3	1.359676E-3	9.599520E-4
0.000000E+0	0.000000E+0	0.000000E+0	0.000000E+0	1.952732E-3	1.320622E-3	9.012689E-4
0.000000E+0	0.000000E+0	0.000000E+0	0.000000E+0	1.942977E-3	1.340149E-3	9.012689E-4
0.000000E+0	0.000000E+0	0.000000E+0	0.000000E+0	1.942977E-3	1.310858E-3	9.110494E-4
0.000000E+0	0.000000E+0	0.000000E+0	0.000000E+0	1.942977E-3	1.320622E-3	8.914884E-4
0.000000E+0	0.000000E+0	0.000000E+0	0.000000E+0	1.942977E-3	1.340149E-3	8.719274E-4
0.000000E+0	0.000000E+0	0.000000E+0	0.000000E+0	1.952732E-3	1.330385E-3	8.914884E-4
0.000000E+0	0.000000E+0	0.000000E+0	0.000000E+0	1.962487E-3	1.301095E-3	9.110494E-4
0.000000E+0	0.000000E+0	0.000000E+0	0.000000E+0	1.933222E-3	1.320622E-3	7.936833E-4
0.000000E+0	0.000000E+0	0.000000E+0	0.000000E+0	1.942977E-3	1.349912E-3	9.403910E-4
0.000000E+0	0.000000E+0	0.000000E+0	0.000000E+0	1.933222E-3	1.301095E-3	8.132443E-4
0.000000E+0	0.000000E+0	0.000000E+0	0.000000E+0	1.942977E-3	1.310858E-3	8.425859E-4
0.000000E+0	0.000000E+0	0.000000E+0	0.000000E+0	1.933222E-3	1.301095E-3	7.545613E-4
0.000000E+0	0.000000E+0	0.000000E+0	0.000000E+0	1.894202E-3	1.310858E-3	8.425859E-4
0.000000E+0	0.000000E+0	0.000000E+0	0.000000E+0	1.923467E-3	1.349912E-3	7.447808E-4
0.000000E+0	0.000000E+0	0.000000E+0	0.000000E+0	1.913712E-3	1.301095E-3	8.719274E-4
0.000000E+0	0.000000E+0	0.000000E+0	0.000000E+0	1.952732E-3	1.320622E-3	8.621468E-4
0.000000E+0	0.000000E+0	0.000000E+0	0.000000E+0	1.933222E-3	1.310858E-3	9.110494E-4
0.000000E+0	0.000000E+0	0.000000E+0	0.000000E+0	1.942977E-3	1.320622E-3	7.545613E-4
0.000000E+0	0.000000E+0	0.000000E+0	0.000000E+0	1.903957E-3	1.301095E-3	8.132443E-4
0.000000E+0	0.000000E+0	0.000000E+0	0.000000E+0	1.942977E-3	1.291331E-3	7.839028E-4
0.000000E+0	0.000000E+0	0.000000E+0	0.000000E+0	1.933222E-3	1.340149E-3	7.839028E-4
0.000000E+0	0.000000E+0	0.000000E+0	0.000000E+0	1.894202E-3	1.349912E-3	8.328054E-4
0.000000E+0	0.000000E+0	0.000000E+0	0.000000E+0	1.942977E-3	1.310858E-3	8.425859E-4
0.000000E+0	0.000000E+0	0.000000E+0	0.000000E+0	1.884447E-3	1.291331E-3	8.523664E-4
0.000000E+0	0.000000E+0	0.000000E+0	0.000000E+0	1.933222E-3	1.301095E-3	7.936833E-4
0.000000E+0	0.000000E+0	0.000000E+0	0.000000E+0	1.923467E-3	1.310858E-3	7.643418E-4
0.000000E+0	0.000000E+0	0.000000E+0	0.000000E+0	1.903957E-3	1.281568E-3	7.741223E-4
0.000000E+0	0.000000E+0	0.000000E+0	0.000000E+0	1.923467E-3	1.271804E-3	7.839028E-4
0.000000E+0	0.000000E+0	0.000000E+0	0.000000E+0	1.913712E-3	1.330385E-3	8.523664E-4
0.000000E+0	0.000000E+0	0.000000E+0	0.000000E+0	1.874692E-3	1.281568E-3	8.132443E-4
0.000000E+0	0.000000E+0	0.000000E+0	0.000000E+0	1.884447E-3	1.310858E-3	8.132443E-4
0.000000E+0	0.000000E+0	0.000000E+0	0.000000E+0	1.864937E-3	1.291331E-3	7.447808E-4
0.000000E+0	0.000000E+0	0.000000E+0	0.000000E+0	1.874692E-3	1.281568E-3	6.860977E-4
0.000000E+0	0.000000E+0	0.000000E+0	0.000000E+0	1.884447E-3	1.281568E-3	7.643418E-4
0.000000E+0	0.000000E+0	0.000000E+0	0.000000E+0	1.923467E-3	1.271804E-3	8.034638E-4
0.000000E+0	0.000000E+0	0.000000E+0	0.000000E+0	1.864937E-3	1.271804E-3	7.545613E-4
0.000000E+0	0.000000E+0	0.000000E+0	0.000000E+0	1.903957E-3	1.310858E-3	7.252197E-4
0.000000E+0	0.000000E+0	0.000000E+0	0.000000E+0	1.913712E-3	1.271804E-3	7.741223E-4
0.000000E+0	0.000000E+0	0.000000E+0	0.000000E+0	1.894202E-3	1.262041E-3	7.741223E-4
0.000000E+0	0.000000E+0	0.000000E+0	0.000000E+0	1.855182E-3	1.242514E-3	7.936833E-4
0.000000E+0	0.000000E+0	0.000000E+0	0.000000E+0	1.855182E-3	1.281568E-3	7.350002E-4
0.000000E+0	0.000000E+0	0.000000E+0	0.000000E+0	1.894202E-3	1.252277E-3	6.958782E-4
0.000000E+0	0.000000E+0	0.000000E+0	0.000000E+0	1.864937E-3	1.213223E-3	7.350002E-4
0.000000E+0	0.000000E+0	0.000000E+0	0.000000E+0	1.884447E-3	1.281568E-3	7.252197E-4
0.000000E+0	0.000000E+0	0.000000E+0	0.000000E+0	1.806406E-3	1.242514E-3	7.056587E-4
0.000000E+0	0.000000E+0	0.000000E+0	0.000000E+0	1.894202E-3	1.271804E-3	7.447808E-4
0.000000E+0	0.000000E+0	0.000000E+0	0.000000E+0	1.835671E-3	1.242514E-3	6.958782E-4
0.000000E+0	0.000000E+0	0.000000E+0	0.000000E+0	1.786896E-3	1.252277E-3	7.252197E-4
0.000000E+0	0.000000E+0	0.000000E+0	0.000000E+0	1.894202E-3	1.193696E-3	6.371951E-4
0.000000E+0	0.000000E+0	0.000000E+0	0.000000E+0	1.796651E-3	1.262041E-3	6.567562E-4
0.000000E+0	0.000000E+0	0.000000E+0	0.000000E+0	1.855182E-3	1.252277E-3	6.763171E-4
0.000000E+0	0.000000E+0	0.000000E+0	0.000000E+0	1.864937E-3	1.203460E-3	7.154392E-4
0.000000E+0	0.000000E+0	0.000000E+0	0.000000E+0	1.777141E-3	1.262041E-3	6.860977E-4
0.000000E+0	0.000000E+0	0.000000E+0	0.000000E+0	1.796651E-3	1.183933E-3	7.545613E-4
0.000000E+0	0.000000E+0	0.000000E+0	0.000000E+0	1.738121E-3	1.193696E-3	6.958782E-4
0.000000E+0	0.000000E+0	0.000000E+0	0.000000E+0	1.718611E-3	1.203460E-3	6.665367E-4
0.000000E+0	0.000000E+0	0.000000E+0	0.000000E+0	1.835671E-3	1.232750E-3	6.567562E-4
0.000000E+0	0.000000E+0	0.000000E+0	0.000000E+0	1.747876E-3	1.183933E-3	7.154392E-4
0.000000E+0	0.000000E+0	0.000000E+0	0.000000E+0	1.796651E-3	1.213223E-3	6.958782E-4
0.000000E+0	0.000000E+0	0.000000E+0	0.000000E+0	1.767386E-3	1.242514E-3	6.176341E-4
0.000000E+0	0.000000E+0	0.000000E+0	0.000000E+0	1.796651E-3	1.174169E-3	6.371951E-4
0.000000E+0	0.000000E+0	0.000000E+0	0.000000E+0	1.777141E-3	1.203460E-3	6.567562E-4
