This is a C(T) experiment being done in Physics 350.
It records the decay response of an RC circuit where the capacitance is a strong function of temperature.

2/20/2015
3:20 PM

Start temp = 40.0
Temp step = 10.0
End temp = 60.0
Num temps = 3
Num avg cycles = 30
Num points per meas = 1000
Meas time interval = 1.000000E-5

DDD

3.000000E+1	3.000000E+0	4.000000E+1	1.104000E-8	1.000000E+0	1.000000E+0	1.000000E+0
1.000000E+3	0.000000E+0	5.000000E+1	1.053893E-8	9.905370E-1	9.900595E-1	9.893761E-1
1.000000E-5	0.000000E+0	6.000000E+1	9.816457E-9	9.811751E-1	9.802486E-1	9.788730E-1
0.000000E+0	0.000000E+0	0.000000E+0	0.000000E+0	9.719164E-1	9.705980E-1	9.685522E-1
0.000000E+0	0.000000E+0	0.000000E+0	0.000000E+0	9.628181E-1	9.610507E-1	9.583873E-1
0.000000E+0	0.000000E+0	0.000000E+0	0.000000E+0	9.537221E-1	9.516329E-1	9.482972E-1
0.000000E+0	0.000000E+0	0.000000E+0	0.000000E+0	9.446985E-1	9.422965E-1	9.383388E-1
0.000000E+0	0.000000E+0	0.000000E+0	0.000000E+0	9.359034E-1	9.330698E-1	9.285188E-1
0.000000E+0	0.000000E+0	0.000000E+0	0.000000E+0	9.271325E-1	9.239749E-1	9.188349E-1
0.000000E+0	0.000000E+0	0.000000E+0	0.000000E+0	9.186011E-1	9.149832E-1	9.092323E-1
0.000000E+0	0.000000E+0	0.000000E+0	0.000000E+0	9.101290E-1	9.060443E-1	8.997308E-1
0.000000E+0	0.000000E+0	0.000000E+0	0.000000E+0	9.015098E-1	8.972283E-1	8.903940E-1
0.000000E+0	0.000000E+0	0.000000E+0	0.000000E+0	8.930596E-1	8.885134E-1	8.811341E-1
0.000000E+0	0.000000E+0	0.000000E+0	0.000000E+0	8.848336E-1	8.799039E-1	8.719708E-1
0.000000E+0	0.000000E+0	0.000000E+0	0.000000E+0	8.766670E-1	8.713581E-1	8.629151E-1
0.000000E+0	0.000000E+0	0.000000E+0	0.000000E+0	8.684695E-1	8.629177E-1	8.539803E-1
0.000000E+0	0.000000E+0	0.000000E+0	0.000000E+0	8.604237E-1	8.545915E-1	8.451486E-1
0.000000E+0	0.000000E+0	0.000000E+0	0.000000E+0	8.524482E-1	8.463378E-1	8.364202E-1
0.000000E+0	0.000000E+0	0.000000E+0	0.000000E+0	8.444924E-1	8.381368E-1	8.277402E-1
0.000000E+0	0.000000E+0	0.000000E+0	0.000000E+0	8.367168E-1	8.300610E-1	8.192226E-1
0.000000E+0	0.000000E+0	0.000000E+0	0.000000E+0	8.289632E-1	8.220841E-1	8.107951E-1
0.000000E+0	0.000000E+0	0.000000E+0	0.000000E+0	8.214777E-1	8.142016E-1	8.024269E-1
0.000000E+0	0.000000E+0	0.000000E+0	0.000000E+0	8.138141E-1	8.063498E-1	7.941664E-1
0.000000E+0	0.000000E+0	0.000000E+0	0.000000E+0	8.062407E-1	7.985837E-1	7.859915E-1
0.000000E+0	0.000000E+0	0.000000E+0	0.000000E+0	7.988188E-1	7.909296E-1	7.779132E-1
0.000000E+0	0.000000E+0	0.000000E+0	0.000000E+0	7.915178E-1	7.833546E-1	7.699580E-1
0.000000E+0	0.000000E+0	0.000000E+0	0.000000E+0	7.842366E-1	7.758191E-1	7.620378E-1
0.000000E+0	0.000000E+0	0.000000E+0	0.000000E+0	7.770894E-1	7.683868E-1	7.541946E-1
0.000000E+0	0.000000E+0	0.000000E+0	0.000000E+0	7.699114E-1	7.610600E-1	7.465073E-1
0.000000E+0	0.000000E+0	0.000000E+0	0.000000E+0	7.628741E-1	7.537924E-1	7.388661E-1
0.000000E+0	0.000000E+0	0.000000E+0	0.000000E+0	7.558961E-1	7.465908E-1	7.313040E-1
0.000000E+0	0.000000E+0	0.000000E+0	0.000000E+0	7.490257E-1	7.394352E-1	7.238341E-1
0.000000E+0	0.000000E+0	0.000000E+0	0.000000E+0	7.422059E-1	7.324027E-1	7.164412E-1
0.000000E+0	0.000000E+0	0.000000E+0	0.000000E+0	7.355399E-1	7.254338E-1	7.091251E-1
0.000000E+0	0.000000E+0	0.000000E+0	0.000000E+0	7.287464E-1	7.185243E-1	7.018880E-1
0.000000E+0	0.000000E+0	0.000000E+0	0.000000E+0	7.221595E-1	7.116433E-1	6.947586E-1
0.000000E+0	0.000000E+0	0.000000E+0	0.000000E+0	7.156275E-1	7.049183E-1	6.876929E-1
0.000000E+0	0.000000E+0	0.000000E+0	0.000000E+0	7.092317E-1	6.982218E-1	6.806755E-1
0.000000E+0	0.000000E+0	0.000000E+0	0.000000E+0	7.027085E-1	6.915868E-1	6.737547E-1
0.000000E+0	0.000000E+0	0.000000E+0	0.000000E+0	6.962578E-1	6.849847E-1	6.669306E-1
0.000000E+0	0.000000E+0	0.000000E+0	0.000000E+0	6.898488E-1	6.785122E-1	6.601592E-1
0.000000E+0	0.000000E+0	0.000000E+0	0.000000E+0	6.836815E-1	6.720793E-1	6.534669E-1
0.000000E+0	0.000000E+0	0.000000E+0	0.000000E+0	6.775516E-1	6.657144E-1	6.468272E-1
0.000000E+0	0.000000E+0	0.000000E+0	0.000000E+0	6.713843E-1	6.594045E-1	6.402513E-1
0.000000E+0	0.000000E+0	0.000000E+0	0.000000E+0	6.652390E-1	6.531714E-1	6.337808E-1
0.000000E+0	0.000000E+0	0.000000E+0	0.000000E+0	6.593552E-1	6.470262E-1	6.273696E-1
0.000000E+0	0.000000E+0	0.000000E+0	0.000000E+0	6.533900E-1	6.408897E-1	6.210331E-1
0.000000E+0	0.000000E+0	0.000000E+0	0.000000E+0	6.474710E-1	6.348390E-1	6.147317E-1
0.000000E+0	0.000000E+0	0.000000E+0	0.000000E+0	6.415300E-1	6.288189E-1	6.085270E-1
0.000000E+0	0.000000E+0	0.000000E+0	0.000000E+0	6.358505E-1	6.229439E-1	6.023882E-1
0.000000E+0	0.000000E+0	0.000000E+0	0.000000E+0	6.301402E-1	6.170556E-1	5.962801E-1
0.000000E+0	0.000000E+0	0.000000E+0	0.000000E+0	6.244959E-1	6.112223E-1	5.902840E-1
0.000000E+0	0.000000E+0	0.000000E+0	0.000000E+0	6.188933E-1	6.054724E-1	5.843187E-1
0.000000E+0	0.000000E+0	0.000000E+0	0.000000E+0	6.132841E-1	5.997906E-1	5.784500E-1
0.000000E+0	0.000000E+0	0.000000E+0	0.000000E+0	6.077649E-1	5.941549E-1	5.726340E-1
0.000000E+0	0.000000E+0	0.000000E+0	0.000000E+0	6.023513E-1	5.885609E-1	5.668268E-1
0.000000E+0	0.000000E+0	0.000000E+0	0.000000E+0	5.970013E-1	5.830241E-1	5.611492E-1
0.000000E+0	0.000000E+0	0.000000E+0	0.000000E+0	5.916404E-1	5.775795E-1	5.554848E-1
0.000000E+0	0.000000E+0	0.000000E+0	0.000000E+0	5.861762E-1	5.721415E-1	5.499236E-1
0.000000E+0	0.000000E+0	0.000000E+0	0.000000E+0	5.809998E-1	5.667781E-1	5.443822E-1
0.000000E+0	0.000000E+0	0.000000E+0	0.000000E+0	5.757817E-1	5.614478E-1	5.389198E-1
0.000000E+0	0.000000E+0	0.000000E+0	0.000000E+0	5.706405E-1	5.562030E-1	5.335036E-1
0.000000E+0	0.000000E+0	0.000000E+0	0.000000E+0	5.654773E-1	5.510088E-1	5.281752E-1
0.000000E+0	0.000000E+0	0.000000E+0	0.000000E+0	5.604745E-1	5.458541E-1	5.228666E-1
0.000000E+0	0.000000E+0	0.000000E+0	0.000000E+0	5.555134E-1	5.407214E-1	5.176392E-1
0.000000E+0	0.000000E+0	0.000000E+0	0.000000E+0	5.505788E-1	5.356765E-1	5.124514E-1
0.000000E+0	0.000000E+0	0.000000E+0	0.000000E+0	5.456616E-1	5.306822E-1	5.073383E-1
0.000000E+0	0.000000E+0	0.000000E+0	0.000000E+0	5.406676E-1	5.257229E-1	5.022384E-1
0.000000E+0	0.000000E+0	0.000000E+0	0.000000E+0	5.359746E-1	5.207967E-1	4.971977E-1
0.000000E+0	0.000000E+0	0.000000E+0	0.000000E+0	5.311652E-1	5.159627E-1	4.922515E-1
0.000000E+0	0.000000E+0	0.000000E+0	0.000000E+0	5.264260E-1	5.111462E-1	4.873360E-1
0.000000E+0	0.000000E+0	0.000000E+0	0.000000E+0	5.216803E-1	5.063737E-1	4.824601E-1
0.000000E+0	0.000000E+0	0.000000E+0	0.000000E+0	5.171784E-1	5.016517E-1	4.776413E-1
0.000000E+0	0.000000E+0	0.000000E+0	0.000000E+0	5.126085E-1	4.969955E-1	4.728774E-1
0.000000E+0	0.000000E+0	0.000000E+0	0.000000E+0	5.081374E-1	4.923745E-1	4.681684E-1
0.000000E+0	0.000000E+0	0.000000E+0	0.000000E+0	5.035366E-1	4.878041E-1	4.634945E-1
0.000000E+0	0.000000E+0	0.000000E+0	0.000000E+0	4.988480E-1	4.832468E-1	4.588800E-1
0.000000E+0	0.000000E+0	0.000000E+0	0.000000E+0	4.945615E-1	4.787444E-1	4.543181E-1
0.000000E+0	0.000000E+0	0.000000E+0	0.000000E+0	4.901936E-1	4.743277E-1	4.497871E-1
0.000000E+0	0.000000E+0	0.000000E+0	0.000000E+0	4.859752E-1	4.699000E-1	4.452647E-1
0.000000E+0	0.000000E+0	0.000000E+0	0.000000E+0	4.814756E-1	4.655425E-1	4.408545E-1
0.000000E+0	0.000000E+0	0.000000E+0	0.000000E+0	4.772242E-1	4.612246E-1	4.364859E-1
0.000000E+0	0.000000E+0	0.000000E+0	0.000000E+0	4.730123E-1	4.569463E-1	4.321349E-1
0.000000E+0	0.000000E+0	0.000000E+0	0.000000E+0	4.686994E-1	4.527250E-1	4.278520E-1
0.000000E+0	0.000000E+0	0.000000E+0	0.000000E+0	4.644810E-1	4.484906E-1	4.235889E-1
0.000000E+0	0.000000E+0	0.000000E+0	0.000000E+0	4.603724E-1	4.443506E-1	4.194004E-1
0.000000E+0	0.000000E+0	0.000000E+0	0.000000E+0	4.562836E-1	4.402633E-1	4.152581E-1
0.000000E+0	0.000000E+0	0.000000E+0	0.000000E+0	4.523552E-1	4.361760E-1	4.111158E-1
0.000000E+0	0.000000E+0	0.000000E+0	0.000000E+0	4.483565E-1	4.321327E-1	4.070261E-1
0.000000E+0	0.000000E+0	0.000000E+0	0.000000E+0	4.444105E-1	4.281530E-1	4.029958E-1
0.000000E+0	0.000000E+0	0.000000E+0	0.000000E+0	4.404799E-1	4.242041E-1	3.989984E-1
0.000000E+0	0.000000E+0	0.000000E+0	0.000000E+0	4.367141E-1	4.202881E-1	3.950670E-1
0.000000E+0	0.000000E+0	0.000000E+0	0.000000E+0	4.327395E-1	4.163941E-1	3.911311E-1
0.000000E+0	0.000000E+0	0.000000E+0	0.000000E+0	4.290089E-1	4.125286E-1	3.872655E-1
0.000000E+0	0.000000E+0	0.000000E+0	0.000000E+0	4.252320E-1	4.087422E-1	3.834438E-1
0.000000E+0	0.000000E+0	0.000000E+0	0.000000E+0	4.213586E-1	4.049668E-1	3.796485E-1
0.000000E+0	0.000000E+0	0.000000E+0	0.000000E+0	4.175993E-1	4.012288E-1	3.758972E-1
0.000000E+0	0.000000E+0	0.000000E+0	0.000000E+0	4.139763E-1	3.975105E-1	3.721787E-1
0.000000E+0	0.000000E+0	0.000000E+0	0.000000E+0	4.103072E-1	3.938690E-1	3.684801E-1
0.000000E+0	0.000000E+0	0.000000E+0	0.000000E+0	4.066710E-1	3.902583E-1	3.648605E-1
0.000000E+0	0.000000E+0	0.000000E+0	0.000000E+0	4.031336E-1	3.866718E-1	3.612475E-1
0.000000E+0	0.000000E+0	0.000000E+0	0.000000E+0	3.995216E-1	3.830677E-1	3.577003E-1
0.000000E+0	0.000000E+0	0.000000E+0	0.000000E+0	3.960656E-1	3.795888E-1	3.541620E-1
0.000000E+0	0.000000E+0	0.000000E+0	0.000000E+0	3.925700E-1	3.760901E-1	3.506566E-1
0.000000E+0	0.000000E+0	0.000000E+0	0.000000E+0	3.891008E-1	3.726288E-1	3.472193E-1
0.000000E+0	0.000000E+0	0.000000E+0	0.000000E+0	3.856030E-1	3.692070E-1	3.437930E-1
0.000000E+0	0.000000E+0	0.000000E+0	0.000000E+0	3.823425E-1	3.658159E-1	3.404040E-1
0.000000E+0	0.000000E+0	0.000000E+0	0.000000E+0	3.789700E-1	3.624644E-1	3.370722E-1
0.000000E+0	0.000000E+0	0.000000E+0	0.000000E+0	3.757666E-1	3.591304E-1	3.337381E-1
0.000000E+0	0.000000E+0	0.000000E+0	0.000000E+0	3.725237E-1	3.558316E-1	3.304326E-1
0.000000E+0	0.000000E+0	0.000000E+0	0.000000E+0	3.691248E-1	3.526053E-1	3.271886E-1
0.000000E+0	0.000000E+0	0.000000E+0	0.000000E+0	3.660269E-1	3.493680E-1	3.239841E-1
0.000000E+0	0.000000E+0	0.000000E+0	0.000000E+0	3.628323E-1	3.461394E-1	3.207950E-1
0.000000E+0	0.000000E+0	0.000000E+0	0.000000E+0	3.596114E-1	3.429461E-1	3.176168E-1
0.000000E+0	0.000000E+0	0.000000E+0	0.000000E+0	3.564432E-1	3.398273E-1	3.145200E-1
0.000000E+0	0.000000E+0	0.000000E+0	0.000000E+0	3.533409E-1	3.367262E-1	3.114561E-1
0.000000E+0	0.000000E+0	0.000000E+0	0.000000E+0	3.501968E-1	3.336580E-1	3.083702E-1
0.000000E+0	0.000000E+0	0.000000E+0	0.000000E+0	3.470660E-1	3.305546E-1	3.053458E-1
0.000000E+0	0.000000E+0	0.000000E+0	0.000000E+0	3.441175E-1	3.275809E-1	3.023544E-1
0.000000E+0	0.000000E+0	0.000000E+0	0.000000E+0	3.411514E-1	3.245917E-1	2.994112E-1
0.000000E+0	0.000000E+0	0.000000E+0	0.000000E+0	3.381106E-1	3.216246E-1	2.964659E-1
0.000000E+0	0.000000E+0	0.000000E+0	0.000000E+0	3.352258E-1	3.186816E-1	2.935492E-1
0.000000E+0	0.000000E+0	0.000000E+0	0.000000E+0	3.323103E-1	3.157495E-1	2.906895E-1
0.000000E+0	0.000000E+0	0.000000E+0	0.000000E+0	3.293662E-1	3.129075E-1	2.878518E-1
0.000000E+0	0.000000E+0	0.000000E+0	0.000000E+0	3.265012E-1	3.100590E-1	2.850493E-1
0.000000E+0	0.000000E+0	0.000000E+0	0.000000E+0	3.236406E-1	3.072192E-1	2.822050E-1
0.000000E+0	0.000000E+0	0.000000E+0	0.000000E+0	3.208261E-1	3.044014E-1	2.794749E-1
0.000000E+0	0.000000E+0	0.000000E+0	0.000000E+0	3.180358E-1	3.016428E-1	2.767449E-1
0.000000E+0	0.000000E+0	0.000000E+0	0.000000E+0	3.153861E-1	2.988909E-1	2.740390E-1
0.000000E+0	0.000000E+0	0.000000E+0	0.000000E+0	3.125760E-1	2.961697E-1	2.713704E-1
0.000000E+0	0.000000E+0	0.000000E+0	0.000000E+0	3.098648E-1	2.934639E-1	2.687128E-1
0.000000E+0	0.000000E+0	0.000000E+0	0.000000E+0	3.071690E-1	2.908174E-1	2.661233E-1
0.000000E+0	0.000000E+0	0.000000E+0	0.000000E+0	3.044775E-1	2.881709E-1	2.635272E-1
0.000000E+0	0.000000E+0	0.000000E+0	0.000000E+0	3.019289E-1	2.855309E-1	2.609026E-1
0.000000E+0	0.000000E+0	0.000000E+0	0.000000E+0	2.992704E-1	2.829349E-1	2.583855E-1
0.000000E+0	0.000000E+0	0.000000E+0	0.000000E+0	2.966998E-1	2.803851E-1	2.558575E-1
0.000000E+0	0.000000E+0	0.000000E+0	0.000000E+0	2.941182E-1	2.778549E-1	2.533757E-1
0.000000E+0	0.000000E+0	0.000000E+0	0.000000E+0	2.915520E-1	2.753314E-1	2.509026E-1
0.000000E+0	0.000000E+0	0.000000E+0	0.000000E+0	2.890825E-1	2.728123E-1	2.484778E-1
0.000000E+0	0.000000E+0	0.000000E+0	0.000000E+0	2.865273E-1	2.703568E-1	2.460552E-1
0.000000E+0	0.000000E+0	0.000000E+0	0.000000E+0	2.840951E-1	2.679212E-1	2.436722E-1
0.000000E+0	0.000000E+0	0.000000E+0	0.000000E+0	2.816431E-1	2.654723E-1	2.412694E-1
0.000000E+0	0.000000E+0	0.000000E+0	0.000000E+0	2.792000E-1	2.630630E-1	2.389434E-1
0.000000E+0	0.000000E+0	0.000000E+0	0.000000E+0	2.766997E-1	2.606757E-1	2.366263E-1
0.000000E+0	0.000000E+0	0.000000E+0	0.000000E+0	2.744257E-1	2.583300E-1	2.343201E-1
0.000000E+0	0.000000E+0	0.000000E+0	0.000000E+0	2.720550E-1	2.560108E-1	2.320249E-1
0.000000E+0	0.000000E+0	0.000000E+0	0.000000E+0	2.697525E-1	2.536739E-1	2.297824E-1
0.000000E+0	0.000000E+0	0.000000E+0	0.000000E+0	2.673796E-1	2.513920E-1	2.275729E-1
0.000000E+0	0.000000E+0	0.000000E+0	0.000000E+0	2.649738E-1	2.491342E-1	2.253700E-1
0.000000E+0	0.000000E+0	0.000000E+0	0.000000E+0	2.626976E-1	2.468655E-1	2.231604E-1
0.000000E+0	0.000000E+0	0.000000E+0	0.000000E+0	2.604412E-1	2.446384E-1	2.209751E-1
0.000000E+0	0.000000E+0	0.000000E+0	0.000000E+0	2.582134E-1	2.424246E-1	2.188688E-1
0.000000E+0	0.000000E+0	0.000000E+0	0.000000E+0	2.560932E-1	2.402437E-1	2.167515E-1
0.000000E+0	0.000000E+0	0.000000E+0	0.000000E+0	2.538411E-1	2.380760E-1	2.146496E-1
0.000000E+0	0.000000E+0	0.000000E+0	0.000000E+0	2.516309E-1	2.359346E-1	2.125565E-1
0.000000E+0	0.000000E+0	0.000000E+0	0.000000E+0	2.495370E-1	2.337866E-1	2.105292E-1
0.000000E+0	0.000000E+0	0.000000E+0	0.000000E+0	2.473487E-1	2.317090E-1	2.084822E-1
0.000000E+0	0.000000E+0	0.000000E+0	0.000000E+0	2.452373E-1	2.296181E-1	2.064506E-1
0.000000E+0	0.000000E+0	0.000000E+0	0.000000E+0	2.430930E-1	2.275360E-1	2.044585E-1
0.000000E+0	0.000000E+0	0.000000E+0	0.000000E+0	2.410365E-1	2.254847E-1	2.024994E-1
0.000000E+0	0.000000E+0	0.000000E+0	0.000000E+0	2.389449E-1	2.234619E-1	2.005292E-1
0.000000E+0	0.000000E+0	0.000000E+0	0.000000E+0	2.370378E-1	2.214699E-1	1.985569E-1
0.000000E+0	0.000000E+0	0.000000E+0	0.000000E+0	2.349418E-1	2.194625E-1	1.966790E-1
0.000000E+0	0.000000E+0	0.000000E+0	0.000000E+0	2.329270E-1	2.174727E-1	1.947638E-1
0.000000E+0	0.000000E+0	0.000000E+0	0.000000E+0	2.309650E-1	2.155400E-1	1.929013E-1
0.000000E+0	0.000000E+0	0.000000E+0	0.000000E+0	2.290140E-1	2.136029E-1	1.910432E-1
0.000000E+0	0.000000E+0	0.000000E+0	0.000000E+0	2.271201E-1	2.116877E-1	1.891719E-1
0.000000E+0	0.000000E+0	0.000000E+0	0.000000E+0	2.252438E-1	2.097726E-1	1.873665E-1
0.000000E+0	0.000000E+0	0.000000E+0	0.000000E+0	2.233697E-1	2.079255E-1	1.855765E-1
0.000000E+0	0.000000E+0	0.000000E+0	0.000000E+0	2.214253E-1	2.060499E-1	1.837886E-1
0.000000E+0	0.000000E+0	0.000000E+0	0.000000E+0	2.194918E-1	2.041699E-1	1.819898E-1
0.000000E+0	0.000000E+0	0.000000E+0	0.000000E+0	2.176199E-1	2.023448E-1	1.802613E-1
0.000000E+0	0.000000E+0	0.000000E+0	0.000000E+0	2.156865E-1	2.005570E-1	1.785503E-1
0.000000E+0	0.000000E+0	0.000000E+0	0.000000E+0	2.139288E-1	1.987582E-1	1.768064E-1
0.000000E+0	0.000000E+0	0.000000E+0	0.000000E+0	2.120942E-1	1.969683E-1	1.751043E-1
0.000000E+0	0.000000E+0	0.000000E+0	0.000000E+0	2.102047E-1	1.951959E-1	1.734131E-1
0.000000E+0	0.000000E+0	0.000000E+0	0.000000E+0	2.084690E-1	1.934718E-1	1.717702E-1
0.000000E+0	0.000000E+0	0.000000E+0	0.000000E+0	2.066520E-1	1.917345E-1	1.701427E-1
0.000000E+0	0.000000E+0	0.000000E+0	0.000000E+0	2.049735E-1	1.900083E-1	1.684625E-1
0.000000E+0	0.000000E+0	0.000000E+0	0.000000E+0	2.032400E-1	1.883127E-1	1.668745E-1
0.000000E+0	0.000000E+0	0.000000E+0	0.000000E+0	2.015724E-1	1.866502E-1	1.652866E-1
0.000000E+0	0.000000E+0	0.000000E+0	0.000000E+0	1.998279E-1	1.849876E-1	1.636832E-1
0.000000E+0	0.000000E+0	0.000000E+0	0.000000E+0	1.981185E-1	1.833250E-1	1.621041E-1
0.000000E+0	0.000000E+0	0.000000E+0	0.000000E+0	1.963982E-1	1.816866E-1	1.605512E-1
0.000000E+0	0.000000E+0	0.000000E+0	0.000000E+0	1.945812E-1	1.800635E-1	1.590248E-1
0.000000E+0	0.000000E+0	0.000000E+0	0.000000E+0	1.929927E-1	1.784866E-1	1.575137E-1
0.000000E+0	0.000000E+0	0.000000E+0	0.000000E+0	1.914350E-1	1.768921E-1	1.559784E-1
0.000000E+0	0.000000E+0	0.000000E+0	0.000000E+0	1.898091E-1	1.752932E-1	1.544674E-1
0.000000E+0	0.000000E+0	0.000000E+0	0.000000E+0	1.880910E-1	1.737405E-1	1.530331E-1
0.000000E+0	0.000000E+0	0.000000E+0	0.000000E+0	1.865838E-1	1.722053E-1	1.515616E-1
0.000000E+0	0.000000E+0	0.000000E+0	0.000000E+0	1.849778E-1	1.706789E-1	1.501230E-1
0.000000E+0	0.000000E+0	0.000000E+0	0.000000E+0	1.835321E-1	1.691546E-1	1.486580E-1
0.000000E+0	0.000000E+0	0.000000E+0	0.000000E+0	1.819524E-1	1.676436E-1	1.472765E-1
0.000000E+0	0.000000E+0	0.000000E+0	0.000000E+0	1.804056E-1	1.661809E-1	1.458643E-1
0.000000E+0	0.000000E+0	0.000000E+0	0.000000E+0	1.789050E-1	1.646918E-1	1.444762E-1
0.000000E+0	0.000000E+0	0.000000E+0	0.000000E+0	1.773890E-1	1.632137E-1	1.430837E-1
0.000000E+0	0.000000E+0	0.000000E+0	0.000000E+0	1.758137E-1	1.617598E-1	1.417219E-1
0.000000E+0	0.000000E+0	0.000000E+0	0.000000E+0	1.744295E-1	1.603476E-1	1.403734E-1
0.000000E+0	0.000000E+0	0.000000E+0	0.000000E+0	1.730124E-1	1.589200E-1	1.390446E-1
0.000000E+0	0.000000E+0	0.000000E+0	0.000000E+0	1.715184E-1	1.574968E-1	1.376982E-1
0.000000E+0	0.000000E+0	0.000000E+0	0.000000E+0	1.699672E-1	1.561220E-1	1.363958E-1
0.000000E+0	0.000000E+0	0.000000E+0	0.000000E+0	1.684205E-1	1.547647E-1	1.351131E-1
0.000000E+0	0.000000E+0	0.000000E+0	0.000000E+0	1.670385E-1	1.533854E-1	1.337909E-1
0.000000E+0	0.000000E+0	0.000000E+0	0.000000E+0	1.656544E-1	1.520017E-1	1.325346E-1
0.000000E+0	0.000000E+0	0.000000E+0	0.000000E+0	1.641362E-1	1.506532E-1	1.312871E-1
0.000000E+0	0.000000E+0	0.000000E+0	0.000000E+0	1.627828E-1	1.493552E-1	1.300461E-1
0.000000E+0	0.000000E+0	0.000000E+0	0.000000E+0	1.614491E-1	1.480265E-1	1.287898E-1
0.000000E+0	0.000000E+0	0.000000E+0	0.000000E+0	1.600518E-1	1.467043E-1	1.275599E-1
0.000000E+0	0.000000E+0	0.000000E+0	0.000000E+0	1.587225E-1	1.453844E-1	1.263716E-1
0.000000E+0	0.000000E+0	0.000000E+0	0.000000E+0	1.575295E-1	1.441281E-1	1.251724E-1
0.000000E+0	0.000000E+0	0.000000E+0	0.000000E+0	1.562772E-1	1.428674E-1	1.239820E-1
0.000000E+0	0.000000E+0	0.000000E+0	0.000000E+0	1.550622E-1	1.416046E-1	1.228070E-1
0.000000E+0	0.000000E+0	0.000000E+0	0.000000E+0	1.536692E-1	1.403242E-1	1.216451E-1
0.000000E+0	0.000000E+0	0.000000E+0	0.000000E+0	1.523576E-1	1.391360E-1	1.204876E-1
0.000000E+0	0.000000E+0	0.000000E+0	0.000000E+0	1.510239E-1	1.378841E-1	1.193631E-1
0.000000E+0	0.000000E+0	0.000000E+0	0.000000E+0	1.497518E-1	1.366739E-1	1.182078E-1
0.000000E+0	0.000000E+0	0.000000E+0	0.000000E+0	1.484160E-1	1.354792E-1	1.171294E-1
0.000000E+0	0.000000E+0	0.000000E+0	0.000000E+0	1.472076E-1	1.342580E-1	1.160115E-1
0.000000E+0	0.000000E+0	0.000000E+0	0.000000E+0	1.460695E-1	1.331028E-1	1.149067E-1
0.000000E+0	0.000000E+0	0.000000E+0	0.000000E+0	1.448611E-1	1.319432E-1	1.138129E-1
0.000000E+0	0.000000E+0	0.000000E+0	0.000000E+0	1.436857E-1	1.307594E-1	1.127345E-1
0.000000E+0	0.000000E+0	0.000000E+0	0.000000E+0	1.425981E-1	1.296239E-1	1.116737E-1
0.000000E+0	0.000000E+0	0.000000E+0	0.000000E+0	1.414095E-1	1.284906E-1	1.106194E-1
0.000000E+0	0.000000E+0	0.000000E+0	0.000000E+0	1.401901E-1	1.273398E-1	1.095784E-1
0.000000E+0	0.000000E+0	0.000000E+0	0.000000E+0	1.389575E-1	1.262087E-1	1.085285E-1
0.000000E+0	0.000000E+0	0.000000E+0	0.000000E+0	1.378107E-1	1.251303E-1	1.075116E-1
0.000000E+0	0.000000E+0	0.000000E+0	0.000000E+0	1.367165E-1	1.240454E-1	1.065079E-1
0.000000E+0	0.000000E+0	0.000000E+0	0.000000E+0	1.356202E-1	1.229407E-1	1.054932E-1
0.000000E+0	0.000000E+0	0.000000E+0	0.000000E+0	1.343634E-1	1.218447E-1	1.045004E-1
0.000000E+0	0.000000E+0	0.000000E+0	0.000000E+0	1.333000E-1	1.207685E-1	1.035274E-1
0.000000E+0	0.000000E+0	0.000000E+0	0.000000E+0	1.322718E-1	1.197517E-1	1.025610E-1
0.000000E+0	0.000000E+0	0.000000E+0	0.000000E+0	1.311535E-1	1.187194E-1	1.015880E-1
0.000000E+0	0.000000E+0	0.000000E+0	0.000000E+0	1.300044E-1	1.176542E-1	1.006217E-1
0.000000E+0	0.000000E+0	0.000000E+0	0.000000E+0	1.289300E-1	1.166308E-1	9.970138E-2
0.000000E+0	0.000000E+0	0.000000E+0	0.000000E+0	1.278908E-1	1.156249E-1	9.877452E-2
0.000000E+0	0.000000E+0	0.000000E+0	0.000000E+0	1.268516E-1	1.145926E-1	9.780813E-2
0.000000E+0	0.000000E+0	0.000000E+0	0.000000E+0	1.257794E-1	1.135823E-1	9.689884E-2
0.000000E+0	0.000000E+0	0.000000E+0	0.000000E+0	1.247028E-1	1.126182E-1	9.599614E-2
0.000000E+0	0.000000E+0	0.000000E+0	0.000000E+0	1.237120E-1	1.116474E-1	9.508905E-2
0.000000E+0	0.000000E+0	0.000000E+0	0.000000E+0	1.226508E-1	1.106811E-1	9.421930E-2
0.000000E+0	0.000000E+0	0.000000E+0	0.000000E+0	1.216247E-1	1.096861E-1	9.333636E-2
0.000000E+0	0.000000E+0	0.000000E+0	0.000000E+0	1.205877E-1	1.087242E-1	9.244684E-2
0.000000E+0	0.000000E+0	0.000000E+0	0.000000E+0	1.196100E-1	1.077973E-1	9.159686E-2
0.000000E+0	0.000000E+0	0.000000E+0	0.000000E+0	1.186455E-1	1.068595E-1	9.072051E-2
0.000000E+0	0.000000E+0	0.000000E+0	0.000000E+0	1.176546E-1	1.059020E-1	8.987272E-2
0.000000E+0	0.000000E+0	0.000000E+0	0.000000E+0	1.167032E-1	1.049817E-1	8.903152E-2
0.000000E+0	0.000000E+0	0.000000E+0	0.000000E+0	1.157629E-1	1.040900E-1	8.821887E-2
0.000000E+0	0.000000E+0	0.000000E+0	0.000000E+0	1.147852E-1	1.031830E-1	8.738865E-2
0.000000E+0	0.000000E+0	0.000000E+0	0.000000E+0	1.138668E-1	1.022737E-1	8.655404E-2
0.000000E+0	0.000000E+0	0.000000E+0	0.000000E+0	1.129243E-1	1.013864E-1	8.574798E-2
0.000000E+0	0.000000E+0	0.000000E+0	0.000000E+0	1.119444E-1	1.005211E-1	8.496608E-2
0.000000E+0	0.000000E+0	0.000000E+0	0.000000E+0	1.109930E-1	9.964259E-2	8.416441E-2
0.000000E+0	0.000000E+0	0.000000E+0	0.000000E+0	1.101230E-1	9.875969E-2	8.338251E-2
0.000000E+0	0.000000E+0	0.000000E+0	0.000000E+0	1.092200E-1	9.792730E-2	8.260061E-2
0.000000E+0	0.000000E+0	0.000000E+0	0.000000E+0	1.082950E-1	9.707515E-2	8.184068E-2
0.000000E+0	0.000000E+0	0.000000E+0	0.000000E+0	1.074777E-1	9.622958E-2	8.107415E-2
0.000000E+0	0.000000E+0	0.000000E+0	0.000000E+0	1.066670E-1	9.541037E-2	8.031422E-2
0.000000E+0	0.000000E+0	0.000000E+0	0.000000E+0	1.056607E-1	9.456700E-2	7.954989E-2
0.000000E+0	0.000000E+0	0.000000E+0	0.000000E+0	1.047665E-1	9.375438E-2	7.882070E-2
0.000000E+0	0.000000E+0	0.000000E+0	0.000000E+0	1.038920E-1	9.295055E-2	7.809371E-2
0.000000E+0	0.000000E+0	0.000000E+0	0.000000E+0	1.031296E-1	9.213353E-2	7.736013E-2
0.000000E+0	0.000000E+0	0.000000E+0	0.000000E+0	1.022464E-1	9.134727E-2	7.663314E-2
0.000000E+0	0.000000E+0	0.000000E+0	0.000000E+0	1.015104E-1	9.057418E-2	7.597204E-2
0.000000E+0	0.000000E+0	0.000000E+0	0.000000E+0	1.007282E-1	8.979450E-2	7.523626E-2
0.000000E+0	0.000000E+0	0.000000E+0	0.000000E+0	9.989773E-2	8.899945E-2	7.455100E-2
0.000000E+0	0.000000E+0	0.000000E+0	0.000000E+0	9.908261E-2	8.821978E-2	7.385476E-2
0.000000E+0	0.000000E+0	0.000000E+0	0.000000E+0	9.832022E-2	8.747085E-2	7.318707E-2
0.000000E+0	0.000000E+0	0.000000E+0	0.000000E+0	9.748313E-2	8.672851E-2	7.249741E-2
0.000000E+0	0.000000E+0	0.000000E+0	0.000000E+0	9.667241E-2	8.599056E-2	7.180117E-2
0.000000E+0	0.000000E+0	0.000000E+0	0.000000E+0	9.588146E-2	8.521747E-2	7.114446E-2
0.000000E+0	0.000000E+0	0.000000E+0	0.000000E+0	9.506853E-2	8.449051E-2	7.050972E-2
0.000000E+0	0.000000E+0	0.000000E+0	0.000000E+0	9.426440E-2	8.379868E-2	6.984203E-2
0.000000E+0	0.000000E+0	0.000000E+0	0.000000E+0	9.357452E-2	8.306732E-2	6.919850E-2
0.000000E+0	0.000000E+0	0.000000E+0	0.000000E+0	9.274182E-2	8.233816E-2	6.854399E-2
0.000000E+0	0.000000E+0	0.000000E+0	0.000000E+0	9.202118E-2	8.161998E-2	6.790924E-2
0.000000E+0	0.000000E+0	0.000000E+0	0.000000E+0	9.128295E-2	8.094353E-2	6.730525E-2
0.000000E+0	0.000000E+0	0.000000E+0	0.000000E+0	9.057110E-2	8.022974E-2	6.668807E-2
0.000000E+0	0.000000E+0	0.000000E+0	0.000000E+0	8.979772E-2	7.953133E-2	6.603795E-2
0.000000E+0	0.000000E+0	0.000000E+0	0.000000E+0	8.910784E-2	7.886586E-2	6.544933E-2
0.000000E+0	0.000000E+0	0.000000E+0	0.000000E+0	8.837621E-2	7.818721E-2	6.484094E-2
0.000000E+0	0.000000E+0	0.000000E+0	0.000000E+0	8.757867E-2	7.754150E-2	6.426331E-2
0.000000E+0	0.000000E+0	0.000000E+0	0.000000E+0	8.683166E-2	7.685187E-2	6.363954E-2
0.000000E+0	0.000000E+0	0.000000E+0	0.000000E+0	8.610882E-2	7.619738E-2	6.305531E-2
0.000000E+0	0.000000E+0	0.000000E+0	0.000000E+0	8.539037E-2	7.554729E-2	6.249964E-2
0.000000E+0	0.000000E+0	0.000000E+0	0.000000E+0	8.470268E-2	7.492135E-2	6.191761E-2
0.000000E+0	0.000000E+0	0.000000E+0	0.000000E+0	8.406992E-2	7.427345E-2	6.133118E-2
0.000000E+0	0.000000E+0	0.000000E+0	0.000000E+0	8.345254E-2	7.360359E-2	6.078868E-2
0.000000E+0	0.000000E+0	0.000000E+0	0.000000E+0	8.275826E-2	7.299522E-2	6.023301E-2
0.000000E+0	0.000000E+0	0.000000E+0	0.000000E+0	8.205739E-2	7.239344E-2	5.967514E-2
0.000000E+0	0.000000E+0	0.000000E+0	0.000000E+0	8.139167E-2	7.174774E-2	5.908432E-2
0.000000E+0	0.000000E+0	0.000000E+0	0.000000E+0	8.071277E-2	7.111741E-2	5.857916E-2
0.000000E+0	0.000000E+0	0.000000E+0	0.000000E+0	8.002509E-2	7.053320E-2	5.805423E-2
0.000000E+0	0.000000E+0	0.000000E+0	0.000000E+0	7.944945E-2	6.995997E-2	5.752930E-2
0.000000E+0	0.000000E+0	0.000000E+0	0.000000E+0	7.883427E-2	6.934721E-2	5.698022E-2
0.000000E+0	0.000000E+0	0.000000E+0	0.000000E+0	7.820370E-2	6.872567E-2	5.647945E-2
0.000000E+0	0.000000E+0	0.000000E+0	0.000000E+0	7.761269E-2	6.817440E-2	5.595452E-2
0.000000E+0	0.000000E+0	0.000000E+0	0.000000E+0	7.705243E-2	6.759459E-2	5.544497E-2
0.000000E+0	0.000000E+0	0.000000E+0	0.000000E+0	7.638452E-2	6.703234E-2	5.490906E-2
0.000000E+0	0.000000E+0	0.000000E+0	0.000000E+0	7.572978E-2	6.643496E-2	5.442147E-2
0.000000E+0	0.000000E+0	0.000000E+0	0.000000E+0	7.510581E-2	6.590346E-2	5.393388E-2
0.000000E+0	0.000000E+0	0.000000E+0	0.000000E+0	7.442691E-2	6.532584E-2	5.343092E-2
0.000000E+0	0.000000E+0	0.000000E+0	0.000000E+0	7.378976E-2	6.476360E-2	5.292576E-2
0.000000E+0	0.000000E+0	0.000000E+0	0.000000E+0	7.326685E-2	6.420355E-2	5.246892E-2
0.000000E+0	0.000000E+0	0.000000E+0	0.000000E+0	7.265606E-2	6.366326E-2	5.198792E-2
0.000000E+0	0.000000E+0	0.000000E+0	0.000000E+0	7.216831E-2	6.312957E-2	5.152669E-2
0.000000E+0	0.000000E+0	0.000000E+0	0.000000E+0	7.158608E-2	6.260246E-2	5.103910E-2
0.000000E+0	0.000000E+0	0.000000E+0	0.000000E+0	7.101923E-2	6.206218E-2	5.055590E-2
0.000000E+0	0.000000E+0	0.000000E+0	0.000000E+0	7.046117E-2	6.154166E-2	5.012322E-2
0.000000E+0	0.000000E+0	0.000000E+0	0.000000E+0	6.984159E-2	6.103652E-2	4.966638E-2
0.000000E+0	0.000000E+0	0.000000E+0	0.000000E+0	6.932967E-2	6.052260E-2	4.921174E-2
0.000000E+0	0.000000E+0	0.000000E+0	0.000000E+0	6.869911E-2	5.999549E-2	4.876368E-2
0.000000E+0	0.000000E+0	0.000000E+0	0.000000E+0	6.818499E-2	5.950133E-2	4.832441E-2
0.000000E+0	0.000000E+0	0.000000E+0	0.000000E+0	6.769065E-2	5.899838E-2	4.790052E-2
0.000000E+0	0.000000E+0	0.000000E+0	0.000000E+0	6.726002E-2	5.849983E-2	4.744148E-2
0.000000E+0	0.000000E+0	0.000000E+0	0.000000E+0	6.673052E-2	5.801665E-2	4.702857E-2
0.000000E+0	0.000000E+0	0.000000E+0	0.000000E+0	6.600329E-2	5.751590E-2	4.660906E-2
0.000000E+0	0.000000E+0	0.000000E+0	0.000000E+0	6.549137E-2	5.703931E-2	4.618517E-2
0.000000E+0	0.000000E+0	0.000000E+0	0.000000E+0	6.496846E-2	5.656931E-2	4.574810E-2
0.000000E+0	0.000000E+0	0.000000E+0	0.000000E+0	6.452245E-2	5.607954E-2	4.534617E-2
0.000000E+0	0.000000E+0	0.000000E+0	0.000000E+0	6.393583E-2	5.560734E-2	4.495522E-2
0.000000E+0	0.000000E+0	0.000000E+0	0.000000E+0	6.342611E-2	5.513075E-2	4.452912E-2
0.000000E+0	0.000000E+0	0.000000E+0	0.000000E+0	6.297351E-2	5.470248E-2	4.413817E-2
0.000000E+0	0.000000E+0	0.000000E+0	0.000000E+0	6.247037E-2	5.418855E-2	4.372306E-2
0.000000E+0	0.000000E+0	0.000000E+0	0.000000E+0	6.191012E-2	5.373612E-2	4.333870E-2
0.000000E+0	0.000000E+0	0.000000E+0	0.000000E+0	6.146850E-2	5.332322E-2	4.296972E-2
0.000000E+0	0.000000E+0	0.000000E+0	0.000000E+0	6.103568E-2	5.288396E-2	4.255241E-2
0.000000E+0	0.000000E+0	0.000000E+0	0.000000E+0	6.062702E-2	5.240078E-2	4.217244E-2
0.000000E+0	0.000000E+0	0.000000E+0	0.000000E+0	6.009313E-2	5.198349E-2	4.179248E-2
0.000000E+0	0.000000E+0	0.000000E+0	0.000000E+0	5.961416E-2	5.156181E-2	4.144106E-2
0.000000E+0	0.000000E+0	0.000000E+0	0.000000E+0	5.920770E-2	5.112475E-2	4.102375E-2
0.000000E+0	0.000000E+0	0.000000E+0	0.000000E+0	5.868919E-2	5.067232E-2	4.066136E-2
0.000000E+0	0.000000E+0	0.000000E+0	0.000000E+0	5.821901E-2	5.026821E-2	4.031873E-2
0.000000E+0	0.000000E+0	0.000000E+0	0.000000E+0	5.781036E-2	4.984652E-2	3.995633E-2
0.000000E+0	0.000000E+0	0.000000E+0	0.000000E+0	5.736874E-2	4.944241E-2	3.958954E-2
0.000000E+0	0.000000E+0	0.000000E+0	0.000000E+0	5.688319E-2	4.903170E-2	3.923593E-2
0.000000E+0	0.000000E+0	0.000000E+0	0.000000E+0	5.657120E-2	4.860124E-2	3.887353E-2
0.000000E+0	0.000000E+0	0.000000E+0	0.000000E+0	5.601534E-2	4.821250E-2	3.854408E-2
0.000000E+0	0.000000E+0	0.000000E+0	0.000000E+0	5.553637E-2	4.781717E-2	3.817948E-2
0.000000E+0	0.000000E+0	0.000000E+0	0.000000E+0	5.507059E-2	4.740427E-2	3.782807E-2
0.000000E+0	0.000000E+0	0.000000E+0	0.000000E+0	5.460261E-2	4.702212E-2	3.750301E-2
0.000000E+0	0.000000E+0	0.000000E+0	0.000000E+0	5.428184E-2	4.662240E-2	3.718454E-2
0.000000E+0	0.000000E+0	0.000000E+0	0.000000E+0	5.379408E-2	4.625342E-2	3.685069E-2
0.000000E+0	0.000000E+0	0.000000E+0	0.000000E+0	5.336345E-2	4.586029E-2	3.649708E-2
0.000000E+0	0.000000E+0	0.000000E+0	0.000000E+0	5.291305E-2	4.547814E-2	3.619179E-2
0.000000E+0	0.000000E+0	0.000000E+0	0.000000E+0	5.243628E-2	4.509599E-2	3.586454E-2
0.000000E+0	0.000000E+0	0.000000E+0	0.000000E+0	5.208695E-2	4.474678E-2	3.556364E-2
0.000000E+0	0.000000E+0	0.000000E+0	0.000000E+0	5.166731E-2	4.434925E-2	3.521222E-2
0.000000E+0	0.000000E+0	0.000000E+0	0.000000E+0	5.126304E-2	4.397809E-2	3.490693E-2
0.000000E+0	0.000000E+0	0.000000E+0	0.000000E+0	5.085438E-2	4.363547E-2	3.460603E-2
0.000000E+0	0.000000E+0	0.000000E+0	0.000000E+0	5.048308E-2	4.327967E-2	3.429195E-2
0.000000E+0	0.000000E+0	0.000000E+0	0.000000E+0	5.010957E-2	4.292607E-2	3.396470E-2
0.000000E+0	0.000000E+0	0.000000E+0	0.000000E+0	4.970970E-2	4.253953E-2	3.367697E-2
0.000000E+0	0.000000E+0	0.000000E+0	0.000000E+0	4.930544E-2	4.219911E-2	3.337827E-2
0.000000E+0	0.000000E+0	0.000000E+0	0.000000E+0	4.890337E-2	4.186967E-2	3.309275E-2
0.000000E+0	0.000000E+0	0.000000E+0	0.000000E+0	4.856942E-2	4.150948E-2	3.279624E-2
0.000000E+0	0.000000E+0	0.000000E+0	0.000000E+0	4.822887E-2	4.116027E-2	3.246679E-2
0.000000E+0	0.000000E+0	0.000000E+0	0.000000E+0	4.790150E-2	4.080667E-2	3.222299E-2
0.000000E+0	0.000000E+0	0.000000E+0	0.000000E+0	4.746648E-2	4.049260E-2	3.191550E-2
0.000000E+0	0.000000E+0	0.000000E+0	0.000000E+0	4.720722E-2	4.014559E-2	3.164975E-2
0.000000E+0	0.000000E+0	0.000000E+0	0.000000E+0	4.669750E-2	3.983372E-2	3.132469E-2
0.000000E+0	0.000000E+0	0.000000E+0	0.000000E+0	4.637672E-2	3.948232E-2	3.110286E-2
0.000000E+0	0.000000E+0	0.000000E+0	0.000000E+0	4.602519E-2	3.918143E-2	3.081953E-2
0.000000E+0	0.000000E+0	0.000000E+0	0.000000E+0	4.565608E-2	3.886077E-2	3.052522E-2
0.000000E+0	0.000000E+0	0.000000E+0	0.000000E+0	4.535947E-2	3.852694E-2	3.024628E-2
0.000000E+0	0.000000E+0	0.000000E+0	0.000000E+0	4.497279E-2	3.822386E-2	3.000468E-2
0.000000E+0	0.000000E+0	0.000000E+0	0.000000E+0	4.453557E-2	3.789222E-2	2.974332E-2
0.000000E+0	0.000000E+0	0.000000E+0	0.000000E+0	4.416206E-2	3.761110E-2	2.947536E-2
0.000000E+0	0.000000E+0	0.000000E+0	0.000000E+0	4.381053E-2	3.729264E-2	2.919423E-2
0.000000E+0	0.000000E+0	0.000000E+0	0.000000E+0	4.345900E-2	3.696320E-2	2.895263E-2
0.000000E+0	0.000000E+0	0.000000E+0	0.000000E+0	4.317557E-2	3.666890E-2	2.869346E-2
0.000000E+0	0.000000E+0	0.000000E+0	0.000000E+0	4.292071E-2	3.639875E-2	2.846065E-2
0.000000E+0	0.000000E+0	0.000000E+0	0.000000E+0	4.253622E-2	3.607151E-2	2.818611E-2
0.000000E+0	0.000000E+0	0.000000E+0	0.000000E+0	4.212097E-2	3.578819E-2	2.795769E-2
0.000000E+0	0.000000E+0	0.000000E+0	0.000000E+0	4.180459E-2	3.549609E-2	2.770950E-2
0.000000E+0	0.000000E+0	0.000000E+0	0.000000E+0	4.146185E-2	3.521277E-2	2.744374E-2
0.000000E+0	0.000000E+0	0.000000E+0	0.000000E+0	4.111910E-2	3.491188E-2	2.721313E-2
0.000000E+0	0.000000E+0	0.000000E+0	0.000000E+0	4.072582E-2	3.462856E-2	2.698690E-2
0.000000E+0	0.000000E+0	0.000000E+0	0.000000E+0	4.050611E-2	3.434524E-2	2.673871E-2
0.000000E+0	0.000000E+0	0.000000E+0	0.000000E+0	4.024246E-2	3.407071E-2	2.650151E-2
0.000000E+0	0.000000E+0	0.000000E+0	0.000000E+0	3.996124E-2	3.379178E-2	2.624673E-2
0.000000E+0	0.000000E+0	0.000000E+0	0.000000E+0	3.960531E-2	3.352823E-2	2.605126E-2
0.000000E+0	0.000000E+0	0.000000E+0	0.000000E+0	3.934386E-2	3.324271E-2	2.581845E-2
0.000000E+0	0.000000E+0	0.000000E+0	0.000000E+0	3.900551E-2	3.298136E-2	2.558124E-2
0.000000E+0	0.000000E+0	0.000000E+0	0.000000E+0	3.869791E-2	3.270902E-2	2.534623E-2
0.000000E+0	0.000000E+0	0.000000E+0	0.000000E+0	3.845843E-2	3.243009E-2	2.512660E-2
0.000000E+0	0.000000E+0	0.000000E+0	0.000000E+0	3.821016E-2	3.218192E-2	2.491575E-2
0.000000E+0	0.000000E+0	0.000000E+0	0.000000E+0	3.791575E-2	3.192276E-2	2.471808E-2
0.000000E+0	0.000000E+0	0.000000E+0	0.000000E+0	3.752467E-2	3.165920E-2	2.447428E-2
0.000000E+0	0.000000E+0	0.000000E+0	0.000000E+0	3.721488E-2	3.137588E-2	2.427222E-2
0.000000E+0	0.000000E+0	0.000000E+0	0.000000E+0	3.699078E-2	3.112331E-2	2.407015E-2
0.000000E+0	0.000000E+0	0.000000E+0	0.000000E+0	3.674471E-2	3.087733E-2	2.387029E-2
0.000000E+0	0.000000E+0	0.000000E+0	0.000000E+0	3.638878E-2	3.064453E-2	2.364845E-2
0.000000E+0	0.000000E+0	0.000000E+0	0.000000E+0	3.611854E-2	3.040074E-2	2.343541E-2
0.000000E+0	0.000000E+0	0.000000E+0	0.000000E+0	3.575382E-2	3.015476E-2	2.322895E-2
0.000000E+0	0.000000E+0	0.000000E+0	0.000000E+0	3.554510E-2	2.991536E-2	2.303787E-2
0.000000E+0	0.000000E+0	0.000000E+0	0.000000E+0	3.527705E-2	2.967817E-2	2.282482E-2
0.000000E+0	0.000000E+0	0.000000E+0	0.000000E+0	3.500901E-2	2.940803E-2	2.263594E-2
0.000000E+0	0.000000E+0	0.000000E+0	0.000000E+0	3.469043E-2	2.920817E-2	2.242948E-2
0.000000E+0	0.000000E+0	0.000000E+0	0.000000E+0	3.445534E-2	2.893802E-2	2.227793E-2
0.000000E+0	0.000000E+0	0.000000E+0	0.000000E+0	3.422685E-2	2.873597E-2	2.204732E-2
0.000000E+0	0.000000E+0	0.000000E+0	0.000000E+0	3.391706E-2	2.848120E-2	2.186941E-2
0.000000E+0	0.000000E+0	0.000000E+0	0.000000E+0	3.366659E-2	2.825938E-2	2.166076E-2
0.000000E+0	0.000000E+0	0.000000E+0	0.000000E+0	3.346226E-2	2.805073E-2	2.147627E-2
0.000000E+0	0.000000E+0	0.000000E+0	0.000000E+0	3.305580E-2	2.780694E-2	2.130276E-2
0.000000E+0	0.000000E+0	0.000000E+0	0.000000E+0	3.278556E-2	2.755657E-2	2.109850E-2
0.000000E+0	0.000000E+0	0.000000E+0	0.000000E+0	3.254388E-2	2.736769E-2	2.092718E-2
0.000000E+0	0.000000E+0	0.000000E+0	0.000000E+0	3.233076E-2	2.714147E-2	2.074928E-2
0.000000E+0	0.000000E+0	0.000000E+0	0.000000E+0	3.215719E-2	2.693503E-2	2.056918E-2
0.000000E+0	0.000000E+0	0.000000E+0	0.000000E+0	3.193309E-2	2.671540E-2	2.037370E-2
0.000000E+0	0.000000E+0	0.000000E+0	0.000000E+0	3.175073E-2	2.650675E-2	2.022874E-2
0.000000E+0	0.000000E+0	0.000000E+0	0.000000E+0	3.150466E-2	2.628493E-2	2.003766E-2
0.000000E+0	0.000000E+0	0.000000E+0	0.000000E+0	3.128056E-2	2.608507E-2	1.987294E-2
0.000000E+0	0.000000E+0	0.000000E+0	0.000000E+0	3.104986E-2	2.585885E-2	1.969942E-2
0.000000E+0	0.000000E+0	0.000000E+0	0.000000E+0	3.084114E-2	2.565899E-2	1.954348E-2
0.000000E+0	0.000000E+0	0.000000E+0	0.000000E+0	3.059946E-2	2.546133E-2	1.938535E-2
0.000000E+0	0.000000E+0	0.000000E+0	0.000000E+0	3.034899E-2	2.525927E-2	1.919646E-2
0.000000E+0	0.000000E+0	0.000000E+0	0.000000E+0	3.017323E-2	2.505063E-2	1.902075E-2
0.000000E+0	0.000000E+0	0.000000E+0	0.000000E+0	2.996890E-2	2.483759E-2	1.886701E-2
0.000000E+0	0.000000E+0	0.000000E+0	0.000000E+0	2.973161E-2	2.466628E-2	1.872864E-2
0.000000E+0	0.000000E+0	0.000000E+0	0.000000E+0	2.950971E-2	2.447301E-2	1.853756E-2
0.000000E+0	0.000000E+0	0.000000E+0	0.000000E+0	2.929000E-2	2.426216E-2	1.839479E-2
0.000000E+0	0.000000E+0	0.000000E+0	0.000000E+0	2.902195E-2	2.406450E-2	1.822348E-2
0.000000E+0	0.000000E+0	0.000000E+0	0.000000E+0	2.883740E-2	2.387562E-2	1.808731E-2
0.000000E+0	0.000000E+0	0.000000E+0	0.000000E+0	2.864625E-2	2.371310E-2	1.792478E-2
0.000000E+0	0.000000E+0	0.000000E+0	0.000000E+0	2.849246E-2	2.348249E-2	1.778201E-2
0.000000E+0	0.000000E+0	0.000000E+0	0.000000E+0	2.827055E-2	2.331996E-2	1.761289E-2
0.000000E+0	0.000000E+0	0.000000E+0	0.000000E+0	2.805524E-2	2.313987E-2	1.747892E-2
0.000000E+0	0.000000E+0	0.000000E+0	0.000000E+0	2.779818E-2	2.297295E-2	1.731858E-2
0.000000E+0	0.000000E+0	0.000000E+0	0.000000E+0	2.752134E-2	2.276211E-2	1.716484E-2
0.000000E+0	0.000000E+0	0.000000E+0	0.000000E+0	2.739611E-2	2.257982E-2	1.701549E-2
0.000000E+0	0.000000E+0	0.000000E+0	0.000000E+0	2.708852E-2	2.242169E-2	1.686614E-2
0.000000E+0	0.000000E+0	0.000000E+0	0.000000E+0	2.693472E-2	2.224599E-2	1.675632E-2
0.000000E+0	0.000000E+0	0.000000E+0	0.000000E+0	2.677873E-2	2.206809E-2	1.658061E-2
0.000000E+0	0.000000E+0	0.000000E+0	0.000000E+0	2.660296E-2	2.189239E-2	1.645542E-2
0.000000E+0	0.000000E+0	0.000000E+0	0.000000E+0	2.641621E-2	2.171669E-2	1.632144E-2
0.000000E+0	0.000000E+0	0.000000E+0	0.000000E+0	2.631075E-2	2.156295E-2	1.618307E-2
0.000000E+0	0.000000E+0	0.000000E+0	0.000000E+0	2.602293E-2	2.139164E-2	1.603592E-2
0.000000E+0	0.000000E+0	0.000000E+0	0.000000E+0	2.591088E-2	2.121154E-2	1.587339E-2
0.000000E+0	0.000000E+0	0.000000E+0	0.000000E+0	2.567799E-2	2.105781E-2	1.576796E-2
0.000000E+0	0.000000E+0	0.000000E+0	0.000000E+0	2.555715E-2	2.087552E-2	1.564277E-2
0.000000E+0	0.000000E+0	0.000000E+0	0.000000E+0	2.540995E-2	2.071738E-2	1.549122E-2
0.000000E+0	0.000000E+0	0.000000E+0	0.000000E+0	2.513751E-2	2.055266E-2	1.534407E-2
0.000000E+0	0.000000E+0	0.000000E+0	0.000000E+0	2.495515E-2	2.037037E-2	1.523206E-2
0.000000E+0	0.000000E+0	0.000000E+0	0.000000E+0	2.465195E-2	2.024299E-2	1.511785E-2
0.000000E+0	0.000000E+0	0.000000E+0	0.000000E+0	2.455748E-2	2.008047E-2	1.498167E-2
0.000000E+0	0.000000E+0	0.000000E+0	0.000000E+0	2.438611E-2	1.991135E-2	1.481914E-2
0.000000E+0	0.000000E+0	0.000000E+0	0.000000E+0	2.415321E-2	1.977738E-2	1.473348E-2
0.000000E+0	0.000000E+0	0.000000E+0	0.000000E+0	2.404995E-2	1.962584E-2	1.461927E-2
0.000000E+0	0.000000E+0	0.000000E+0	0.000000E+0	2.385221E-2	1.945453E-2	1.449408E-2
0.000000E+0	0.000000E+0	0.000000E+0	0.000000E+0	2.370940E-2	1.930957E-2	1.434034E-2
0.000000E+0	0.000000E+0	0.000000E+0	0.000000E+0	2.356000E-2	1.915144E-2	1.422174E-2
0.000000E+0	0.000000E+0	0.000000E+0	0.000000E+0	2.332711E-2	1.900429E-2	1.411851E-2
0.000000E+0	0.000000E+0	0.000000E+0	0.000000E+0	2.324362E-2	1.885055E-2	1.401089E-2
0.000000E+0	0.000000E+0	0.000000E+0	0.000000E+0	2.314256E-2	1.871878E-2	1.387032E-2
0.000000E+0	0.000000E+0	0.000000E+0	0.000000E+0	2.294702E-2	1.856943E-2	1.376050E-2
0.000000E+0	0.000000E+0	0.000000E+0	0.000000E+0	2.274488E-2	1.845303E-2	1.367045E-2
0.000000E+0	0.000000E+0	0.000000E+0	0.000000E+0	2.267018E-2	1.831906E-2	1.355844E-2
0.000000E+0	0.000000E+0	0.000000E+0	0.000000E+0	2.232524E-2	1.814336E-2	1.340909E-2
0.000000E+0	0.000000E+0	0.000000E+0	0.000000E+0	2.223736E-2	1.798742E-2	1.332123E-2
0.000000E+0	0.000000E+0	0.000000E+0	0.000000E+0	2.210773E-2	1.787102E-2	1.320922E-2
0.000000E+0	0.000000E+0	0.000000E+0	0.000000E+0	2.187044E-2	1.773265E-2	1.310599E-2
0.000000E+0	0.000000E+0	0.000000E+0	0.000000E+0	2.180014E-2	1.757891E-2	1.298959E-2
0.000000E+0	0.000000E+0	0.000000E+0	0.000000E+0	2.162217E-2	1.742298E-2	1.286659E-2
0.000000E+0	0.000000E+0	0.000000E+0	0.000000E+0	2.136292E-2	1.733293E-2	1.278533E-2
0.000000E+0	0.000000E+0	0.000000E+0	0.000000E+0	2.118935E-2	1.719457E-2	1.266233E-2
0.000000E+0	0.000000E+0	0.000000E+0	0.000000E+0	2.104873E-2	1.705840E-2	1.253275E-2
0.000000E+0	0.000000E+0	0.000000E+0	0.000000E+0	2.093229E-2	1.691344E-2	1.240975E-2
0.000000E+0	0.000000E+0	0.000000E+0	0.000000E+0	2.078948E-2	1.681022E-2	1.235704E-2
0.000000E+0	0.000000E+0	0.000000E+0	0.000000E+0	2.067303E-2	1.665209E-2	1.225601E-2
0.000000E+0	0.000000E+0	0.000000E+0	0.000000E+0	2.054780E-2	1.653569E-2	1.211983E-2
0.000000E+0	0.000000E+0	0.000000E+0	0.000000E+0	2.051704E-2	1.638634E-2	1.203637E-2
0.000000E+0	0.000000E+0	0.000000E+0	0.000000E+0	2.022263E-2	1.628531E-2	1.194413E-2
0.000000E+0	0.000000E+0	0.000000E+0	0.000000E+0	2.012596E-2	1.615793E-2	1.185407E-2
0.000000E+0	0.000000E+0	0.000000E+0	0.000000E+0	2.005565E-2	1.603054E-2	1.174426E-2
0.000000E+0	0.000000E+0	0.000000E+0	0.000000E+0	1.975905E-2	1.590316E-2	1.163444E-2
0.000000E+0	0.000000E+0	0.000000E+0	0.000000E+0	1.958987E-2	1.579115E-2	1.153341E-2
0.000000E+0	0.000000E+0	0.000000E+0	0.000000E+0	1.952616E-2	1.566596E-2	1.146093E-2
0.000000E+0	0.000000E+0	0.000000E+0	0.000000E+0	1.937016E-2	1.555395E-2	1.134672E-2
0.000000E+0	0.000000E+0	0.000000E+0	0.000000E+0	1.920538E-2	1.542218E-2	1.126985E-2
0.000000E+0	0.000000E+0	0.000000E+0	0.000000E+0	1.906696E-2	1.531895E-2	1.119517E-2
0.000000E+0	0.000000E+0	0.000000E+0	0.000000E+0	1.896150E-2	1.522671E-2	1.108755E-2
0.000000E+0	0.000000E+0	0.000000E+0	0.000000E+0	1.884286E-2	1.508395E-2	1.098213E-2
0.000000E+0	0.000000E+0	0.000000E+0	0.000000E+0	1.865831E-2	1.496096E-2	1.088109E-2
0.000000E+0	0.000000E+0	0.000000E+0	0.000000E+0	1.839685E-2	1.484236E-2	1.079763E-2
0.000000E+0	0.000000E+0	0.000000E+0	0.000000E+0	1.822768E-2	1.475012E-2	1.073613E-2
0.000000E+0	0.000000E+0	0.000000E+0	0.000000E+0	1.816396E-2	1.464250E-2	1.062632E-2
0.000000E+0	0.000000E+0	0.000000E+0	0.000000E+0	1.805191E-2	1.448217E-2	1.054066E-2
0.000000E+0	0.000000E+0	0.000000E+0	0.000000E+0	1.790251E-2	1.440311E-2	1.045720E-2
0.000000E+0	0.000000E+0	0.000000E+0	0.000000E+0	1.784758E-2	1.430428E-2	1.037813E-2
0.000000E+0	0.000000E+0	0.000000E+0	0.000000E+0	1.771356E-2	1.419885E-2	1.029687E-2
0.000000E+0	0.000000E+0	0.000000E+0	0.000000E+0	1.758833E-2	1.405829E-2	1.019144E-2
0.000000E+0	0.000000E+0	0.000000E+0	0.000000E+0	1.749825E-2	1.397703E-2	1.011677E-2
0.000000E+0	0.000000E+0	0.000000E+0	0.000000E+0	1.737082E-2	1.386283E-2	1.002232E-2
0.000000E+0	0.000000E+0	0.000000E+0	0.000000E+0	1.716429E-2	1.377717E-2	9.932272E-3
0.000000E+0	0.000000E+0	0.000000E+0	0.000000E+0	1.706103E-2	1.365638E-2	9.853204E-3
0.000000E+0	0.000000E+0	0.000000E+0	0.000000E+0	1.691382E-2	1.354217E-2	9.774135E-3
0.000000E+0	0.000000E+0	0.000000E+0	0.000000E+0	1.682154E-2	1.344553E-2	9.708245E-3
0.000000E+0	0.000000E+0	0.000000E+0	0.000000E+0	1.672048E-2	1.338184E-2	9.631373E-3
0.000000E+0	0.000000E+0	0.000000E+0	0.000000E+0	1.661941E-2	1.323908E-2	9.534733E-3
0.000000E+0	0.000000E+0	0.000000E+0	0.000000E+0	1.651395E-2	1.312927E-2	9.455665E-3
0.000000E+0	0.000000E+0	0.000000E+0	0.000000E+0	1.644804E-2	1.306778E-2	9.405149E-3
0.000000E+0	0.000000E+0	0.000000E+0	0.000000E+0	1.630084E-2	1.296455E-2	9.315099E-3
0.000000E+0	0.000000E+0	0.000000E+0	0.000000E+0	1.622833E-2	1.286133E-2	9.229441E-3
0.000000E+0	0.000000E+0	0.000000E+0	0.000000E+0	1.606575E-2	1.275591E-2	9.156962E-3
0.000000E+0	0.000000E+0	0.000000E+0	0.000000E+0	1.595809E-2	1.266366E-2	9.093268E-3
0.000000E+0	0.000000E+0	0.000000E+0	0.000000E+0	1.572959E-2	1.259997E-2	9.016396E-3
0.000000E+0	0.000000E+0	0.000000E+0	0.000000E+0	1.561535E-2	1.248137E-2	8.926346E-3
0.000000E+0	0.000000E+0	0.000000E+0	0.000000E+0	1.551648E-2	1.237156E-2	8.864848E-3
0.000000E+0	0.000000E+0	0.000000E+0	0.000000E+0	1.546594E-2	1.229908E-2	8.798957E-3
0.000000E+0	0.000000E+0	0.000000E+0	0.000000E+0	1.536707E-2	1.220684E-2	8.735263E-3
0.000000E+0	0.000000E+0	0.000000E+0	0.000000E+0	1.522646E-2	1.210361E-2	8.643017E-3
0.000000E+0	0.000000E+0	0.000000E+0	0.000000E+0	1.507486E-2	1.200698E-2	8.579323E-3
0.000000E+0	0.000000E+0	0.000000E+0	0.000000E+0	1.492546E-2	1.192791E-2	8.524414E-3
0.000000E+0	0.000000E+0	0.000000E+0	0.000000E+0	1.487713E-2	1.184226E-2	8.445346E-3
0.000000E+0	0.000000E+0	0.000000E+0	0.000000E+0	1.478704E-2	1.174123E-2	8.355296E-3
0.000000E+0	0.000000E+0	0.000000E+0	0.000000E+0	1.472772E-2	1.164898E-2	8.293798E-3
0.000000E+0	0.000000E+0	0.000000E+0	0.000000E+0	1.467060E-2	1.157431E-2	8.236693E-3
0.000000E+0	0.000000E+0	0.000000E+0	0.000000E+0	1.462007E-2	1.148646E-2	8.170802E-3
0.000000E+0	0.000000E+0	0.000000E+0	0.000000E+0	1.445748E-2	1.139641E-2	8.109305E-3
0.000000E+0	0.000000E+0	0.000000E+0	0.000000E+0	1.440036E-2	1.131076E-2	8.025844E-3
0.000000E+0	0.000000E+0	0.000000E+0	0.000000E+0	1.424217E-2	1.121852E-2	7.973131E-3
0.000000E+0	0.000000E+0	0.000000E+0	0.000000E+0	1.411034E-2	1.114384E-2	7.911634E-3
0.000000E+0	0.000000E+0	0.000000E+0	0.000000E+0	1.404882E-2	1.106697E-2	7.828172E-3
0.000000E+0	0.000000E+0	0.000000E+0	0.000000E+0	1.396314E-2	1.096375E-2	7.768871E-3
0.000000E+0	0.000000E+0	0.000000E+0	0.000000E+0	1.385109E-2	1.089347E-2	7.720552E-3
0.000000E+0	0.000000E+0	0.000000E+0	0.000000E+0	1.379177E-2	1.082538E-2	7.656857E-3
0.000000E+0	0.000000E+0	0.000000E+0	0.000000E+0	1.369949E-2	1.074193E-2	7.588771E-3
0.000000E+0	0.000000E+0	0.000000E+0	0.000000E+0	1.359623E-2	1.067164E-2	7.520684E-3
0.000000E+0	0.000000E+0	0.000000E+0	0.000000E+0	1.356766E-2	1.059038E-2	7.483346E-3
0.000000E+0	0.000000E+0	0.000000E+0	0.000000E+0	1.352152E-2	1.049814E-2	7.413063E-3
0.000000E+0	0.000000E+0	0.000000E+0	0.000000E+0	1.339409E-2	1.042566E-2	7.336191E-3
0.000000E+0	0.000000E+0	0.000000E+0	0.000000E+0	1.320075E-2	1.034660E-2	7.261515E-3
0.000000E+0	0.000000E+0	0.000000E+0	0.000000E+0	1.319416E-2	1.026314E-2	7.239552E-3
0.000000E+0	0.000000E+0	0.000000E+0	0.000000E+0	1.307771E-2	1.020384E-2	7.180250E-3
0.000000E+0	0.000000E+0	0.000000E+0	0.000000E+0	1.304036E-2	1.012258E-2	7.123145E-3
0.000000E+0	0.000000E+0	0.000000E+0	0.000000E+0	1.298763E-2	1.007206E-2	7.039684E-3
0.000000E+0	0.000000E+0	0.000000E+0	0.000000E+0	1.271959E-2	9.955661E-3	6.997954E-3
0.000000E+0	0.000000E+0	0.000000E+0	0.000000E+0	1.271300E-2	9.907343E-3	6.949634E-3
0.000000E+0	0.000000E+0	0.000000E+0	0.000000E+0	1.258996E-2	9.832670E-3	6.907903E-3
0.000000E+0	0.000000E+0	0.000000E+0	0.000000E+0	1.254162E-2	9.749211E-3	6.817853E-3
0.000000E+0	0.000000E+0	0.000000E+0	0.000000E+0	1.239222E-2	9.685520E-3	6.795890E-3
0.000000E+0	0.000000E+0	0.000000E+0	0.000000E+0	1.233070E-2	9.637202E-3	6.725607E-3
0.000000E+0	0.000000E+0	0.000000E+0	0.000000E+0	1.234169E-2	9.564725E-3	6.677287E-3
0.000000E+0	0.000000E+0	0.000000E+0	0.000000E+0	1.229555E-2	9.470285E-3	6.615789E-3
0.000000E+0	0.000000E+0	0.000000E+0	0.000000E+0	1.219229E-2	9.410986E-3	6.565273E-3
0.000000E+0	0.000000E+0	0.000000E+0	0.000000E+0	1.214615E-2	9.351687E-3	6.514758E-3
0.000000E+0	0.000000E+0	0.000000E+0	0.000000E+0	1.195281E-2	9.277013E-3	6.453260E-3
0.000000E+0	0.000000E+0	0.000000E+0	0.000000E+0	1.192205E-2	9.208929E-3	6.407137E-3
0.000000E+0	0.000000E+0	0.000000E+0	0.000000E+0	1.187371E-2	9.136452E-3	6.354424E-3
0.000000E+0	0.000000E+0	0.000000E+0	0.000000E+0	1.178803E-2	9.046405E-3	6.319283E-3
0.000000E+0	0.000000E+0	0.000000E+0	0.000000E+0	1.166279E-2	9.022246E-3	6.277552E-3
0.000000E+0	0.000000E+0	0.000000E+0	0.000000E+0	1.164741E-2	8.945377E-3	6.209465E-3
0.000000E+0	0.000000E+0	0.000000E+0	0.000000E+0	1.150240E-2	8.872900E-3	6.150164E-3
0.000000E+0	0.000000E+0	0.000000E+0	0.000000E+0	1.141452E-2	8.809208E-3	6.115023E-3
0.000000E+0	0.000000E+0	0.000000E+0	0.000000E+0	1.135081E-2	8.769675E-3	6.090863E-3
0.000000E+0	0.000000E+0	0.000000E+0	0.000000E+0	1.123875E-2	8.695002E-3	6.011794E-3
0.000000E+0	0.000000E+0	0.000000E+0	0.000000E+0	1.113769E-2	8.611544E-3	5.981045E-3
0.000000E+0	0.000000E+0	0.000000E+0	0.000000E+0	1.108056E-2	8.554441E-3	5.923940E-3
0.000000E+0	0.000000E+0	0.000000E+0	0.000000E+0	1.103662E-2	8.506123E-3	5.897584E-3
0.000000E+0	0.000000E+0	0.000000E+0	0.000000E+0	1.097730E-2	8.409487E-3	5.822908E-3
0.000000E+0	0.000000E+0	0.000000E+0	0.000000E+0	1.086525E-2	8.361169E-3	5.789963E-3
0.000000E+0	0.000000E+0	0.000000E+0	0.000000E+0	1.079714E-2	8.319440E-3	5.726269E-3
0.000000E+0	0.000000E+0	0.000000E+0	0.000000E+0	1.071365E-2	8.266729E-3	5.702109E-3
0.000000E+0	0.000000E+0	0.000000E+0	0.000000E+0	1.057963E-2	8.189860E-3	5.625237E-3
0.000000E+0	0.000000E+0	0.000000E+0	0.000000E+0	1.056645E-2	8.097617E-3	5.596685E-3
0.000000E+0	0.000000E+0	0.000000E+0	0.000000E+0	1.050493E-2	8.058084E-3	5.550562E-3
0.000000E+0	0.000000E+0	0.000000E+0	0.000000E+0	1.046758E-2	8.009766E-3	5.517616E-3
0.000000E+0	0.000000E+0	0.000000E+0	0.000000E+0	1.034894E-2	7.972429E-3	5.471493E-3
0.000000E+0	0.000000E+0	0.000000E+0	0.000000E+0	1.033356E-2	7.882382E-3	5.423174E-3
0.000000E+0	0.000000E+0	0.000000E+0	0.000000E+0	1.030499E-2	7.845045E-3	5.379247E-3
0.000000E+0	0.000000E+0	0.000000E+0	0.000000E+0	1.026984E-2	7.803316E-3	5.352890E-3
0.000000E+0	0.000000E+0	0.000000E+0	0.000000E+0	1.019953E-2	7.724251E-3	5.322142E-3
0.000000E+0	0.000000E+0	0.000000E+0	0.000000E+0	1.014241E-2	7.636400E-3	5.247466E-3
0.000000E+0	0.000000E+0	0.000000E+0	0.000000E+0	1.001278E-2	7.592474E-3	5.225502E-3
0.000000E+0	0.000000E+0	0.000000E+0	0.000000E+0	1.004354E-2	7.563923E-3	5.181575E-3
0.000000E+0	0.000000E+0	0.000000E+0	0.000000E+0	1.000619E-2	7.528783E-3	5.137649E-3
0.000000E+0	0.000000E+0	0.000000E+0	0.000000E+0	1.004793E-2	7.458502E-3	5.089329E-3
0.000000E+0	0.000000E+0	0.000000E+0	0.000000E+0	9.861183E-3	7.394810E-3	5.069562E-3
0.000000E+0	0.000000E+0	0.000000E+0	0.000000E+0	9.819438E-3	7.348688E-3	5.032224E-3
0.000000E+0	0.000000E+0	0.000000E+0	0.000000E+0	9.724963E-3	7.337707E-3	4.979512E-3
0.000000E+0	0.000000E+0	0.000000E+0	0.000000E+0	9.586547E-3	7.223501E-3	4.926799E-3
0.000000E+0	0.000000E+0	0.000000E+0	0.000000E+0	9.615109E-3	7.197146E-3	4.885069E-3
0.000000E+0	0.000000E+0	0.000000E+0	0.000000E+0	9.615109E-3	7.155417E-3	4.863105E-3
0.000000E+0	0.000000E+0	0.000000E+0	0.000000E+0	9.505255E-3	7.093921E-3	4.827964E-3
0.000000E+0	0.000000E+0	0.000000E+0	0.000000E+0	9.296532E-3	7.036818E-3	4.777448E-3
0.000000E+0	0.000000E+0	0.000000E+0	0.000000E+0	9.287744E-3	6.964341E-3	4.753288E-3
0.000000E+0	0.000000E+0	0.000000E+0	0.000000E+0	9.177889E-3	6.948967E-3	4.735717E-3
0.000000E+0	0.000000E+0	0.000000E+0	0.000000E+0	9.076824E-3	6.913827E-3	4.669827E-3
0.000000E+0	0.000000E+0	0.000000E+0	0.000000E+0	8.953787E-3	6.843546E-3	4.628096E-3
0.000000E+0	0.000000E+0	0.000000E+0	0.000000E+0	8.839539E-3	6.779855E-3	4.595151E-3
0.000000E+0	0.000000E+0	0.000000E+0	0.000000E+0	8.725290E-3	6.746911E-3	4.573188E-3
0.000000E+0	0.000000E+0	0.000000E+0	0.000000E+0	8.692334E-3	6.720555E-3	4.535850E-3
0.000000E+0	0.000000E+0	0.000000E+0	0.000000E+0	8.683546E-3	6.654667E-3	4.483137E-3
0.000000E+0	0.000000E+0	0.000000E+0	0.000000E+0	8.534144E-3	6.599760E-3	4.432621E-3
0.000000E+0	0.000000E+0	0.000000E+0	0.000000E+0	8.582480E-3	6.560228E-3	4.434818E-3
0.000000E+0	0.000000E+0	0.000000E+0	0.000000E+0	8.514370E-3	6.531676E-3	4.390891E-3
0.000000E+0	0.000000E+0	0.000000E+0	0.000000E+0	8.534144E-3	6.463592E-3	4.335982E-3
0.000000E+0	0.000000E+0	0.000000E+0	0.000000E+0	8.411107E-3	6.417470E-3	4.292055E-3
0.000000E+0	0.000000E+0	0.000000E+0	0.000000E+0	8.446261E-3	6.377937E-3	4.287663E-3
0.000000E+0	0.000000E+0	0.000000E+0	0.000000E+0	8.452852E-3	6.347189E-3	4.259110E-3
0.000000E+0	0.000000E+0	0.000000E+0	0.000000E+0	8.406713E-3	6.292283E-3	4.210791E-3
0.000000E+0	0.000000E+0	0.000000E+0	0.000000E+0	8.338603E-3	6.215413E-3	4.171256E-3
0.000000E+0	0.000000E+0	0.000000E+0	0.000000E+0	8.314435E-3	6.204432E-3	4.153686E-3
0.000000E+0	0.000000E+0	0.000000E+0	0.000000E+0	8.270494E-3	6.178077E-3	4.105366E-3
0.000000E+0	0.000000E+0	0.000000E+0	0.000000E+0	8.180413E-3	6.120974E-3	4.079010E-3
0.000000E+0	0.000000E+0	0.000000E+0	0.000000E+0	8.219961E-3	6.079245E-3	4.043868E-3
0.000000E+0	0.000000E+0	0.000000E+0	0.000000E+0	8.044194E-3	6.011160E-3	4.010923E-3
0.000000E+0	0.000000E+0	0.000000E+0	0.000000E+0	8.024420E-3	6.000179E-3	3.997745E-3
0.000000E+0	0.000000E+0	0.000000E+0	0.000000E+0	7.947522E-3	5.962842E-3	3.953818E-3
0.000000E+0	0.000000E+0	0.000000E+0	0.000000E+0	7.951917E-3	5.892562E-3	3.901106E-3
0.000000E+0	0.000000E+0	0.000000E+0	0.000000E+0	7.822289E-3	5.844244E-3	3.907695E-3
0.000000E+0	0.000000E+0	0.000000E+0	0.000000E+0	7.811303E-3	5.839851E-3	3.872553E-3
0.000000E+0	0.000000E+0	0.000000E+0	0.000000E+0	7.789332E-3	5.789337E-3	3.848393E-3
0.000000E+0	0.000000E+0	0.000000E+0	0.000000E+0	7.758573E-3	5.734430E-3	3.780307E-3
0.000000E+0	0.000000E+0	0.000000E+0	0.000000E+0	7.723420E-3	5.725645E-3	3.762736E-3
0.000000E+0	0.000000E+0	0.000000E+0	0.000000E+0	7.778347E-3	5.679523E-3	3.729791E-3
0.000000E+0	0.000000E+0	0.000000E+0	0.000000E+0	7.747588E-3	5.626813E-3	3.729791E-3
0.000000E+0	0.000000E+0	0.000000E+0	0.000000E+0	7.650916E-3	5.578495E-3	3.677078E-3
0.000000E+0	0.000000E+0	0.000000E+0	0.000000E+0	7.494923E-3	5.545551E-3	3.639741E-3
0.000000E+0	0.000000E+0	0.000000E+0	0.000000E+0	7.470755E-3	5.516999E-3	3.633152E-3
0.000000E+0	0.000000E+0	0.000000E+0	0.000000E+0	7.338930E-3	5.477467E-3	3.615581E-3
0.000000E+0	0.000000E+0	0.000000E+0	0.000000E+0	7.356507E-3	5.426952E-3	3.571654E-3
0.000000E+0	0.000000E+0	0.000000E+0	0.000000E+0	7.352113E-3	5.376438E-3	3.529923E-3
0.000000E+0	0.000000E+0	0.000000E+0	0.000000E+0	7.299383E-3	5.365457E-3	3.518942E-3
0.000000E+0	0.000000E+0	0.000000E+0	0.000000E+0	7.345522E-3	5.312746E-3	3.499174E-3
0.000000E+0	0.000000E+0	0.000000E+0	0.000000E+0	7.218091E-3	5.310550E-3	3.428891E-3
0.000000E+0	0.000000E+0	0.000000E+0	0.000000E+0	7.042324E-3	5.216111E-3	3.444266E-3
0.000000E+0	0.000000E+0	0.000000E+0	0.000000E+0	6.998382E-3	5.222699E-3	3.426695E-3
0.000000E+0	0.000000E+0	0.000000E+0	0.000000E+0	6.917090E-3	5.211718E-3	3.404732E-3
0.000000E+0	0.000000E+0	0.000000E+0	0.000000E+0	6.928076E-3	5.143634E-3	3.325663E-3
0.000000E+0	0.000000E+0	0.000000E+0	0.000000E+0	6.919287E-3	5.093119E-3	3.338841E-3
0.000000E+0	0.000000E+0	0.000000E+0	0.000000E+0	6.956638E-3	5.090923E-3	3.341038E-3
0.000000E+0	0.000000E+0	0.000000E+0	0.000000E+0	6.829207E-3	5.042605E-3	3.283933E-3
0.000000E+0	0.000000E+0	0.000000E+0	0.000000E+0	6.844586E-3	4.989895E-3	3.257576E-3
0.000000E+0	0.000000E+0	0.000000E+0	0.000000E+0	6.809433E-3	4.941577E-3	3.237809E-3
0.000000E+0	0.000000E+0	0.000000E+0	0.000000E+0	6.752309E-3	4.926203E-3	3.202668E-3
0.000000E+0	0.000000E+0	0.000000E+0	0.000000E+0	6.765491E-3	4.899848E-3	3.191686E-3
0.000000E+0	0.000000E+0	0.000000E+0	0.000000E+0	6.662228E-3	4.866904E-3	3.154348E-3
0.000000E+0	0.000000E+0	0.000000E+0	0.000000E+0	6.657834E-3	4.825174E-3	3.125796E-3
0.000000E+0	0.000000E+0	0.000000E+0	0.000000E+0	6.638061E-3	4.798819E-3	3.112618E-3
0.000000E+0	0.000000E+0	0.000000E+0	0.000000E+0	6.664426E-3	4.759286E-3	3.097243E-3
0.000000E+0	0.000000E+0	0.000000E+0	0.000000E+0	6.624878E-3	4.746109E-3	3.033549E-3
0.000000E+0	0.000000E+0	0.000000E+0	0.000000E+0	6.576542E-3	4.682417E-3	3.026960E-3
0.000000E+0	0.000000E+0	0.000000E+0	0.000000E+0	6.457900E-3	4.682417E-3	3.040138E-3
0.000000E+0	0.000000E+0	0.000000E+0	0.000000E+0	6.501841E-3	4.634099E-3	3.026960E-3
0.000000E+0	0.000000E+0	0.000000E+0	0.000000E+0	6.462294E-3	4.594566E-3	2.958873E-3
0.000000E+0	0.000000E+0	0.000000E+0	0.000000E+0	6.242585E-3	4.548444E-3	2.919339E-3
0.000000E+0	0.000000E+0	0.000000E+0	0.000000E+0	6.194250E-3	4.533071E-3	2.928124E-3
0.000000E+0	0.000000E+0	0.000000E+0	0.000000E+0	6.260162E-3	4.497930E-3	2.921535E-3
0.000000E+0	0.000000E+0	0.000000E+0	0.000000E+0	6.279936E-3	4.462790E-3	2.860038E-3
0.000000E+0	0.000000E+0	0.000000E+0	0.000000E+0	6.137125E-3	4.434238E-3	2.818307E-3
0.000000E+0	0.000000E+0	0.000000E+0	0.000000E+0	6.000906E-3	4.405687E-3	2.820504E-3
0.000000E+0	0.000000E+0	0.000000E+0	0.000000E+0	6.005300E-3	4.370547E-3	2.831485E-3
0.000000E+0	0.000000E+0	0.000000E+0	0.000000E+0	6.062425E-3	4.352976E-3	2.783166E-3
0.000000E+0	0.000000E+0	0.000000E+0	0.000000E+0	5.985527E-3	4.315640E-3	2.776577E-3
0.000000E+0	0.000000E+0	0.000000E+0	0.000000E+0	5.965753E-3	4.276107E-3	2.732650E-3
0.000000E+0	0.000000E+0	0.000000E+0	0.000000E+0	5.853702E-3	4.260733E-3	2.719472E-3
0.000000E+0	0.000000E+0	0.000000E+0	0.000000E+0	5.917417E-3	4.227789E-3	2.684330E-3
0.000000E+0	0.000000E+0	0.000000E+0	0.000000E+0	5.746045E-3	4.183864E-3	2.660170E-3
0.000000E+0	0.000000E+0	0.000000E+0	0.000000E+0	5.616417E-3	4.153116E-3	2.668956E-3
0.000000E+0	0.000000E+0	0.000000E+0	0.000000E+0	5.612022E-3	4.157508E-3	2.655778E-3
0.000000E+0	0.000000E+0	0.000000E+0	0.000000E+0	5.640585E-3	4.144331E-3	2.618440E-3
0.000000E+0	0.000000E+0	0.000000E+0	0.000000E+0	5.554898E-3	4.091620E-3	2.581102E-3
0.000000E+0	0.000000E+0	0.000000E+0	0.000000E+0	5.508759E-3	4.045499E-3	2.572316E-3
0.000000E+0	0.000000E+0	0.000000E+0	0.000000E+0	5.506562E-3	4.034517E-3	2.567924E-3
0.000000E+0	0.000000E+0	0.000000E+0	0.000000E+0	5.464818E-3	3.997181E-3	2.526193E-3
0.000000E+0	0.000000E+0	0.000000E+0	0.000000E+0	5.464818E-3	3.966433E-3	2.495444E-3
0.000000E+0	0.000000E+0	0.000000E+0	0.000000E+0	5.401102E-3	3.946667E-3	2.486659E-3
0.000000E+0	0.000000E+0	0.000000E+0	0.000000E+0	5.396708E-3	3.922508E-3	2.499837E-3
0.000000E+0	0.000000E+0	0.000000E+0	0.000000E+0	5.418679E-3	3.904937E-3	2.464695E-3
0.000000E+0	0.000000E+0	0.000000E+0	0.000000E+0	5.379132E-3	3.874190E-3	2.414180E-3
0.000000E+0	0.000000E+0	0.000000E+0	0.000000E+0	5.387920E-3	3.814890E-3	2.409787E-3
0.000000E+0	0.000000E+0	0.000000E+0	0.000000E+0	5.300037E-3	3.801713E-3	2.403198E-3
0.000000E+0	0.000000E+0	0.000000E+0	0.000000E+0	5.258292E-3	3.808302E-3	2.387823E-3
0.000000E+0	0.000000E+0	0.000000E+0	0.000000E+0	5.240715E-3	3.751199E-3	2.326326E-3
0.000000E+0	0.000000E+0	0.000000E+0	0.000000E+0	5.231927E-3	3.733628E-3	2.330718E-3
0.000000E+0	0.000000E+0	0.000000E+0	0.000000E+0	5.179197E-3	3.722647E-3	2.328522E-3
0.000000E+0	0.000000E+0	0.000000E+0	0.000000E+0	5.159423E-3	3.694096E-3	2.310951E-3
0.000000E+0	0.000000E+0	0.000000E+0	0.000000E+0	5.260489E-3	3.658955E-3	2.295577E-3
0.000000E+0	0.000000E+0	0.000000E+0	0.000000E+0	5.185788E-3	3.608441E-3	2.251650E-3
0.000000E+0	0.000000E+0	0.000000E+0	0.000000E+0	5.161620E-3	3.595263E-3	2.253846E-3
0.000000E+0	0.000000E+0	0.000000E+0	0.000000E+0	5.130861E-3	3.595263E-3	2.238472E-3
0.000000E+0	0.000000E+0	0.000000E+0	0.000000E+0	5.139649E-3	3.571104E-3	2.220901E-3
0.000000E+0	0.000000E+0	0.000000E+0	0.000000E+0	5.038584E-3	3.533768E-3	2.192349E-3
0.000000E+0	0.000000E+0	0.000000E+0	0.000000E+0	4.999036E-3	3.509609E-3	2.196741E-3
0.000000E+0	0.000000E+0	0.000000E+0	0.000000E+0	4.983656E-3	3.500824E-3	2.183563E-3
0.000000E+0	0.000000E+0	0.000000E+0	0.000000E+0	4.948503E-3	3.483254E-3	2.146225E-3
0.000000E+0	0.000000E+0	0.000000E+0	0.000000E+0	4.869408E-3	3.439328E-3	2.124262E-3
0.000000E+0	0.000000E+0	0.000000E+0	0.000000E+0	4.891379E-3	3.415169E-3	2.111084E-3
0.000000E+0	0.000000E+0	0.000000E+0	0.000000E+0	4.928729E-3	3.395403E-3	2.091317E-3
0.000000E+0	0.000000E+0	0.000000E+0	0.000000E+0	4.924335E-3	3.399795E-3	2.086924E-3
0.000000E+0	0.000000E+0	0.000000E+0	0.000000E+0	4.886985E-3	3.351477E-3	2.051782E-3
0.000000E+0	0.000000E+0	0.000000E+0	0.000000E+0	4.968277E-3	3.314141E-3	2.049586E-3
0.000000E+0	0.000000E+0	0.000000E+0	0.000000E+0	4.966080E-3	3.316337E-3	2.036408E-3
0.000000E+0	0.000000E+0	0.000000E+0	0.000000E+0	4.919941E-3	3.281197E-3	2.012248E-3
0.000000E+0	0.000000E+0	0.000000E+0	0.000000E+0	4.713415E-3	3.246057E-3	1.983696E-3
0.000000E+0	0.000000E+0	0.000000E+0	0.000000E+0	4.711218E-3	3.224094E-3	1.990285E-3
0.000000E+0	0.000000E+0	0.000000E+0	0.000000E+0	4.673868E-3	3.226290E-3	1.948554E-3
0.000000E+0	0.000000E+0	0.000000E+0	0.000000E+0	4.730992E-3	3.204327E-3	1.968321E-3
0.000000E+0	0.000000E+0	0.000000E+0	0.000000E+0	4.649700E-3	3.184561E-3	1.920002E-3
0.000000E+0	0.000000E+0	0.000000E+0	0.000000E+0	4.665079E-3	3.142832E-3	1.924394E-3
0.000000E+0	0.000000E+0	0.000000E+0	0.000000E+0	4.667276E-3	3.131851E-3	1.911216E-3
0.000000E+0	0.000000E+0	0.000000E+0	0.000000E+0	4.594773E-3	3.112084E-3	1.889253E-3
0.000000E+0	0.000000E+0	0.000000E+0	0.000000E+0	4.671671E-3	3.107692E-3	1.851915E-3
0.000000E+0	0.000000E+0	0.000000E+0	0.000000E+0	4.515678E-3	3.050589E-3	1.882664E-3
0.000000E+0	0.000000E+0	0.000000E+0	0.000000E+0	4.487116E-3	3.057177E-3	1.845326E-3
0.000000E+0	0.000000E+0	0.000000E+0	0.000000E+0	4.500298E-3	3.041803E-3	1.829951E-3
0.000000E+0	0.000000E+0	0.000000E+0	0.000000E+0	4.419006E-3	3.017644E-3	1.797006E-3
0.000000E+0	0.000000E+0	0.000000E+0	0.000000E+0	4.480524E-3	2.967130E-3	1.803595E-3
0.000000E+0	0.000000E+0	0.000000E+0	0.000000E+0	4.618941E-3	2.980308E-3	1.777239E-3
0.000000E+0	0.000000E+0	0.000000E+0	0.000000E+0	4.574999E-3	2.980308E-3	1.786025E-3
0.000000E+0	0.000000E+0	0.000000E+0	0.000000E+0	4.511283E-3	2.925401E-3	1.746490E-3
0.000000E+0	0.000000E+0	0.000000E+0	0.000000E+0	4.471736E-3	2.916616E-3	1.742098E-3
0.000000E+0	0.000000E+0	0.000000E+0	0.000000E+0	4.278393E-3	2.923205E-3	1.720134E-3
0.000000E+0	0.000000E+0	0.000000E+0	0.000000E+0	4.271801E-3	2.910027E-3	1.704760E-3
0.000000E+0	0.000000E+0	0.000000E+0	0.000000E+0	4.282787E-3	2.863906E-3	1.671815E-3
0.000000E+0	0.000000E+0	0.000000E+0	0.000000E+0	4.357488E-3	2.830962E-3	1.678404E-3
0.000000E+0	0.000000E+0	0.000000E+0	0.000000E+0	4.241042E-3	2.837550E-3	1.665226E-3
0.000000E+0	0.000000E+0	0.000000E+0	0.000000E+0	4.241042E-3	2.826569E-3	1.678404E-3
0.000000E+0	0.000000E+0	0.000000E+0	0.000000E+0	4.306955E-3	2.798018E-3	1.641066E-3
0.000000E+0	0.000000E+0	0.000000E+0	0.000000E+0	4.113611E-3	2.760681E-3	1.636673E-3
0.000000E+0	0.000000E+0	0.000000E+0	0.000000E+0	4.172933E-3	2.754092E-3	1.616906E-3
0.000000E+0	0.000000E+0	0.000000E+0	0.000000E+0	4.256422E-3	2.736522E-3	1.630084E-3
0.000000E+0	0.000000E+0	0.000000E+0	0.000000E+0	4.208086E-3	2.721148E-3	1.597139E-3
0.000000E+0	0.000000E+0	0.000000E+0	0.000000E+0	4.135582E-3	2.681615E-3	1.568586E-3
0.000000E+0	0.000000E+0	0.000000E+0	0.000000E+0	4.111414E-3	2.677223E-3	1.583961E-3
0.000000E+0	0.000000E+0	0.000000E+0	0.000000E+0	4.122400E-3	2.666241E-3	1.559801E-3
0.000000E+0	0.000000E+0	0.000000E+0	0.000000E+0	4.085049E-3	2.655260E-3	1.515874E-3
0.000000E+0	0.000000E+0	0.000000E+0	0.000000E+0	4.054290E-3	2.617923E-3	1.526856E-3
0.000000E+0	0.000000E+0	0.000000E+0	0.000000E+0	3.975195E-3	2.595961E-3	1.509285E-3
0.000000E+0	0.000000E+0	0.000000E+0	0.000000E+0	4.071867E-3	2.602550E-3	1.520267E-3
0.000000E+0	0.000000E+0	0.000000E+0	0.000000E+0	3.920268E-3	2.593764E-3	1.476340E-3
0.000000E+0	0.000000E+0	0.000000E+0	0.000000E+0	3.953224E-3	2.556428E-3	1.471947E-3
0.000000E+0	0.000000E+0	0.000000E+0	0.000000E+0	3.849961E-3	2.543250E-3	1.496107E-3
0.000000E+0	0.000000E+0	0.000000E+0	0.000000E+0	3.812611E-3	2.519091E-3	1.454376E-3
0.000000E+0	0.000000E+0	0.000000E+0	0.000000E+0	3.788443E-3	2.523484E-3	1.436806E-3
0.000000E+0	0.000000E+0	0.000000E+0	0.000000E+0	3.814808E-3	2.481755E-3	1.439002E-3
0.000000E+0	0.000000E+0	0.000000E+0	0.000000E+0	3.775260E-3	2.472970E-3	1.403860E-3
0.000000E+0	0.000000E+0	0.000000E+0	0.000000E+0	3.700560E-3	2.464185E-3	1.417038E-3
0.000000E+0	0.000000E+0	0.000000E+0	0.000000E+0	3.628056E-3	2.455399E-3	1.392879E-3
0.000000E+0	0.000000E+0	0.000000E+0	0.000000E+0	3.588508E-3	2.411474E-3	1.370915E-3
0.000000E+0	0.000000E+0	0.000000E+0	0.000000E+0	3.579720E-3	2.407082E-3	1.368719E-3
0.000000E+0	0.000000E+0	0.000000E+0	0.000000E+0	3.544567E-3	2.402689E-3	1.355541E-3
0.000000E+0	0.000000E+0	0.000000E+0	0.000000E+0	3.566537E-3	2.380726E-3	1.359933E-3
0.000000E+0	0.000000E+0	0.000000E+0	0.000000E+0	3.630253E-3	2.356567E-3	1.337970E-3
0.000000E+0	0.000000E+0	0.000000E+0	0.000000E+0	3.667603E-3	2.343390E-3	1.320399E-3
0.000000E+0	0.000000E+0	0.000000E+0	0.000000E+0	3.573129E-3	2.328016E-3	1.331381E-3
0.000000E+0	0.000000E+0	0.000000E+0	0.000000E+0	3.709348E-3	2.332408E-3	1.296239E-3
0.000000E+0	0.000000E+0	0.000000E+0	0.000000E+0	3.588508E-3	2.297268E-3	1.285258E-3
0.000000E+0	0.000000E+0	0.000000E+0	0.000000E+0	3.590705E-3	2.288483E-3	1.272080E-3
0.000000E+0	0.000000E+0	0.000000E+0	0.000000E+0	3.597297E-3	2.262128E-3	1.261098E-3
0.000000E+0	0.000000E+0	0.000000E+0	0.000000E+0	3.575326E-3	2.264324E-3	1.263294E-3
0.000000E+0	0.000000E+0	0.000000E+0	0.000000E+0	3.533581E-3	2.251146E-3	1.234742E-3
0.000000E+0	0.000000E+0	0.000000E+0	0.000000E+0	3.445698E-3	2.207221E-3	1.230349E-3
0.000000E+0	0.000000E+0	0.000000E+0	0.000000E+0	3.373194E-3	2.222595E-3	1.225956E-3
0.000000E+0	0.000000E+0	0.000000E+0	0.000000E+0	3.412742E-3	2.187455E-3	1.195208E-3
0.000000E+0	0.000000E+0	0.000000E+0	0.000000E+0	3.377588E-3	2.176473E-3	1.195208E-3
0.000000E+0	0.000000E+0	0.000000E+0	0.000000E+0	3.425924E-3	2.154510E-3	1.190815E-3
0.000000E+0	0.000000E+0	0.000000E+0	0.000000E+0	3.447895E-3	2.156707E-3	1.190815E-3
0.000000E+0	0.000000E+0	0.000000E+0	0.000000E+0	3.355617E-3	2.143529E-3	1.160066E-3
0.000000E+0	0.000000E+0	0.000000E+0	0.000000E+0	3.322661E-3	2.121566E-3	1.164459E-3
0.000000E+0	0.000000E+0	0.000000E+0	0.000000E+0	3.302887E-3	2.093015E-3	1.142495E-3
0.000000E+0	0.000000E+0	0.000000E+0	0.000000E+0	3.256749E-3	2.075445E-3	1.146888E-3
0.000000E+0	0.000000E+0	0.000000E+0	0.000000E+0	3.210610E-3	2.097407E-3	1.138103E-3
0.000000E+0	0.000000E+0	0.000000E+0	0.000000E+0	3.221595E-3	2.068856E-3	1.113943E-3
0.000000E+0	0.000000E+0	0.000000E+0	0.000000E+0	3.138106E-3	2.049090E-3	1.102961E-3
0.000000E+0	0.000000E+0	0.000000E+0	0.000000E+0	2.977719E-3	2.024931E-3	1.122728E-3
0.000000E+0	0.000000E+0	0.000000E+0	0.000000E+0	2.894230E-3	2.053482E-3	1.122728E-3
0.000000E+0	0.000000E+0	0.000000E+0	0.000000E+0	2.907412E-3	2.000772E-3	1.096372E-3
0.000000E+0	0.000000E+0	0.000000E+0	0.000000E+0	2.911807E-3	1.972220E-3	1.056838E-3
0.000000E+0	0.000000E+0	0.000000E+0	0.000000E+0	2.942566E-3	1.965631E-3	1.080998E-3
0.000000E+0	0.000000E+0	0.000000E+0	0.000000E+0	2.892033E-3	1.963435E-3	1.065623E-3
0.000000E+0	0.000000E+0	0.000000E+0	0.000000E+0	2.859077E-3	1.945865E-3	1.034874E-3
0.000000E+0	0.000000E+0	0.000000E+0	0.000000E+0	2.900821E-3	1.923902E-3	9.975364E-4
0.000000E+0	0.000000E+0	0.000000E+0	0.000000E+0	2.861274E-3	1.915117E-3	1.015107E-3
0.000000E+0	0.000000E+0	0.000000E+0	0.000000E+0	2.887639E-3	1.923902E-3	1.021696E-3
0.000000E+0	0.000000E+0	0.000000E+0	0.000000E+0	2.867865E-3	1.897547E-3	1.012911E-3
0.000000E+0	0.000000E+0	0.000000E+0	0.000000E+0	2.944763E-3	1.888762E-3	9.887510E-4
0.000000E+0	0.000000E+0	0.000000E+0	0.000000E+0	2.949157E-3	1.855818E-3	9.953400E-4
0.000000E+0	0.000000E+0	0.000000E+0	0.000000E+0	2.859077E-3	1.875584E-3	9.931437E-4
0.000000E+0	0.000000E+0	0.000000E+0	0.000000E+0	2.856879E-3	1.853622E-3	9.975364E-4
0.000000E+0	0.000000E+0	0.000000E+0	0.000000E+0	2.689901E-3	1.836051E-3	9.580022E-4
0.000000E+0	0.000000E+0	0.000000E+0	0.000000E+0	2.645959E-3	1.809696E-3	9.514131E-4
0.000000E+0	0.000000E+0	0.000000E+0	0.000000E+0	2.656945E-3	1.807500E-3	9.338424E-4
0.000000E+0	0.000000E+0	0.000000E+0	0.000000E+0	2.628383E-3	1.803107E-3	9.272533E-4
0.000000E+0	0.000000E+0	0.000000E+0	0.000000E+0	2.632777E-3	1.800911E-3	9.052899E-4
0.000000E+0	0.000000E+0	0.000000E+0	0.000000E+0	2.725054E-3	1.761378E-3	9.008972E-4
0.000000E+0	0.000000E+0	0.000000E+0	0.000000E+0	2.700886E-3	1.743808E-3	9.096825E-4
0.000000E+0	0.000000E+0	0.000000E+0	0.000000E+0	2.639368E-3	1.750397E-3	9.030935E-4
0.000000E+0	0.000000E+0	0.000000E+0	0.000000E+0	2.703084E-3	1.737219E-3	8.701483E-4
0.000000E+0	0.000000E+0	0.000000E+0	0.000000E+0	2.599821E-3	1.717453E-3	8.701483E-4
0.000000E+0	0.000000E+0	0.000000E+0	0.000000E+0	2.641565E-3	1.713060E-3	8.723447E-4
0.000000E+0	0.000000E+0	0.000000E+0	0.000000E+0	2.582244E-3	1.699883E-3	8.723447E-4
0.000000E+0	0.000000E+0	0.000000E+0	0.000000E+0	2.522923E-3	1.704275E-3	8.393995E-4
0.000000E+0	0.000000E+0	0.000000E+0	0.000000E+0	2.518529E-3	1.651565E-3	8.415958E-4
0.000000E+0	0.000000E+0	0.000000E+0	0.000000E+0	2.478981E-3	1.686705E-3	8.547739E-4
0.000000E+0	0.000000E+0	0.000000E+0	0.000000E+0	2.553682E-3	1.666939E-3	8.415958E-4
0.000000E+0	0.000000E+0	0.000000E+0	0.000000E+0	2.580047E-3	1.640583E-3	7.910799E-4
0.000000E+0	0.000000E+0	0.000000E+0	0.000000E+0	2.384506E-3	1.607639E-3	7.998652E-4
0.000000E+0	0.000000E+0	0.000000E+0	0.000000E+0	2.485572E-3	1.616424E-3	8.108470E-4
0.000000E+0	0.000000E+0	0.000000E+0	0.000000E+0	2.511937E-3	1.612032E-3	7.976689E-4
0.000000E+0	0.000000E+0	0.000000E+0	0.000000E+0	2.591032E-3	1.583480E-3	7.735091E-4
0.000000E+0	0.000000E+0	0.000000E+0	0.000000E+0	2.575653E-3	1.565910E-3	7.866872E-4
0.000000E+0	0.000000E+0	0.000000E+0	0.000000E+0	2.511937E-3	1.570303E-3	7.779018E-4
0.000000E+0	0.000000E+0	0.000000E+0	0.000000E+0	2.474587E-3	1.568106E-3	7.691164E-4
0.000000E+0	0.000000E+0	0.000000E+0	0.000000E+0	2.470193E-3	1.565910E-3	7.427603E-4
0.000000E+0	0.000000E+0	0.000000E+0	0.000000E+0	2.520726E-3	1.535162E-3	7.361712E-4
0.000000E+0	0.000000E+0	0.000000E+0	0.000000E+0	2.430645E-3	1.526377E-3	7.317785E-4
0.000000E+0	0.000000E+0	0.000000E+0	0.000000E+0	2.395492E-3	1.530770E-3	7.427603E-4
0.000000E+0	0.000000E+0	0.000000E+0	0.000000E+0	2.342762E-3	1.491237E-3	7.295822E-4
0.000000E+0	0.000000E+0	0.000000E+0	0.000000E+0	2.342762E-3	1.489041E-3	7.076187E-4
0.000000E+0	0.000000E+0	0.000000E+0	0.000000E+0	2.340565E-3	1.471471E-3	7.032260E-4
0.000000E+0	0.000000E+0	0.000000E+0	0.000000E+0	2.382309E-3	1.486845E-3	7.229931E-4
0.000000E+0	0.000000E+0	0.000000E+0	0.000000E+0	2.358141E-3	1.471471E-3	6.834589E-4
0.000000E+0	0.000000E+0	0.000000E+0	0.000000E+0	2.318594E-3	1.445115E-3	7.098151E-4
0.000000E+0	0.000000E+0	0.000000E+0	0.000000E+0	2.342762E-3	1.438527E-3	6.724772E-4
0.000000E+0	0.000000E+0	0.000000E+0	0.000000E+0	2.320791E-3	1.438527E-3	7.076187E-4
0.000000E+0	0.000000E+0	0.000000E+0	0.000000E+0	2.360339E-3	1.425349E-3	6.746735E-4
0.000000E+0	0.000000E+0	0.000000E+0	0.000000E+0	2.430645E-3	1.416564E-3	6.307466E-4
0.000000E+0	0.000000E+0	0.000000E+0	0.000000E+0	2.312003E-3	1.409975E-3	6.505137E-4
0.000000E+0	0.000000E+0	0.000000E+0	0.000000E+0	2.259273E-3	1.385816E-3	6.592991E-4
0.000000E+0	0.000000E+0	0.000000E+0	0.000000E+0	2.219725E-3	1.379227E-3	6.373357E-4
0.000000E+0	0.000000E+0	0.000000E+0	0.000000E+0	2.243893E-3	1.377031E-3	6.373357E-4
0.000000E+0	0.000000E+0	0.000000E+0	0.000000E+0	2.285638E-3	1.359461E-3	6.241576E-4
0.000000E+0	0.000000E+0	0.000000E+0	0.000000E+0	2.320791E-3	1.355068E-3	6.373357E-4
0.000000E+0	0.000000E+0	0.000000E+0	0.000000E+0	2.351550E-3	1.363853E-3	6.175685E-4
0.000000E+0	0.000000E+0	0.000000E+0	0.000000E+0	2.351550E-3	1.330909E-3	5.824270E-4
0.000000E+0	0.000000E+0	0.000000E+0	0.000000E+0	2.331776E-3	1.319928E-3	5.912124E-4
0.000000E+0	0.000000E+0	0.000000E+0	0.000000E+0	2.281244E-3	1.319928E-3	6.065868E-4
0.000000E+0	0.000000E+0	0.000000E+0	0.000000E+0	2.292229E-3	1.304554E-3	5.934087E-4
0.000000E+0	0.000000E+0	0.000000E+0	0.000000E+0	2.294426E-3	1.289180E-3	5.516782E-4
0.000000E+0	0.000000E+0	0.000000E+0	0.000000E+0	2.327382E-3	1.284788E-3	5.692489E-4
0.000000E+0	0.000000E+0	0.000000E+0	0.000000E+0	2.279046E-3	1.289180E-3	5.802307E-4
0.000000E+0	0.000000E+0	0.000000E+0	0.000000E+0	2.158207E-3	1.271610E-3	5.626599E-4
0.000000E+0	0.000000E+0	0.000000E+0	0.000000E+0	2.287835E-3	1.262825E-3	5.494818E-4
0.000000E+0	0.000000E+0	0.000000E+0	0.000000E+0	2.101083E-3	1.247451E-3	5.494818E-4
0.000000E+0	0.000000E+0	0.000000E+0	0.000000E+0	2.127448E-3	1.240862E-3	5.670526E-4
0.000000E+0	0.000000E+0	0.000000E+0	0.000000E+0	2.259273E-3	1.258432E-3	5.385001E-4
0.000000E+0	0.000000E+0	0.000000E+0	0.000000E+0	2.257076E-3	1.225488E-3	5.297147E-4
0.000000E+0	0.000000E+0	0.000000E+0	0.000000E+0	2.217528E-3	1.210115E-3	5.165366E-4
0.000000E+0	0.000000E+0	0.000000E+0	0.000000E+0	2.206543E-3	1.234273E-3	5.341074E-4
0.000000E+0	0.000000E+0	0.000000E+0	0.000000E+0	2.156010E-3	1.234273E-3	4.923768E-4
0.000000E+0	0.000000E+0	0.000000E+0	0.000000E+0	2.006608E-3	1.190348E-3	5.011622E-4
0.000000E+0	0.000000E+0	0.000000E+0	0.000000E+0	1.962666E-3	1.170582E-3	4.791987E-4
0.000000E+0	0.000000E+0	0.000000E+0	0.000000E+0	2.015396E-3	1.183759E-3	5.055549E-4
0.000000E+0	0.000000E+0	0.000000E+0	0.000000E+0	2.037367E-3	1.172778E-3	5.033586E-4
0.000000E+0	0.000000E+0	0.000000E+0	0.000000E+0	1.986834E-3	1.168385E-3	4.528426E-4
0.000000E+0	0.000000E+0	0.000000E+0	0.000000E+0	2.057141E-3	1.137638E-3	4.550389E-4
0.000000E+0	0.000000E+0	0.000000E+0	0.000000E+0	2.059338E-3	1.155208E-3	4.704134E-4
0.000000E+0	0.000000E+0	0.000000E+0	0.000000E+0	2.019791E-3	1.144226E-3	4.682170E-4
0.000000E+0	0.000000E+0	0.000000E+0	0.000000E+0	1.997820E-3	1.135441E-3	4.638243E-4
0.000000E+0	0.000000E+0	0.000000E+0	0.000000E+0	1.956075E-3	1.139834E-3	4.264864E-4
0.000000E+0	0.000000E+0	0.000000E+0	0.000000E+0	1.958272E-3	1.095909E-3	4.462536E-4
0.000000E+0	0.000000E+0	0.000000E+0	0.000000E+0	1.896754E-3	1.144226E-3	4.374682E-4
0.000000E+0	0.000000E+0	0.000000E+0	0.000000E+0	1.973652E-3	1.104694E-3	4.374682E-4
0.000000E+0	0.000000E+0	0.000000E+0	0.000000E+0	1.949484E-3	1.073946E-3	4.177011E-4
0.000000E+0	0.000000E+0	0.000000E+0	0.000000E+0	1.995623E-3	1.071750E-3	4.023266E-4
0.000000E+0	0.000000E+0	0.000000E+0	0.000000E+0	1.892360E-3	1.087123E-3	4.089157E-4
0.000000E+0	0.000000E+0	0.000000E+0	0.000000E+0	1.953878E-3	1.073946E-3	4.198974E-4
0.000000E+0	0.000000E+0	0.000000E+0	0.000000E+0	1.925316E-3	1.047591E-3	4.001303E-4
0.000000E+0	0.000000E+0	0.000000E+0	0.000000E+0	1.861601E-3	1.030020E-3	4.111120E-4
0.000000E+0	0.000000E+0	0.000000E+0	0.000000E+0	1.789097E-3	1.045394E-3	4.067193E-4
0.000000E+0	0.000000E+0	0.000000E+0	0.000000E+0	1.784703E-3	1.036609E-3	3.693815E-4
0.000000E+0	0.000000E+0	0.000000E+0	0.000000E+0	1.901148E-3	1.008058E-3	3.649888E-4
0.000000E+0	0.000000E+0	0.000000E+0	0.000000E+0	1.887966E-3	1.014647E-3	3.979339E-4
0.000000E+0	0.000000E+0	0.000000E+0	0.000000E+0	1.802279E-3	1.012450E-3	3.715778E-4
0.000000E+0	0.000000E+0	0.000000E+0	0.000000E+0	1.802279E-3	1.016843E-3	3.693815E-4
0.000000E+0	0.000000E+0	0.000000E+0	0.000000E+0	1.731973E-3	9.860950E-4	3.452216E-4
0.000000E+0	0.000000E+0	0.000000E+0	0.000000E+0	1.789097E-3	9.597398E-4	3.583997E-4
0.000000E+0	0.000000E+0	0.000000E+0	0.000000E+0	1.780308E-3	9.729174E-4	3.562034E-4
0.000000E+0	0.000000E+0	0.000000E+0	0.000000E+0	1.782506E-3	9.926838E-4	3.364363E-4
0.000000E+0	0.000000E+0	0.000000E+0	0.000000E+0	1.720987E-3	9.707211E-4	3.210618E-4
0.000000E+0	0.000000E+0	0.000000E+0	0.000000E+0	1.716593E-3	9.333845E-4	3.210618E-4
0.000000E+0	0.000000E+0	0.000000E+0	0.000000E+0	1.714396E-3	9.399734E-4	3.210618E-4
0.000000E+0	0.000000E+0	0.000000E+0	0.000000E+0	1.767126E-3	9.531510E-4	3.276509E-4
0.000000E+0	0.000000E+0	0.000000E+0	0.000000E+0	1.747352E-3	9.355808E-4	3.034911E-4
0.000000E+0	0.000000E+0	0.000000E+0	0.000000E+0	1.773717E-3	9.048330E-4	3.012947E-4
0.000000E+0	0.000000E+0	0.000000E+0	0.000000E+0	1.753943E-3	9.267957E-4	3.232582E-4
0.000000E+0	0.000000E+0	0.000000E+0	0.000000E+0	1.742958E-3	9.114219E-4	3.012947E-4
0.000000E+0	0.000000E+0	0.000000E+0	0.000000E+0	1.635301E-3	9.158144E-4	2.727422E-4
0.000000E+0	0.000000E+0	0.000000E+0	0.000000E+0	1.736367E-3	8.806741E-4	2.859203E-4
0.000000E+0	0.000000E+0	0.000000E+0	0.000000E+0	1.703411E-3	9.026368E-4	2.771349E-4
0.000000E+0	0.000000E+0	0.000000E+0	0.000000E+0	1.602345E-3	8.982442E-4	2.947057E-4
0.000000E+0	0.000000E+0	0.000000E+0	0.000000E+0	1.510067E-3	8.631039E-4	2.639568E-4
0.000000E+0	0.000000E+0	0.000000E+0	0.000000E+0	1.540826E-3	8.631039E-4	2.683495E-4
0.000000E+0	0.000000E+0	0.000000E+0	0.000000E+0	1.591359E-3	8.565151E-4	2.595642E-4
0.000000E+0	0.000000E+0	0.000000E+0	0.000000E+0	1.617724E-3	8.587114E-4	2.661532E-4
0.000000E+0	0.000000E+0	0.000000E+0	0.000000E+0	1.615527E-3	8.565151E-4	2.376007E-4
0.000000E+0	0.000000E+0	0.000000E+0	0.000000E+0	1.507870E-3	8.279636E-4	2.376007E-4
0.000000E+0	0.000000E+0	0.000000E+0	0.000000E+0	1.556206E-3	8.279636E-4	2.376007E-4
0.000000E+0	0.000000E+0	0.000000E+0	0.000000E+0	1.558403E-3	8.521226E-4	2.354044E-4
0.000000E+0	0.000000E+0	0.000000E+0	0.000000E+0	1.518855E-3	8.345524E-4	2.310117E-4
0.000000E+0	0.000000E+0	0.000000E+0	0.000000E+0	1.569388E-3	8.191785E-4	2.200299E-4
0.000000E+0	0.000000E+0	0.000000E+0	0.000000E+0	1.571585E-3	7.972158E-4	2.178336E-4
0.000000E+0	0.000000E+0	0.000000E+0	0.000000E+0	1.630907E-3	8.038046E-4	2.266190E-4
0.000000E+0	0.000000E+0	0.000000E+0	0.000000E+0	1.492490E-3	7.906270E-4	1.936738E-4
0.000000E+0	0.000000E+0	0.000000E+0	0.000000E+0	1.510067E-3	7.950196E-4	1.892811E-4
0.000000E+0	0.000000E+0	0.000000E+0	0.000000E+0	1.543023E-3	7.862345E-4	2.002628E-4
0.000000E+0	0.000000E+0	0.000000E+0	0.000000E+0	1.536432E-3	7.862345E-4	2.024592E-4
0.000000E+0	0.000000E+0	0.000000E+0	0.000000E+0	1.575980E-3	7.708606E-4	1.804957E-4
0.000000E+0	0.000000E+0	0.000000E+0	0.000000E+0	1.529841E-3	7.532904E-4	1.870847E-4
0.000000E+0	0.000000E+0	0.000000E+0	0.000000E+0	1.525447E-3	7.576830E-4	1.914774E-4
0.000000E+0	0.000000E+0	0.000000E+0	0.000000E+0	1.551812E-3	7.488979E-4	1.892811E-4
0.000000E+0	0.000000E+0	0.000000E+0	0.000000E+0	1.562797E-3	7.357203E-4	1.695140E-4
0.000000E+0	0.000000E+0	0.000000E+0	0.000000E+0	1.562797E-3	7.247389E-4	1.563359E-4
0.000000E+0	0.000000E+0	0.000000E+0	0.000000E+0	1.534235E-3	7.093650E-4	1.717103E-4
0.000000E+0	0.000000E+0	0.000000E+0	0.000000E+0	1.466125E-3	7.247389E-4	1.651213E-4
0.000000E+0	0.000000E+0	0.000000E+0	0.000000E+0	1.525447E-3	7.445054E-4	1.717103E-4
0.000000E+0	0.000000E+0	0.000000E+0	0.000000E+0	1.510067E-3	6.917949E-4	1.475505E-4
0.000000E+0	0.000000E+0	0.000000E+0	0.000000E+0	1.490293E-3	6.961874E-4	1.409615E-4
0.000000E+0	0.000000E+0	0.000000E+0	0.000000E+0	1.402410E-3	6.808135E-4	1.673176E-4
0.000000E+0	0.000000E+0	0.000000E+0	0.000000E+0	1.384833E-3	6.852061E-4	1.277834E-4
0.000000E+0	0.000000E+0	0.000000E+0	0.000000E+0	1.347483E-3	6.610471E-4	1.211944E-4
0.000000E+0	0.000000E+0	0.000000E+0	0.000000E+0	1.422184E-3	6.808135E-4	1.168017E-4
0.000000E+0	0.000000E+0	0.000000E+0	0.000000E+0	1.411198E-3	6.786173E-4	1.475505E-4
0.000000E+0	0.000000E+0	0.000000E+0	0.000000E+0	1.384833E-3	6.698322E-4	1.343724E-4
0.000000E+0	0.000000E+0	0.000000E+0	0.000000E+0	1.391425E-3	6.808135E-4	1.102126E-4
0.000000E+0	0.000000E+0	0.000000E+0	0.000000E+0	1.433169E-3	6.215143E-4	8.824918E-5
0.000000E+0	0.000000E+0	0.000000E+0	0.000000E+0	1.376045E-3	6.632434E-4	8.166014E-5
0.000000E+0	0.000000E+0	0.000000E+0	0.000000E+0	1.343089E-3	6.544583E-4	1.124090E-4
0.000000E+0	0.000000E+0	0.000000E+0	0.000000E+0	1.406804E-3	6.412807E-4	9.044552E-5
0.000000E+0	0.000000E+0	0.000000E+0	0.000000E+0	1.402410E-3	6.346919E-4	6.848206E-5
0.000000E+0	0.000000E+0	0.000000E+0	0.000000E+0	1.369454E-3	6.390844E-4	7.287476E-5
0.000000E+0	0.000000E+0	0.000000E+0	0.000000E+0	1.292556E-3	6.215143E-4	8.605283E-5
0.000000E+0	0.000000E+0	0.000000E+0	0.000000E+0	1.318921E-3	5.863739E-4	7.946379E-5
0.000000E+0	0.000000E+0	0.000000E+0	0.000000E+0	1.419987E-3	5.973553E-4	5.969668E-5
0.000000E+0	0.000000E+0	0.000000E+0	0.000000E+0	1.257403E-3	5.951590E-4	8.385649E-5
0.000000E+0	0.000000E+0	0.000000E+0	0.000000E+0	1.314527E-3	6.061404E-4	9.264187E-5
0.000000E+0	0.000000E+0	0.000000E+0	0.000000E+0	1.327709E-3	5.731963E-4	6.408937E-5
0.000000E+0	0.000000E+0	0.000000E+0	0.000000E+0	1.380439E-3	5.797851E-4	7.726745E-5
0.000000E+0	0.000000E+0	0.000000E+0	0.000000E+0	1.514461E-3	5.600187E-4	5.969668E-5
0.000000E+0	0.000000E+0	0.000000E+0	0.000000E+0	1.417790E-3	5.644112E-4	5.530399E-5
0.000000E+0	0.000000E+0	0.000000E+0	0.000000E+0	1.292556E-3	5.710001E-4	5.091130E-5
0.000000E+0	0.000000E+0	0.000000E+0	0.000000E+0	1.285965E-3	5.490374E-4	6.189303E-5
0.000000E+0	0.000000E+0	0.000000E+0	0.000000E+0	1.318921E-3	5.600187E-4	4.871495E-5
0.000000E+0	0.000000E+0	0.000000E+0	0.000000E+0	1.253008E-3	5.490374E-4	5.530399E-5
0.000000E+0	0.000000E+0	0.000000E+0	0.000000E+0	1.235432E-3	5.402523E-4	6.628572E-5
0.000000E+0	0.000000E+0	0.000000E+0	0.000000E+0	1.321118E-3	5.226821E-4	3.334053E-5
0.000000E+0	0.000000E+0	0.000000E+0	0.000000E+0	1.270585E-3	5.336635E-4	3.553688E-5
0.000000E+0	0.000000E+0	0.000000E+0	0.000000E+0	1.189293E-3	5.336635E-4	2.675149E-5
0.000000E+0	0.000000E+0	0.000000E+0	0.000000E+0	1.204673E-3	5.314672E-4	2.894784E-5
0.000000E+0	0.000000E+0	0.000000E+0	0.000000E+0	1.180505E-3	4.853455E-4	6.984380E-6
0.000000E+0	0.000000E+0	0.000000E+0	0.000000E+0	1.204673E-3	5.007194E-4	2.675149E-5
0.000000E+0	0.000000E+0	0.000000E+0	0.000000E+0	1.059665E-3	5.073082E-4	2.894784E-5
0.000000E+0	0.000000E+0	0.000000E+0	0.000000E+0	1.090424E-3	5.160933E-4	1.796611E-5
0.000000E+0	0.000000E+0	0.000000E+0	0.000000E+0	1.013526E-3	4.809530E-4	-1.801004E-6
0.000000E+0	0.000000E+0	0.000000E+0	0.000000E+0	1.143154E-3	4.765605E-4	-2.815715E-5
0.000000E+0	0.000000E+0	0.000000E+0	0.000000E+0	9.893583E-4	4.853455E-4	3.953423E-7
0.000000E+0	0.000000E+0	0.000000E+0	0.000000E+0	1.020117E-3	4.941306E-4	-3.997349E-6
0.000000E+0	0.000000E+0	0.000000E+0	0.000000E+0	9.542050E-4	4.721679E-4	-3.254985E-5
0.000000E+0	0.000000E+0	0.000000E+0	0.000000E+0	8.817012E-4	4.611866E-4	-2.376446E-5
0.000000E+0	0.000000E+0	0.000000E+0	0.000000E+0	8.860954E-4	4.743642E-4	-3.474619E-5
0.000000E+0	0.000000E+0	0.000000E+0	0.000000E+0	8.948837E-4	4.765605E-4	-3.474619E-5
0.000000E+0	0.000000E+0	0.000000E+0	0.000000E+0	8.509421E-4	4.436164E-4	-4.572792E-5
0.000000E+0	0.000000E+0	0.000000E+0	0.000000E+0	8.838983E-4	4.304388E-4	-4.133523E-5
0.000000E+0	0.000000E+0	0.000000E+0	0.000000E+0	9.651904E-4	4.545978E-4	-3.254985E-5
0.000000E+0	0.000000E+0	0.000000E+0	0.000000E+0	9.915554E-4	4.304388E-4	-3.913888E-5
0.000000E+0	0.000000E+0	0.000000E+0	0.000000E+0	1.134366E-3	4.348313E-4	-4.133523E-5
0.000000E+0	0.000000E+0	0.000000E+0	0.000000E+0	1.103607E-3	4.084761E-4	-5.012061E-5
0.000000E+0	0.000000E+0	0.000000E+0	0.000000E+0	1.059665E-3	4.436164E-4	-5.451330E-5
0.000000E+0	0.000000E+0	0.000000E+0	0.000000E+0	1.035497E-3	4.392239E-4	-5.012061E-5
0.000000E+0	0.000000E+0	0.000000E+0	0.000000E+0	1.077242E-3	4.172612E-4	-5.890600E-5
0.000000E+0	0.000000E+0	0.000000E+0	0.000000E+0	1.053074E-3	3.843171E-4	-6.988773E-5
0.000000E+0	0.000000E+0	0.000000E+0	0.000000E+0	8.838983E-4	4.106724E-4	-4.572792E-5
0.000000E+0	0.000000E+0	0.000000E+0	0.000000E+0	1.114592E-3	3.974948E-4	-5.451330E-5
0.000000E+0	0.000000E+0	0.000000E+0	0.000000E+0	1.125578E-3	4.084761E-4	-5.670965E-5
0.000000E+0	0.000000E+0	0.000000E+0	0.000000E+0	1.061862E-3	3.689432E-4	-8.526215E-5
0.000000E+0	0.000000E+0	0.000000E+0	0.000000E+0	1.042088E-3	3.843171E-4	-8.965484E-5
0.000000E+0	0.000000E+0	0.000000E+0	0.000000E+0	8.904896E-4	3.887097E-4	-6.988773E-5
0.000000E+0	0.000000E+0	0.000000E+0	0.000000E+0	9.805700E-4	3.733358E-4	-5.451330E-5
0.000000E+0	0.000000E+0	0.000000E+0	0.000000E+0	8.685187E-4	3.623544E-4	-8.965484E-5
0.000000E+0	0.000000E+0	0.000000E+0	0.000000E+0	8.553362E-4	3.557656E-4	-9.185118E-5
0.000000E+0	0.000000E+0	0.000000E+0	0.000000E+0	7.740441E-4	3.667470E-4	-9.404753E-5
0.000000E+0	0.000000E+0	0.000000E+0	0.000000E+0	7.850295E-4	3.579619E-4	-9.624388E-5
0.000000E+0	0.000000E+0	0.000000E+0	0.000000E+0	7.982120E-4	3.535694E-4	-1.182073E-4
0.000000E+0	0.000000E+0	0.000000E+0	0.000000E+0	8.465479E-4	3.491768E-4	-8.526215E-5
0.000000E+0	0.000000E+0	0.000000E+0	0.000000E+0	8.048033E-4	3.381955E-4	-7.867311E-5
0.000000E+0	0.000000E+0	0.000000E+0	0.000000E+0	8.311683E-4	3.579619E-4	-1.072256E-4
0.000000E+0	0.000000E+0	0.000000E+0	0.000000E+0	8.311683E-4	3.162328E-4	-1.138146E-4
0.000000E+0	0.000000E+0	0.000000E+0	0.000000E+0	7.762412E-4	3.272141E-4	-1.116183E-4
0.000000E+0	0.000000E+0	0.000000E+0	0.000000E+0	8.311683E-4	3.338029E-4	-9.185118E-5
0.000000E+0	0.000000E+0	0.000000E+0	0.000000E+0	8.267741E-4	3.316067E-4	-1.072256E-4
0.000000E+0	0.000000E+0	0.000000E+0	0.000000E+0	8.575333E-4	3.118402E-4	-1.291891E-4
0.000000E+0	0.000000E+0	0.000000E+0	0.000000E+0	8.575333E-4	3.184290E-4	-1.379744E-4
0.000000E+0	0.000000E+0	0.000000E+0	0.000000E+0	8.289712E-4	3.206253E-4	-1.006366E-4
0.000000E+0	0.000000E+0	0.000000E+0	0.000000E+0	8.729129E-4	3.250179E-4	-1.489562E-4
0.000000E+0	0.000000E+0	0.000000E+0	0.000000E+0	9.476137E-4	2.810925E-4	-1.313854E-4
0.000000E+0	0.000000E+0	0.000000E+0	0.000000E+0	9.212487E-4	2.745037E-4	-1.423671E-4
0.000000E+0	0.000000E+0	0.000000E+0	0.000000E+0	8.641246E-4	2.854850E-4	-1.094220E-4
0.000000E+0	0.000000E+0	0.000000E+0	0.000000E+0	9.080662E-4	2.964663E-4	-1.511525E-4
0.000000E+0	0.000000E+0	0.000000E+0	0.000000E+0	8.838983E-4	2.942701E-4	-1.335818E-4
0.000000E+0	0.000000E+0	0.000000E+0	0.000000E+0	8.817012E-4	2.832887E-4	-1.511525E-4
0.000000E+0	0.000000E+0	0.000000E+0	0.000000E+0	8.926866E-4	2.613260E-4	-1.511525E-4
0.000000E+0	0.000000E+0	0.000000E+0	0.000000E+0	8.091975E-4	2.876813E-4	-1.687233E-4
0.000000E+0	0.000000E+0	0.000000E+0	0.000000E+0	7.520733E-4	2.701111E-4	-1.884904E-4
0.000000E+0	0.000000E+0	0.000000E+0	0.000000E+0	7.872266E-4	2.723074E-4	-1.709196E-4
0.000000E+0	0.000000E+0	0.000000E+0	0.000000E+0	7.652558E-4	2.635223E-4	-1.445635E-4
0.000000E+0	0.000000E+0	0.000000E+0	0.000000E+0	7.235112E-4	2.876813E-4	-1.643306E-4
0.000000E+0	0.000000E+0	0.000000E+0	0.000000E+0	7.191170E-4	2.437559E-4	-1.731160E-4
0.000000E+0	0.000000E+0	0.000000E+0	0.000000E+0	7.608616E-4	2.547372E-4	-1.775087E-4
