This is a C(T) experiment being done in Physics 350.
It records the decay response of an RC circuit where the capacitance is a strong function of temperature.

10/24/2002
5:10 PM

Start temp = 40.0
Temp step = 10.0
End temp = 60.0
Num temps = 3
Num avg cycles = 100
Num points per meas = 1000
Meas time interval = 2.00E-5

DDD

1.000000E+2	3.000000E+0	4.000000E+1	1.277130E-8	1.000000E+0	1.000000E+0	1.000000E+0
1.000000E+3	0.000000E+0	5.000000E+1	1.174807E-8	9.841223E-1	9.824995E-1	9.797261E-1
2.000000E-5	0.000000E+0	6.000000E+1	1.013389E-8	9.681556E-1	9.651972E-1	9.596509E-1
0.000000E+0	0.000000E+0	0.000000E+0	0.000000E+0	9.523670E-1	9.479939E-1	9.401316E-1
0.000000E+0	0.000000E+0	0.000000E+0	0.000000E+0	9.366773E-1	9.317710E-1	9.212874E-1
0.000000E+0	0.000000E+0	0.000000E+0	0.000000E+0	9.218284E-1	9.152016E-1	9.026220E-1
0.000000E+0	0.000000E+0	0.000000E+0	0.000000E+0	9.069697E-1	8.993353E-1	8.845423E-1
0.000000E+0	0.000000E+0	0.000000E+0	0.000000E+0	8.921704E-1	8.835780E-1	8.668300E-1
0.000000E+0	0.000000E+0	0.000000E+0	0.000000E+0	8.780041E-1	8.685139E-1	8.494155E-1
0.000000E+0	0.000000E+0	0.000000E+0	0.000000E+0	8.640060E-1	8.533608E-1	8.324677E-1
0.000000E+0	0.000000E+0	0.000000E+0	0.000000E+0	8.502058E-1	8.386037E-1	8.158376E-1
0.000000E+0	0.000000E+0	0.000000E+0	0.000000E+0	8.366529E-1	8.240448E-1	7.997734E-1
0.000000E+0	0.000000E+0	0.000000E+0	0.000000E+0	8.230802E-1	8.098226E-1	7.838581E-1
0.000000E+0	0.000000E+0	0.000000E+0	0.000000E+0	8.100417E-1	7.960758E-1	7.682010E-1
0.000000E+0	0.000000E+0	0.000000E+0	0.000000E+0	7.972605E-1	7.823586E-1	7.530204E-1
0.000000E+0	0.000000E+0	0.000000E+0	0.000000E+0	7.846276E-1	7.688693E-1	7.383760E-1
0.000000E+0	0.000000E+0	0.000000E+0	0.000000E+0	7.723706E-1	7.556177E-1	7.237415E-1
0.000000E+0	0.000000E+0	0.000000E+0	0.000000E+0	7.600939E-1	7.430595E-1	7.094743E-1
0.000000E+0	0.000000E+0	0.000000E+0	0.000000E+0	7.478666E-1	7.303625E-1	6.955646E-1
0.000000E+0	0.000000E+0	0.000000E+0	0.000000E+0	7.366879E-1	7.177843E-1	6.818733E-1
0.000000E+0	0.000000E+0	0.000000E+0	0.000000E+0	7.249750E-1	7.056023E-1	6.685792E-1
0.000000E+0	0.000000E+0	0.000000E+0	0.000000E+0	7.133215E-1	6.935788E-1	6.554140E-1
0.000000E+0	0.000000E+0	0.000000E+0	0.000000E+0	7.022319E-1	6.816841E-1	6.425369E-1
0.000000E+0	0.000000E+0	0.000000E+0	0.000000E+0	6.913005E-1	6.702845E-1	6.299973E-1
0.000000E+0	0.000000E+0	0.000000E+0	0.000000E+0	6.804384E-1	6.589741E-1	6.177654E-1
0.000000E+0	0.000000E+0	0.000000E+0	0.000000E+0	6.698138E-1	6.477627E-1	6.057322E-1
0.000000E+0	0.000000E+0	0.000000E+0	0.000000E+0	6.595947E-1	6.367297E-1	5.938777E-1
0.000000E+0	0.000000E+0	0.000000E+0	0.000000E+0	6.489798E-1	6.259144E-1	5.823408E-1
0.000000E+0	0.000000E+0	0.000000E+0	0.000000E+0	6.388993E-1	6.155845E-1	5.709330E-1
0.000000E+0	0.000000E+0	0.000000E+0	0.000000E+0	6.290066E-1	6.052447E-1	5.598728E-1
0.000000E+0	0.000000E+0	0.000000E+0	0.000000E+0	6.191140E-1	5.949643E-1	5.491203E-1
0.000000E+0	0.000000E+0	0.000000E+0	0.000000E+0	6.098050E-1	5.849117E-1	5.384870E-1
0.000000E+0	0.000000E+0	0.000000E+0	0.000000E+0	6.002982E-1	5.750968E-1	5.280125E-1
0.000000E+0	0.000000E+0	0.000000E+0	0.000000E+0	5.909299E-1	5.653611E-1	5.178556E-1
0.000000E+0	0.000000E+0	0.000000E+0	0.000000E+0	5.816209E-1	5.559127E-1	5.077584E-1
0.000000E+0	0.000000E+0	0.000000E+0	0.000000E+0	5.726187E-1	5.467811E-1	4.979492E-1
0.000000E+0	0.000000E+0	0.000000E+0	0.000000E+0	5.637648E-1	5.376100E-1	4.885370E-1
0.000000E+0	0.000000E+0	0.000000E+0	0.000000E+0	5.550691E-1	5.285874E-1	4.791844E-1
0.000000E+0	0.000000E+0	0.000000E+0	0.000000E+0	5.468780E-1	5.198223E-1	4.699212E-1
0.000000E+0	0.000000E+0	0.000000E+0	0.000000E+0	5.381923E-1	5.110275E-1	4.608169E-1
0.000000E+0	0.000000E+0	0.000000E+0	0.000000E+0	5.300704E-1	5.025496E-1	4.519210E-1
0.000000E+0	0.000000E+0	0.000000E+0	0.000000E+0	5.220574E-1	4.941312E-1	4.432535E-1
0.000000E+0	0.000000E+0	0.000000E+0	0.000000E+0	5.139455E-1	4.861288E-1	4.347250E-1
0.000000E+0	0.000000E+0	0.000000E+0	0.000000E+0	5.060808E-1	4.780471E-1	4.266035E-1
0.000000E+0	0.000000E+0	0.000000E+0	0.000000E+0	4.982854E-1	4.701040E-1	4.184820E-1
0.000000E+0	0.000000E+0	0.000000E+0	0.000000E+0	4.904999E-1	4.622898E-1	4.103804E-1
0.000000E+0	0.000000E+0	0.000000E+0	0.000000E+0	4.834663E-1	4.545448E-1	4.025966E-1
0.000000E+0	0.000000E+0	0.000000E+0	0.000000E+0	4.757302E-1	4.471564E-1	3.948623E-1
0.000000E+0	0.000000E+0	0.000000E+0	0.000000E+0	4.687164E-1	4.395798E-1	3.872869E-1
0.000000E+0	0.000000E+0	0.000000E+0	0.000000E+0	4.616332E-1	4.323993E-1	3.799697E-1
0.000000E+0	0.000000E+0	0.000000E+0	0.000000E+0	4.545402E-1	4.254566E-1	3.726822E-1
0.000000E+0	0.000000E+0	0.000000E+0	0.000000E+0	4.476154E-1	4.184644E-1	3.655536E-1
0.000000E+0	0.000000E+0	0.000000E+0	0.000000E+0	4.407697E-1	4.115315E-1	3.588320E-1
0.000000E+0	0.000000E+0	0.000000E+0	0.000000E+0	4.340922E-1	4.046977E-1	3.520807E-1
0.000000E+0	0.000000E+0	0.000000E+0	0.000000E+0	4.273058E-1	3.979828E-1	3.453194E-1
0.000000E+0	0.000000E+0	0.000000E+0	0.000000E+0	4.211922E-1	3.915452E-1	3.387865E-1
0.000000E+0	0.000000E+0	0.000000E+0	0.000000E+0	4.146729E-1	3.849887E-1	3.323629E-1
0.000000E+0	0.000000E+0	0.000000E+0	0.000000E+0	4.083911E-1	3.787788E-1	3.260285E-1
0.000000E+0	0.000000E+0	0.000000E+0	0.000000E+0	4.023962E-1	3.724304E-1	3.198828E-1
0.000000E+0	0.000000E+0	0.000000E+0	0.000000E+0	3.963320E-1	3.663097E-1	3.138364E-1
0.000000E+0	0.000000E+0	0.000000E+0	0.000000E+0	3.902480E-1	3.605356E-1	3.079588E-1
0.000000E+0	0.000000E+0	0.000000E+0	0.000000E+0	3.844608E-1	3.545932E-1	3.021308E-1
0.000000E+0	0.000000E+0	0.000000E+0	0.000000E+0	3.786539E-1	3.488488E-1	2.966404E-1
0.000000E+0	0.000000E+0	0.000000E+0	0.000000E+0	3.727875E-1	3.431738E-1	2.910308E-1
0.000000E+0	0.000000E+0	0.000000E+0	0.000000E+0	3.670696E-1	3.375582E-1	2.856297E-1
0.000000E+0	0.000000E+0	0.000000E+0	0.000000E+0	3.618859E-1	3.320021E-1	2.802386E-1
0.000000E+0	0.000000E+0	0.000000E+0	0.000000E+0	3.563559E-1	3.265747E-1	2.749170E-1
0.000000E+0	0.000000E+0	0.000000E+0	0.000000E+0	3.510040E-1	3.213750E-1	2.697641E-1
0.000000E+0	0.000000E+0	0.000000E+0	0.000000E+0	3.459192E-1	3.160368E-1	2.647105E-1
0.000000E+0	0.000000E+0	0.000000E+0	0.000000E+0	3.406068E-1	3.108767E-1	2.597662E-1
0.000000E+0	0.000000E+0	0.000000E+0	0.000000E+0	3.355220E-1	3.058851E-1	2.549410E-1
0.000000E+0	0.000000E+0	0.000000E+0	0.000000E+0	3.303185E-1	3.007944E-1	2.501554E-1
0.000000E+0	0.000000E+0	0.000000E+0	0.000000E+0	3.253821E-1	2.962485E-1	2.454395E-1
0.000000E+0	0.000000E+0	0.000000E+0	0.000000E+0	3.206831E-1	2.915242E-1	2.409518E-1
0.000000E+0	0.000000E+0	0.000000E+0	0.000000E+0	3.159940E-1	2.867505E-1	2.366627E-1
0.000000E+0	0.000000E+0	0.000000E+0	0.000000E+0	3.113543E-1	2.821649E-1	2.323339E-1
0.000000E+0	0.000000E+0	0.000000E+0	0.000000E+0	3.065069E-1	2.775793E-1	2.280051E-1
0.000000E+0	0.000000E+0	0.000000E+0	0.000000E+0	3.019662E-1	2.730730E-1	2.237359E-1
0.000000E+0	0.000000E+0	0.000000E+0	0.000000E+0	2.976431E-1	2.687152E-1	2.195958E-1
0.000000E+0	0.000000E+0	0.000000E+0	0.000000E+0	2.934981E-1	2.642782E-1	2.155847E-1
0.000000E+0	0.000000E+0	0.000000E+0	0.000000E+0	2.888882E-1	2.600789E-1	2.115339E-1
0.000000E+0	0.000000E+0	0.000000E+0	0.000000E+0	2.847332E-1	2.559984E-1	2.076121E-1
0.000000E+0	0.000000E+0	0.000000E+0	0.000000E+0	2.806575E-1	2.518784E-1	2.038195E-1
0.000000E+0	0.000000E+0	0.000000E+0	0.000000E+0	2.763344E-1	2.477385E-1	2.001063E-1
0.000000E+0	0.000000E+0	0.000000E+0	0.000000E+0	2.721795E-1	2.437769E-1	1.964228E-1
0.000000E+0	0.000000E+0	0.000000E+0	0.000000E+0	2.680939E-1	2.399242E-1	1.927493E-1
0.000000E+0	0.000000E+0	0.000000E+0	0.000000E+0	2.640873E-1	2.363092E-1	1.892247E-1
0.000000E+0	0.000000E+0	0.000000E+0	0.000000E+0	2.602787E-1	2.325853E-1	1.857597E-1
0.000000E+0	0.000000E+0	0.000000E+0	0.000000E+0	2.565788E-1	2.288218E-1	1.824237E-1
0.000000E+0	0.000000E+0	0.000000E+0	0.000000E+0	2.529581E-1	2.252563E-1	1.789786E-1
0.000000E+0	0.000000E+0	0.000000E+0	0.000000E+0	2.491198E-1	2.215522E-1	1.756922E-1
0.000000E+0	0.000000E+0	0.000000E+0	0.000000E+0	2.452814E-1	2.182640E-1	1.727435E-1
0.000000E+0	0.000000E+0	0.000000E+0	0.000000E+0	2.418685E-1	2.145896E-1	1.695863E-1
0.000000E+0	0.000000E+0	0.000000E+0	0.000000E+0	2.382874E-1	2.112817E-1	1.664886E-1
0.000000E+0	0.000000E+0	0.000000E+0	0.000000E+0	2.352404E-1	2.078351E-1	1.634604E-1
0.000000E+0	0.000000E+0	0.000000E+0	0.000000E+0	2.315604E-1	2.045965E-1	1.605216E-1
0.000000E+0	0.000000E+0	0.000000E+0	0.000000E+0	2.283255E-1	2.013975E-1	1.575729E-1
0.000000E+0	0.000000E+0	0.000000E+0	0.000000E+0	2.250708E-1	1.980796E-1	1.547135E-1
0.000000E+0	0.000000E+0	0.000000E+0	0.000000E+0	2.216084E-1	1.949301E-1	1.518442E-1
0.000000E+0	0.000000E+0	0.000000E+0	0.000000E+0	2.184625E-1	1.919193E-1	1.491436E-1
0.000000E+0	0.000000E+0	0.000000E+0	0.000000E+0	2.153464E-1	1.888887E-1	1.464233E-1
0.000000E+0	0.000000E+0	0.000000E+0	0.000000E+0	2.122796E-1	1.859075E-1	1.437823E-1
0.000000E+0	0.000000E+0	0.000000E+0	0.000000E+0	2.092327E-1	1.829958E-1	1.412009E-1
0.000000E+0	0.000000E+0	0.000000E+0	0.000000E+0	2.059582E-1	1.801137E-1	1.386592E-1
0.000000E+0	0.000000E+0	0.000000E+0	0.000000E+0	2.029707E-1	1.773108E-1	1.362069E-1
0.000000E+0	0.000000E+0	0.000000E+0	0.000000E+0	2.001216E-1	1.745872E-1	1.337248E-1
0.000000E+0	0.000000E+0	0.000000E+0	0.000000E+0	1.973615E-1	1.719725E-1	1.313320E-1
0.000000E+0	0.000000E+0	0.000000E+0	0.000000E+0	1.944729E-1	1.692588E-1	1.289393E-1
0.000000E+0	0.000000E+0	0.000000E+0	0.000000E+0	1.917030E-1	1.667432E-1	1.266458E-1
0.000000E+0	0.000000E+0	0.000000E+0	0.000000E+0	1.888242E-1	1.640691E-1	1.244218E-1
0.000000E+0	0.000000E+0	0.000000E+0	0.000000E+0	1.859553E-1	1.614743E-1	1.221681E-1
0.000000E+0	0.000000E+0	0.000000E+0	0.000000E+0	1.835416E-1	1.589884E-1	1.199441E-1
0.000000E+0	0.000000E+0	0.000000E+0	0.000000E+0	1.808508E-1	1.565420E-1	1.178691E-1
0.000000E+0	0.000000E+0	0.000000E+0	0.000000E+0	1.781006E-1	1.540958E-1	1.157245E-1
0.000000E+0	0.000000E+0	0.000000E+0	0.000000E+0	1.757462E-1	1.516296E-1	1.136296E-1
0.000000E+0	0.000000E+0	0.000000E+0	0.000000E+0	1.730356E-1	1.492725E-1	1.117234E-1
0.000000E+0	0.000000E+0	0.000000E+0	0.000000E+0	1.709482E-1	1.470639E-1	1.098271E-1
0.000000E+0	0.000000E+0	0.000000E+0	0.000000E+0	1.684751E-1	1.447067E-1	1.078712E-1
0.000000E+0	0.000000E+0	0.000000E+0	0.000000E+0	1.660217E-1	1.423694E-1	1.059450E-1
0.000000E+0	0.000000E+0	0.000000E+0	0.000000E+0	1.637860E-1	1.402499E-1	1.041083E-1
0.000000E+0	0.000000E+0	0.000000E+0	0.000000E+0	1.612436E-1	1.381304E-1	1.022815E-1
0.000000E+0	0.000000E+0	0.000000E+0	0.000000E+0	1.590870E-1	1.360308E-1	1.005440E-1
0.000000E+0	0.000000E+0	0.000000E+0	0.000000E+0	1.569403E-1	1.339014E-1	9.872708E-2
0.000000E+0	0.000000E+0	0.000000E+0	0.000000E+0	1.544572E-1	1.318117E-1	9.695981E-2
0.000000E+0	0.000000E+0	0.000000E+0	0.000000E+0	1.522610E-1	1.298110E-1	9.531170E-2
0.000000E+0	0.000000E+0	0.000000E+0	0.000000E+0	1.502034E-1	1.277807E-1	9.370329E-2
0.000000E+0	0.000000E+0	0.000000E+0	0.000000E+0	1.481853E-1	1.257999E-1	9.200553E-2
0.000000E+0	0.000000E+0	0.000000E+0	0.000000E+0	1.461276E-1	1.238686E-1	9.047655E-2
0.000000E+0	0.000000E+0	0.000000E+0	0.000000E+0	1.440996E-1	1.221651E-1	8.877879E-2
0.000000E+0	0.000000E+0	0.000000E+0	0.000000E+0	1.419529E-1	1.202041E-1	8.719024E-2
0.000000E+0	0.000000E+0	0.000000E+0	0.000000E+0	1.399843E-1	1.183620E-1	8.579034E-2
0.000000E+0	0.000000E+0	0.000000E+0	0.000000E+0	1.380552E-1	1.165297E-1	8.424150E-2
0.000000E+0	0.000000E+0	0.000000E+0	0.000000E+0	1.360866E-1	1.147074E-1	8.284159E-2
0.000000E+0	0.000000E+0	0.000000E+0	0.000000E+0	1.342268E-1	1.130039E-1	8.138211E-2
0.000000E+0	0.000000E+0	0.000000E+0	0.000000E+0	1.323175E-1	1.113202E-1	8.002192E-2
0.000000E+0	0.000000E+0	0.000000E+0	0.000000E+0	1.304082E-1	1.097455E-1	7.856244E-2
0.000000E+0	0.000000E+0	0.000000E+0	0.000000E+0	1.284891E-1	1.080915E-1	7.720225E-2
0.000000E+0	0.000000E+0	0.000000E+0	0.000000E+0	1.265897E-1	1.064672E-1	7.592148E-2
0.000000E+0	0.000000E+0	0.000000E+0	0.000000E+0	1.250365E-1	1.048925E-1	7.463078E-2
0.000000E+0	0.000000E+0	0.000000E+0	0.000000E+0	1.234043E-1	1.033772E-1	7.329044E-2
0.000000E+0	0.000000E+0	0.000000E+0	0.000000E+0	1.215148E-1	1.017628E-1	7.205932E-2
0.000000E+0	0.000000E+0	0.000000E+0	0.000000E+0	1.196747E-1	1.002871E-1	7.081827E-2
0.000000E+0	0.000000E+0	0.000000E+0	0.000000E+0	1.182502E-1	9.875196E-2	6.960700E-2
0.000000E+0	0.000000E+0	0.000000E+0	0.000000E+0	1.165586E-1	9.728616E-2	6.840566E-2
0.000000E+0	0.000000E+0	0.000000E+0	0.000000E+0	1.148372E-1	9.578075E-2	6.723411E-2
0.000000E+0	0.000000E+0	0.000000E+0	0.000000E+0	1.134622E-1	9.431496E-2	6.622140E-2
0.000000E+0	0.000000E+0	0.000000E+0	0.000000E+0	1.116221E-1	9.292839E-2	6.502006E-2
0.000000E+0	0.000000E+0	0.000000E+0	0.000000E+0	1.102471E-1	9.159134E-2	6.386837E-2
0.000000E+0	0.000000E+0	0.000000E+0	0.000000E+0	1.087335E-1	9.018497E-2	6.287552E-2
0.000000E+0	0.000000E+0	0.000000E+0	0.000000E+0	1.075365E-1	8.888754E-2	6.182311E-2
0.000000E+0	0.000000E+0	0.000000E+0	0.000000E+0	1.058152E-1	8.751088E-2	6.082034E-2
0.000000E+0	0.000000E+0	0.000000E+0	0.000000E+0	1.045885E-1	8.618373E-2	5.974807E-2
0.000000E+0	0.000000E+0	0.000000E+0	0.000000E+0	1.028968E-1	8.491602E-2	5.876515E-2
0.000000E+0	0.000000E+0	0.000000E+0	0.000000E+0	1.017097E-1	8.365820E-2	5.774252E-2
0.000000E+0	0.000000E+0	0.000000E+0	0.000000E+0	1.002060E-1	8.244000E-2	5.678940E-2
0.000000E+0	0.000000E+0	0.000000E+0	0.000000E+0	9.876171E-2	8.119210E-2	5.584620E-2
0.000000E+0	0.000000E+0	0.000000E+0	0.000000E+0	9.768342E-2	8.005314E-2	5.492285E-2
0.000000E+0	0.000000E+0	0.000000E+0	0.000000E+0	9.612039E-2	7.888445E-2	5.398958E-2
0.000000E+0	0.000000E+0	0.000000E+0	0.000000E+0	9.482445E-2	7.770588E-2	5.306624E-2
0.000000E+0	0.000000E+0	0.000000E+0	0.000000E+0	9.371648E-2	7.655700E-2	5.216275E-2
0.000000E+0	0.000000E+0	0.000000E+0	0.000000E+0	9.240076E-2	7.543785E-2	5.123940E-2
0.000000E+0	0.000000E+0	0.000000E+0	0.000000E+0	9.089708E-2	7.423946E-2	5.046499E-2
0.000000E+0	0.000000E+0	0.000000E+0	0.000000E+0	8.987813E-2	7.322925E-2	4.967071E-2
0.000000E+0	0.000000E+0	0.000000E+0	0.000000E+0	8.873059E-2	7.221904E-2	4.890623E-2
0.000000E+0	0.000000E+0	0.000000E+0	0.000000E+0	8.751380E-2	7.111969E-2	4.808217E-2
0.000000E+0	0.000000E+0	0.000000E+0	0.000000E+0	8.616840E-2	7.011938E-2	4.720846E-2
0.000000E+0	0.000000E+0	0.000000E+0	0.000000E+0	8.500107E-2	6.902993E-2	4.659290E-2
0.000000E+0	0.000000E+0	0.000000E+0	0.000000E+0	8.393267E-2	6.805934E-2	4.589791E-2
0.000000E+0	0.000000E+0	0.000000E+0	0.000000E+0	8.289394E-2	6.709865E-2	4.514335E-2
0.000000E+0	0.000000E+0	0.000000E+0	0.000000E+0	8.187500E-2	6.613795E-2	4.444836E-2
0.000000E+0	0.000000E+0	0.000000E+0	0.000000E+0	8.085606E-2	6.518716E-2	4.374344E-2
0.000000E+0	0.000000E+0	0.000000E+0	0.000000E+0	7.959969E-2	6.419676E-2	4.307824E-2
0.000000E+0	0.000000E+0	0.000000E+0	0.000000E+0	7.841258E-2	6.326578E-2	4.235346E-2
0.000000E+0	0.000000E+0	0.000000E+0	0.000000E+0	7.740353E-2	6.238432E-2	4.160883E-2
0.000000E+0	0.000000E+0	0.000000E+0	0.000000E+0	7.636481E-2	6.142363E-2	4.100320E-2
0.000000E+0	0.000000E+0	0.000000E+0	0.000000E+0	7.534587E-2	6.052236E-2	4.032806E-2
0.000000E+0	0.000000E+0	0.000000E+0	0.000000E+0	7.430714E-2	5.965080E-2	3.973236E-2
0.000000E+0	0.000000E+0	0.000000E+0	0.000000E+0	7.337723E-2	5.883867E-2	3.901751E-2
0.000000E+0	0.000000E+0	0.000000E+0	0.000000E+0	7.228904E-2	5.808597E-2	3.841188E-2
0.000000E+0	0.000000E+0	0.000000E+0	0.000000E+0	7.144817E-2	5.725403E-2	3.784595E-2
0.000000E+0	0.000000E+0	0.000000E+0	0.000000E+0	7.058751E-2	5.641218E-2	3.720061E-2
0.000000E+0	0.000000E+0	0.000000E+0	0.000000E+0	6.975653E-2	5.551092E-2	3.661483E-2
0.000000E+0	0.000000E+0	0.000000E+0	0.000000E+0	6.881673E-2	5.476811E-2	3.600920E-2
0.000000E+0	0.000000E+0	0.000000E+0	0.000000E+0	6.794618E-2	5.412435E-2	3.551278E-2
0.000000E+0	0.000000E+0	0.000000E+0	0.000000E+0	6.705584E-2	5.330231E-2	3.492700E-2
0.000000E+0	0.000000E+0	0.000000E+0	0.000000E+0	6.609625E-2	5.250999E-2	3.443058E-2
0.000000E+0	0.000000E+0	0.000000E+0	0.000000E+0	6.514657E-2	5.162853E-2	3.391430E-2
0.000000E+0	0.000000E+0	0.000000E+0	0.000000E+0	6.421666E-2	5.108381E-2	3.333845E-2
0.000000E+0	0.000000E+0	0.000000E+0	0.000000E+0	6.340546E-2	5.041033E-2	3.279239E-2
0.000000E+0	0.000000E+0	0.000000E+0	0.000000E+0	6.266352E-2	4.957839E-2	3.230589E-2
0.000000E+0	0.000000E+0	0.000000E+0	0.000000E+0	6.201060E-2	4.896434E-2	3.179954E-2
0.000000E+0	0.000000E+0	0.000000E+0	0.000000E+0	6.114994E-2	4.831068E-2	3.137262E-2
0.000000E+0	0.000000E+0	0.000000E+0	0.000000E+0	6.025961E-2	4.752826E-2	3.083649E-2
0.000000E+0	0.000000E+0	0.000000E+0	0.000000E+0	5.942862E-2	4.687459E-2	3.041949E-2
0.000000E+0	0.000000E+0	0.000000E+0	0.000000E+0	5.878560E-2	4.648833E-2	2.992307E-2
0.000000E+0	0.000000E+0	0.000000E+0	0.000000E+0	5.809312E-2	4.577524E-2	2.952593E-2
0.000000E+0	0.000000E+0	0.000000E+0	0.000000E+0	5.719289E-2	4.528994E-2	2.896001E-2
0.000000E+0	0.000000E+0	0.000000E+0	0.000000E+0	5.631245E-2	4.458676E-2	2.870187E-2
0.000000E+0	0.000000E+0	0.000000E+0	0.000000E+0	5.583760E-2	4.402223E-2	2.808631E-2
0.000000E+0	0.000000E+0	0.000000E+0	0.000000E+0	5.513522E-2	4.349731E-2	2.776860E-2
0.000000E+0	0.000000E+0	0.000000E+0	0.000000E+0	5.423500E-2	4.272480E-2	2.728211E-2
0.000000E+0	0.000000E+0	0.000000E+0	0.000000E+0	5.361176E-2	4.229892E-2	2.688497E-2
0.000000E+0	0.000000E+0	0.000000E+0	0.000000E+0	5.311713E-2	4.158583E-2	2.654740E-2
0.000000E+0	0.000000E+0	0.000000E+0	0.000000E+0	5.225647E-2	4.109063E-2	2.609070E-2
0.000000E+0	0.000000E+0	0.000000E+0	0.000000E+0	5.157388E-2	4.053601E-2	2.574320E-2
0.000000E+0	0.000000E+0	0.000000E+0	0.000000E+0	5.112871E-2	3.984272E-2	2.534606E-2
0.000000E+0	0.000000E+0	0.000000E+0	0.000000E+0	5.027794E-2	3.952579E-2	2.490921E-2
0.000000E+0	0.000000E+0	0.000000E+0	0.000000E+0	4.971406E-2	3.877309E-2	2.467093E-2
0.000000E+0	0.000000E+0	0.000000E+0	0.000000E+0	4.918975E-2	3.838683E-2	2.417451E-2
0.000000E+0	0.000000E+0	0.000000E+0	0.000000E+0	4.837856E-2	3.783220E-2	2.386673E-2
0.000000E+0	0.000000E+0	0.000000E+0	0.000000E+0	4.777511E-2	3.743604E-2	2.357880E-2
0.000000E+0	0.000000E+0	0.000000E+0	0.000000E+0	4.728048E-2	3.680218E-2	2.314195E-2
0.000000E+0	0.000000E+0	0.000000E+0	0.000000E+0	4.646928E-2	3.635650E-2	2.284410E-2
0.000000E+0	0.000000E+0	0.000000E+0	0.000000E+0	4.632089E-2	3.576225E-2	2.263560E-2
0.000000E+0	0.000000E+0	0.000000E+0	0.000000E+0	4.568776E-2	3.547504E-2	2.214911E-2
0.000000E+0	0.000000E+0	0.000000E+0	0.000000E+0	4.529206E-2	3.481147E-2	2.184133E-2
0.000000E+0	0.000000E+0	0.000000E+0	0.000000E+0	4.440172E-2	3.454406E-2	2.167255E-2
0.000000E+0	0.000000E+0	0.000000E+0	0.000000E+0	4.419398E-2	3.399934E-2	2.119598E-2
0.000000E+0	0.000000E+0	0.000000E+0	0.000000E+0	4.341246E-2	3.362298E-2	2.090806E-2
0.000000E+0	0.000000E+0	0.000000E+0	0.000000E+0	4.307611E-2	3.313769E-2	2.067970E-2
0.000000E+0	0.000000E+0	0.000000E+0	0.000000E+0	4.237373E-2	3.269200E-2	2.026271E-2
0.000000E+0	0.000000E+0	0.000000E+0	0.000000E+0	4.194835E-2	3.231565E-2	1.998471E-2
0.000000E+0	0.000000E+0	0.000000E+0	0.000000E+0	4.137458E-2	3.174121E-2	1.983579E-2
0.000000E+0	0.000000E+0	0.000000E+0	0.000000E+0	4.092941E-2	3.148371E-2	1.957765E-2
0.000000E+0	0.000000E+0	0.000000E+0	0.000000E+0	4.038531E-2	3.093899E-2	1.914080E-2
0.000000E+0	0.000000E+0	0.000000E+0	0.000000E+0	3.995004E-2	3.072110E-2	1.893230E-2
0.000000E+0	0.000000E+0	0.000000E+0	0.000000E+0	3.939605E-2	3.024570E-2	1.884294E-2
0.000000E+0	0.000000E+0	0.000000E+0	0.000000E+0	3.903002E-2	2.977031E-2	1.851531E-2
0.000000E+0	0.000000E+0	0.000000E+0	0.000000E+0	3.842657E-2	2.960194E-2	1.809831E-2
0.000000E+0	0.000000E+0	0.000000E+0	0.000000E+0	3.817926E-2	2.896808E-2	1.789974E-2
0.000000E+0	0.000000E+0	0.000000E+0	0.000000E+0	3.748677E-2	2.875019E-2	1.780046E-2
0.000000E+0	0.000000E+0	0.000000E+0	0.000000E+0	3.726914E-2	2.839365E-2	1.752246E-2
0.000000E+0	0.000000E+0	0.000000E+0	0.000000E+0	3.649751E-2	2.783902E-2	1.703597E-2
0.000000E+0	0.000000E+0	0.000000E+0	0.000000E+0	3.636891E-2	2.773008E-2	1.693669E-2
0.000000E+0	0.000000E+0	0.000000E+0	0.000000E+0	3.564674E-2	2.736363E-2	1.680762E-2
0.000000E+0	0.000000E+0	0.000000E+0	0.000000E+0	3.541921E-2	2.682881E-2	1.658919E-2
0.000000E+0	0.000000E+0	0.000000E+0	0.000000E+0	3.509276E-2	2.669015E-2	1.629134E-2
0.000000E+0	0.000000E+0	0.000000E+0	0.000000E+0	3.446952E-2	2.622466E-2	1.598356E-2
0.000000E+0	0.000000E+0	0.000000E+0	0.000000E+0	3.433102E-2	2.585821E-2	1.590413E-2
0.000000E+0	0.000000E+0	0.000000E+0	0.000000E+0	3.354951E-2	2.572946E-2	1.577506E-2
0.000000E+0	0.000000E+0	0.000000E+0	0.000000E+0	3.341101E-2	2.530359E-2	1.551692E-2
0.000000E+0	0.000000E+0	0.000000E+0	0.000000E+0	3.301531E-2	2.486781E-2	1.514957E-2
0.000000E+0	0.000000E+0	0.000000E+0	0.000000E+0	3.250089E-2	2.469944E-2	1.494107E-2
0.000000E+0	0.000000E+0	0.000000E+0	0.000000E+0	3.232282E-2	2.442213E-2	1.488150E-2
0.000000E+0	0.000000E+0	0.000000E+0	0.000000E+0	3.167980E-2	2.393683E-2	1.474250E-2
0.000000E+0	0.000000E+0	0.000000E+0	0.000000E+0	3.147206E-2	2.375856E-2	1.448436E-2
0.000000E+0	0.000000E+0	0.000000E+0	0.000000E+0	3.119506E-2	2.351096E-2	1.421630E-2
0.000000E+0	0.000000E+0	0.000000E+0	0.000000E+0	3.059161E-2	2.324355E-2	1.402766E-2
0.000000E+0	0.000000E+0	0.000000E+0	0.000000E+0	3.047290E-2	2.280777E-2	1.391844E-2
0.000000E+0	0.000000E+0	0.000000E+0	0.000000E+0	3.008709E-2	2.274834E-2	1.385887E-2
0.000000E+0	0.000000E+0	0.000000E+0	0.000000E+0	2.958256E-2	2.244132E-2	1.368016E-2
0.000000E+0	0.000000E+0	0.000000E+0	0.000000E+0	2.943417E-2	2.194612E-2	1.331281E-2
0.000000E+0	0.000000E+0	0.000000E+0	0.000000E+0	2.898901E-2	2.178765E-2	1.307453E-2
0.000000E+0	0.000000E+0	0.000000E+0	0.000000E+0	2.856362E-2	2.162919E-2	1.299510E-2
0.000000E+0	0.000000E+0	0.000000E+0	0.000000E+0	2.846470E-2	2.132216E-2	1.292560E-2
0.000000E+0	0.000000E+0	0.000000E+0	0.000000E+0	2.807888E-2	2.091610E-2	1.282632E-2
0.000000E+0	0.000000E+0	0.000000E+0	0.000000E+0	2.758425E-2	2.079725E-2	1.266746E-2
0.000000E+0	0.000000E+0	0.000000E+0	0.000000E+0	2.751500E-2	2.070811E-2	1.236961E-2
0.000000E+0	0.000000E+0	0.000000E+0	0.000000E+0	2.718855E-2	2.020301E-2	1.216111E-2
0.000000E+0	0.000000E+0	0.000000E+0	0.000000E+0	2.664445E-2	1.991579E-2	1.201219E-2
0.000000E+0	0.000000E+0	0.000000E+0	0.000000E+0	2.651585E-2	1.981675E-2	1.191290E-2
0.000000E+0	0.000000E+0	0.000000E+0	0.000000E+0	2.627843E-2	1.966819E-2	1.186326E-2
0.000000E+0	0.000000E+0	0.000000E+0	0.000000E+0	2.583326E-2	1.931164E-2	1.179376E-2
0.000000E+0	0.000000E+0	0.000000E+0	0.000000E+0	2.554637E-2	1.908385E-2	1.164483E-2
0.000000E+0	0.000000E+0	0.000000E+0	0.000000E+0	2.551669E-2	1.883625E-2	1.141648E-2
0.000000E+0	0.000000E+0	0.000000E+0	0.000000E+0	2.512099E-2	1.876692E-2	1.118813E-2
0.000000E+0	0.000000E+0	0.000000E+0	0.000000E+0	2.465604E-2	1.854903E-2	1.100941E-2
0.000000E+0	0.000000E+0	0.000000E+0	0.000000E+0	2.456700E-2	1.822220E-2	1.095977E-2
0.000000E+0	0.000000E+0	0.000000E+0	0.000000E+0	2.434936E-2	1.788546E-2	1.091013E-2
0.000000E+0	0.000000E+0	0.000000E+0	0.000000E+0	2.394377E-2	1.782604E-2	1.086049E-2
0.000000E+0	0.000000E+0	0.000000E+0	0.000000E+0	2.361731E-2	1.777652E-2	1.068178E-2
0.000000E+0	0.000000E+0	0.000000E+0	0.000000E+0	2.355795E-2	1.757843E-2	1.062221E-2
0.000000E+0	0.000000E+0	0.000000E+0	0.000000E+0	2.324139E-2	1.720208E-2	1.036407E-2
0.000000E+0	0.000000E+0	0.000000E+0	0.000000E+0	2.285558E-2	1.694458E-2	1.009600E-2
0.000000E+0	0.000000E+0	0.000000E+0	0.000000E+0	2.261815E-2	1.682573E-2	9.996715E-3
0.000000E+0	0.000000E+0	0.000000E+0	0.000000E+0	2.253901E-2	1.678611E-2	9.947073E-3
0.000000E+0	0.000000E+0	0.000000E+0	0.000000E+0	2.237084E-2	1.656822E-2	9.927216E-3
0.000000E+0	0.000000E+0	0.000000E+0	0.000000E+0	2.188610E-2	1.613244E-2	9.867645E-3
0.000000E+0	0.000000E+0	0.000000E+0	0.000000E+0	2.161900E-2	1.595417E-2	9.808075E-3
0.000000E+0	0.000000E+0	0.000000E+0	0.000000E+0	2.158932E-2	1.585513E-2	9.639291E-3
0.000000E+0	0.000000E+0	0.000000E+0	0.000000E+0	2.147061E-2	1.581552E-2	9.401009E-3
0.000000E+0	0.000000E+0	0.000000E+0	0.000000E+0	2.102544E-2	1.571647E-2	9.192512E-3
0.000000E+0	0.000000E+0	0.000000E+0	0.000000E+0	2.072866E-2	1.539955E-2	9.093228E-3
0.000000E+0	0.000000E+0	0.000000E+0	0.000000E+0	2.060995E-2	1.521137E-2	9.053514E-3
0.000000E+0	0.000000E+0	0.000000E+0	0.000000E+0	2.047145E-2	1.491425E-2	8.964159E-3
0.000000E+0	0.000000E+0	0.000000E+0	0.000000E+0	2.026371E-2	1.485482E-2	8.964159E-3
0.000000E+0	0.000000E+0	0.000000E+0	0.000000E+0	1.987789E-2	1.482511E-2	8.924444E-3
0.000000E+0	0.000000E+0	0.000000E+0	0.000000E+0	1.968004E-2	1.470626E-2	8.815232E-3
0.000000E+0	0.000000E+0	0.000000E+0	0.000000E+0	1.961079E-2	1.444876E-2	8.765589E-3
0.000000E+0	0.000000E+0	0.000000E+0	0.000000E+0	1.952176E-2	1.413183E-2	8.606735E-3
0.000000E+0	0.000000E+0	0.000000E+0	0.000000E+0	1.922498E-2	1.398327E-2	8.497522E-3
0.000000E+0	0.000000E+0	0.000000E+0	0.000000E+0	1.884906E-2	1.392384E-2	8.358524E-3
0.000000E+0	0.000000E+0	0.000000E+0	0.000000E+0	1.868089E-2	1.383471E-2	8.159956E-3
0.000000E+0	0.000000E+0	0.000000E+0	0.000000E+0	1.860175E-2	1.373567E-2	8.050743E-3
0.000000E+0	0.000000E+0	0.000000E+0	0.000000E+0	1.854239E-2	1.364653E-2	8.020958E-3
0.000000E+0	0.000000E+0	0.000000E+0	0.000000E+0	1.833464E-2	1.336922E-2	7.991172E-3
0.000000E+0	0.000000E+0	0.000000E+0	0.000000E+0	1.791915E-2	1.307209E-2	7.961387E-3
0.000000E+0	0.000000E+0	0.000000E+0	0.000000E+0	1.767184E-2	1.294334E-2	7.921673E-3
0.000000E+0	0.000000E+0	0.000000E+0	0.000000E+0	1.765205E-2	1.288392E-2	7.911745E-3
0.000000E+0	0.000000E+0	0.000000E+0	0.000000E+0	1.759270E-2	1.287401E-2	7.792604E-3
0.000000E+0	0.000000E+0	0.000000E+0	0.000000E+0	1.745420E-2	1.278488E-2	7.752890E-3
0.000000E+0	0.000000E+0	0.000000E+0	0.000000E+0	1.721678E-2	1.273536E-2	7.663534E-3
0.000000E+0	0.000000E+0	0.000000E+0	0.000000E+0	1.692989E-2	1.247785E-2	7.524536E-3
0.000000E+0	0.000000E+0	0.000000E+0	0.000000E+0	1.669247E-2	1.219064E-2	7.316039E-3
0.000000E+0	0.000000E+0	0.000000E+0	0.000000E+0	1.663311E-2	1.202227E-2	7.296182E-3
0.000000E+0	0.000000E+0	0.000000E+0	0.000000E+0	1.658365E-2	1.191332E-2	7.117471E-3
0.000000E+0	0.000000E+0	0.000000E+0	0.000000E+0	1.632644E-2	1.190342E-2	7.077757E-3
0.000000E+0	0.000000E+0	0.000000E+0	0.000000E+0	1.608902E-2	1.185390E-2	6.998329E-3
0.000000E+0	0.000000E+0	0.000000E+0	0.000000E+0	1.593074E-2	1.180438E-2	6.988401E-3
0.000000E+0	0.000000E+0	0.000000E+0	0.000000E+0	1.569331E-2	1.171524E-2	6.978473E-3
0.000000E+0	0.000000E+0	0.000000E+0	0.000000E+0	1.565374E-2	1.152706E-2	6.938759E-3
0.000000E+0	0.000000E+0	0.000000E+0	0.000000E+0	1.563396E-2	1.129927E-2	6.948688E-3
0.000000E+0	0.000000E+0	0.000000E+0	0.000000E+0	1.551525E-2	1.117052E-2	6.918902E-3
0.000000E+0	0.000000E+0	0.000000E+0	0.000000E+0	1.533718E-2	1.099225E-2	6.789832E-3
0.000000E+0	0.000000E+0	0.000000E+0	0.000000E+0	1.498104E-2	1.092292E-2	6.779904E-3
0.000000E+0	0.000000E+0	0.000000E+0	0.000000E+0	1.479308E-2	1.092292E-2	6.760047E-3
0.000000E+0	0.000000E+0	0.000000E+0	0.000000E+0	1.468426E-2	1.088330E-2	6.551550E-3
0.000000E+0	0.000000E+0	0.000000E+0	0.000000E+0	1.466448E-2	1.080407E-2	6.531694E-3
0.000000E+0	0.000000E+0	0.000000E+0	0.000000E+0	1.461502E-2	1.066541E-2	6.343053E-3
0.000000E+0	0.000000E+0	0.000000E+0	0.000000E+0	1.448641E-2	1.055647E-2	6.233841E-3
0.000000E+0	0.000000E+0	0.000000E+0	0.000000E+0	1.430834E-2	1.031877E-2	6.124628E-3
0.000000E+0	0.000000E+0	0.000000E+0	0.000000E+0	1.409071E-2	1.014050E-2	6.124628E-3
0.000000E+0	0.000000E+0	0.000000E+0	0.000000E+0	1.385328E-2	1.008107E-2	6.084914E-3
0.000000E+0	0.000000E+0	0.000000E+0	0.000000E+0	1.374446E-2	9.991938E-3	5.985630E-3
0.000000E+0	0.000000E+0	0.000000E+0	0.000000E+0	1.367522E-2	9.912706E-3	5.985630E-3
0.000000E+0	0.000000E+0	0.000000E+0	0.000000E+0	1.365543E-2	9.902801E-3	5.995558E-3
0.000000E+0	0.000000E+0	0.000000E+0	0.000000E+0	1.359608E-2	9.873089E-3	5.955845E-3
0.000000E+0	0.000000E+0	0.000000E+0	0.000000E+0	1.353672E-2	9.813665E-3	5.955845E-3
0.000000E+0	0.000000E+0	0.000000E+0	0.000000E+0	1.334876E-2	9.764145E-3	5.955845E-3
0.000000E+0	0.000000E+0	0.000000E+0	0.000000E+0	1.305198E-2	9.615584E-3	5.945916E-3
0.000000E+0	0.000000E+0	0.000000E+0	0.000000E+0	1.281456E-2	9.467023E-3	5.856560E-3
0.000000E+0	0.000000E+0	0.000000E+0	0.000000E+0	1.273542E-2	9.278847E-3	5.876417E-3
0.000000E+0	0.000000E+0	0.000000E+0	0.000000E+0	1.269585E-2	9.189711E-3	5.777133E-3
0.000000E+0	0.000000E+0	0.000000E+0	0.000000E+0	1.268595E-2	9.070862E-3	5.717563E-3
0.000000E+0	0.000000E+0	0.000000E+0	0.000000E+0	1.259692E-2	8.971822E-3	5.588493E-3
0.000000E+0	0.000000E+0	0.000000E+0	0.000000E+0	1.256724E-2	8.932206E-3	5.528922E-3
0.000000E+0	0.000000E+0	0.000000E+0	0.000000E+0	1.235950E-2	8.912398E-3	5.509065E-3
0.000000E+0	0.000000E+0	0.000000E+0	0.000000E+0	1.215175E-2	8.902493E-3	5.379996E-3
0.000000E+0	0.000000E+0	0.000000E+0	0.000000E+0	1.193411E-2	8.852974E-3	5.310497E-3
0.000000E+0	0.000000E+0	0.000000E+0	0.000000E+0	1.181540E-2	8.843069E-3	5.191355E-3
0.000000E+0	0.000000E+0	0.000000E+0	0.000000E+0	1.174615E-2	8.793549E-3	5.211213E-3
0.000000E+0	0.000000E+0	0.000000E+0	0.000000E+0	1.169669E-2	8.644988E-3	5.052357E-3
0.000000E+0	0.000000E+0	0.000000E+0	0.000000E+0	1.170658E-2	8.456811E-3	5.082143E-3
0.000000E+0	0.000000E+0	0.000000E+0	0.000000E+0	1.166701E-2	8.377579E-3	5.082143E-3
0.000000E+0	0.000000E+0	0.000000E+0	0.000000E+0	1.162744E-2	8.238923E-3	5.022572E-3
0.000000E+0	0.000000E+0	0.000000E+0	0.000000E+0	1.146916E-2	8.120074E-3	5.022572E-3
0.000000E+0	0.000000E+0	0.000000E+0	0.000000E+0	1.143948E-2	8.040842E-3	4.992787E-3
0.000000E+0	0.000000E+0	0.000000E+0	0.000000E+0	1.118227E-2	7.991321E-3	4.972930E-3
0.000000E+0	0.000000E+0	0.000000E+0	0.000000E+0	1.098442E-2	7.951706E-3	4.953073E-3
0.000000E+0	0.000000E+0	0.000000E+0	0.000000E+0	1.091517E-2	7.921993E-3	4.972930E-3
0.000000E+0	0.000000E+0	0.000000E+0	0.000000E+0	1.075689E-2	7.931897E-3	4.953073E-3
0.000000E+0	0.000000E+0	0.000000E+0	0.000000E+0	1.077668E-2	7.882377E-3	4.873646E-3
0.000000E+0	0.000000E+0	0.000000E+0	0.000000E+0	1.071732E-2	7.862569E-3	4.933217E-3
0.000000E+0	0.000000E+0	0.000000E+0	0.000000E+0	1.066786E-2	7.822953E-3	4.893503E-3
0.000000E+0	0.000000E+0	0.000000E+0	0.000000E+0	1.067775E-2	7.743720E-3	4.883574E-3
0.000000E+0	0.000000E+0	0.000000E+0	0.000000E+0	1.061839E-2	7.674392E-3	4.873646E-3
0.000000E+0	0.000000E+0	0.000000E+0	0.000000E+0	1.049968E-2	7.654584E-3	4.794219E-3
0.000000E+0	0.000000E+0	0.000000E+0	0.000000E+0	1.037108E-2	7.466407E-3	4.754505E-3
0.000000E+0	0.000000E+0	0.000000E+0	0.000000E+0	1.021280E-2	7.436695E-3	4.734648E-3
0.000000E+0	0.000000E+0	0.000000E+0	0.000000E+0	1.002484E-2	7.218806E-3	4.585722E-3
0.000000E+0	0.000000E+0	0.000000E+0	0.000000E+0	9.916017E-3	7.119766E-3	4.486437E-3
0.000000E+0	0.000000E+0	0.000000E+0	0.000000E+0	9.856662E-3	7.090054E-3	4.536079E-3
0.000000E+0	0.000000E+0	0.000000E+0	0.000000E+0	9.787413E-3	7.000917E-3	4.466580E-3
0.000000E+0	0.000000E+0	0.000000E+0	0.000000E+0	9.737950E-3	6.981109E-3	4.337511E-3
0.000000E+0	0.000000E+0	0.000000E+0	0.000000E+0	9.718165E-3	6.951397E-3	4.347439E-3
0.000000E+0	0.000000E+0	0.000000E+0	0.000000E+0	9.718165E-3	6.951397E-3	4.277940E-3
0.000000E+0	0.000000E+0	0.000000E+0	0.000000E+0	9.698380E-3	6.941493E-3	4.218370E-3
0.000000E+0	0.000000E+0	0.000000E+0	0.000000E+0	9.668701E-3	6.931589E-3	4.148871E-3
0.000000E+0	0.000000E+0	0.000000E+0	0.000000E+0	9.569775E-3	6.911781E-3	4.109157E-3
0.000000E+0	0.000000E+0	0.000000E+0	0.000000E+0	9.411493E-3	6.882069E-3	4.099228E-3
0.000000E+0	0.000000E+0	0.000000E+0	0.000000E+0	9.203748E-3	6.872165E-3	4.089300E-3
0.000000E+0	0.000000E+0	0.000000E+0	0.000000E+0	9.243319E-3	6.812741E-3	4.029729E-3
0.000000E+0	0.000000E+0	0.000000E+0	0.000000E+0	9.005895E-3	6.773124E-3	4.039658E-3
0.000000E+0	0.000000E+0	0.000000E+0	0.000000E+0	8.906969E-3	6.624564E-3	4.009873E-3
0.000000E+0	0.000000E+0	0.000000E+0	0.000000E+0	8.817935E-3	6.624564E-3	4.009873E-3
0.000000E+0	0.000000E+0	0.000000E+0	0.000000E+0	8.788258E-3	6.525523E-3	3.999944E-3
0.000000E+0	0.000000E+0	0.000000E+0	0.000000E+0	8.748687E-3	6.386867E-3	3.999944E-3
0.000000E+0	0.000000E+0	0.000000E+0	0.000000E+0	8.738794E-3	6.218498E-3	3.999944E-3
0.000000E+0	0.000000E+0	0.000000E+0	0.000000E+0	8.748687E-3	6.208594E-3	3.999944E-3
0.000000E+0	0.000000E+0	0.000000E+0	0.000000E+0	8.719009E-3	6.079841E-3	3.980088E-3
0.000000E+0	0.000000E+0	0.000000E+0	0.000000E+0	8.699223E-3	6.079841E-3	3.990016E-3
0.000000E+0	0.000000E+0	0.000000E+0	0.000000E+0	8.639868E-3	6.060033E-3	3.960230E-3
0.000000E+0	0.000000E+0	0.000000E+0	0.000000E+0	8.600297E-3	5.990705E-3	3.970159E-3
0.000000E+0	0.000000E+0	0.000000E+0	0.000000E+0	8.461800E-3	5.990705E-3	3.930445E-3
0.000000E+0	0.000000E+0	0.000000E+0	0.000000E+0	8.382659E-3	5.960993E-3	3.950302E-3
0.000000E+0	0.000000E+0	0.000000E+0	0.000000E+0	8.313411E-3	5.951089E-3	3.940374E-3
0.000000E+0	0.000000E+0	0.000000E+0	0.000000E+0	8.085880E-3	5.941185E-3	3.940374E-3
0.000000E+0	0.000000E+0	0.000000E+0	0.000000E+0	8.036418E-3	5.921377E-3	3.851018E-3
0.000000E+0	0.000000E+0	0.000000E+0	0.000000E+0	7.937492E-3	5.921377E-3	3.870875E-3
0.000000E+0	0.000000E+0	0.000000E+0	0.000000E+0	7.927598E-3	5.891664E-3	3.841089E-3
0.000000E+0	0.000000E+0	0.000000E+0	0.000000E+0	7.798994E-3	5.921377E-3	3.841089E-3
0.000000E+0	0.000000E+0	0.000000E+0	0.000000E+0	7.759424E-3	5.842144E-3	3.781519E-3
0.000000E+0	0.000000E+0	0.000000E+0	0.000000E+0	7.769317E-3	5.852048E-3	3.761662E-3
0.000000E+0	0.000000E+0	0.000000E+0	0.000000E+0	7.769317E-3	5.822336E-3	3.771590E-3
0.000000E+0	0.000000E+0	0.000000E+0	0.000000E+0	7.739639E-3	5.723296E-3	3.692163E-3
0.000000E+0	0.000000E+0	0.000000E+0	0.000000E+0	7.729746E-3	5.723296E-3	3.702091E-3
0.000000E+0	0.000000E+0	0.000000E+0	0.000000E+0	7.719853E-3	5.663872E-3	3.553165E-3
0.000000E+0	0.000000E+0	0.000000E+0	0.000000E+0	7.680283E-3	5.535119E-3	3.543237E-3
0.000000E+0	0.000000E+0	0.000000E+0	0.000000E+0	7.680283E-3	5.545023E-3	3.493594E-3
0.000000E+0	0.000000E+0	0.000000E+0	0.000000E+0	7.561571E-3	5.406367E-3	3.543237E-3
0.000000E+0	0.000000E+0	0.000000E+0	0.000000E+0	7.630820E-3	5.297422E-3	3.354596E-3
0.000000E+0	0.000000E+0	0.000000E+0	0.000000E+0	7.551679E-3	5.267710E-3	3.434024E-3
0.000000E+0	0.000000E+0	0.000000E+0	0.000000E+0	7.373611E-3	5.218190E-3	3.354596E-3
0.000000E+0	0.000000E+0	0.000000E+0	0.000000E+0	7.363719E-3	5.188478E-3	3.384382E-3
0.000000E+0	0.000000E+0	0.000000E+0	0.000000E+0	7.314256E-3	5.119149E-3	3.255312E-3
0.000000E+0	0.000000E+0	0.000000E+0	0.000000E+0	7.195544E-3	5.089437E-3	3.255312E-3
0.000000E+0	0.000000E+0	0.000000E+0	0.000000E+0	7.037262E-3	5.030013E-3	3.185813E-3
0.000000E+0	0.000000E+0	0.000000E+0	0.000000E+0	6.977906E-3	5.039917E-3	3.185813E-3
0.000000E+0	0.000000E+0	0.000000E+0	0.000000E+0	6.888873E-3	4.980492E-3	3.165956E-3
0.000000E+0	0.000000E+0	0.000000E+0	0.000000E+0	6.878980E-3	4.990397E-3	3.185813E-3
0.000000E+0	0.000000E+0	0.000000E+0	0.000000E+0	6.878980E-3	4.990397E-3	3.126243E-3
0.000000E+0	0.000000E+0	0.000000E+0	0.000000E+0	6.809732E-3	4.960685E-3	3.136171E-3
0.000000E+0	0.000000E+0	0.000000E+0	0.000000E+0	6.789946E-3	4.950780E-3	3.116314E-3
0.000000E+0	0.000000E+0	0.000000E+0	0.000000E+0	6.750376E-3	4.970589E-3	3.046815E-3
0.000000E+0	0.000000E+0	0.000000E+0	0.000000E+0	6.750376E-3	4.950780E-3	3.036887E-3
0.000000E+0	0.000000E+0	0.000000E+0	0.000000E+0	6.750376E-3	4.930973E-3	3.076600E-3
0.000000E+0	0.000000E+0	0.000000E+0	0.000000E+0	6.750376E-3	4.901260E-3	3.056744E-3
0.000000E+0	0.000000E+0	0.000000E+0	0.000000E+0	6.730590E-3	4.940876E-3	3.066672E-3
0.000000E+0	0.000000E+0	0.000000E+0	0.000000E+0	6.710805E-3	4.911164E-3	3.056744E-3
0.000000E+0	0.000000E+0	0.000000E+0	0.000000E+0	6.671235E-3	4.901260E-3	3.026958E-3
0.000000E+0	0.000000E+0	0.000000E+0	0.000000E+0	6.661342E-3	4.911164E-3	3.036887E-3
0.000000E+0	0.000000E+0	0.000000E+0	0.000000E+0	6.592094E-3	4.891356E-3	3.017030E-3
0.000000E+0	0.000000E+0	0.000000E+0	0.000000E+0	6.562416E-3	4.851740E-3	3.017030E-3
0.000000E+0	0.000000E+0	0.000000E+0	0.000000E+0	6.522845E-3	4.762604E-3	2.997173E-3
0.000000E+0	0.000000E+0	0.000000E+0	0.000000E+0	6.404134E-3	4.693275E-3	3.007101E-3
0.000000E+0	0.000000E+0	0.000000E+0	0.000000E+0	6.334885E-3	4.683371E-3	3.007101E-3
0.000000E+0	0.000000E+0	0.000000E+0	0.000000E+0	6.305207E-3	4.594235E-3	2.997173E-3
0.000000E+0	0.000000E+0	0.000000E+0	0.000000E+0	6.245852E-3	4.653659E-3	3.017030E-3
0.000000E+0	0.000000E+0	0.000000E+0	0.000000E+0	6.107355E-3	4.564523E-3	2.997173E-3
0.000000E+0	0.000000E+0	0.000000E+0	0.000000E+0	6.117248E-3	4.515002E-3	2.987245E-3
0.000000E+0	0.000000E+0	0.000000E+0	0.000000E+0	6.018321E-3	4.376346E-3	2.997173E-3
0.000000E+0	0.000000E+0	0.000000E+0	0.000000E+0	6.008429E-3	4.415962E-3	2.967388E-3
0.000000E+0	0.000000E+0	0.000000E+0	0.000000E+0	5.899610E-3	4.307018E-3	2.997173E-3
0.000000E+0	0.000000E+0	0.000000E+0	0.000000E+0	5.860039E-3	4.336730E-3	2.957459E-3
0.000000E+0	0.000000E+0	0.000000E+0	0.000000E+0	5.850147E-3	4.257497E-3	2.967388E-3
0.000000E+0	0.000000E+0	0.000000E+0	0.000000E+0	5.820469E-3	4.178265E-3	2.947531E-3
0.000000E+0	0.000000E+0	0.000000E+0	0.000000E+0	5.800684E-3	4.178265E-3	2.937602E-3
0.000000E+0	0.000000E+0	0.000000E+0	0.000000E+0	5.780899E-3	4.118841E-3	2.967388E-3
0.000000E+0	0.000000E+0	0.000000E+0	0.000000E+0	5.771006E-3	4.079225E-3	2.937602E-3
0.000000E+0	0.000000E+0	0.000000E+0	0.000000E+0	5.771006E-3	4.108937E-3	2.937602E-3
0.000000E+0	0.000000E+0	0.000000E+0	0.000000E+0	5.771006E-3	4.118841E-3	2.927674E-3
0.000000E+0	0.000000E+0	0.000000E+0	0.000000E+0	5.761113E-3	4.039608E-3	2.947531E-3
0.000000E+0	0.000000E+0	0.000000E+0	0.000000E+0	5.761113E-3	3.990089E-3	2.897889E-3
0.000000E+0	0.000000E+0	0.000000E+0	0.000000E+0	5.761113E-3	4.019801E-3	2.907817E-3
0.000000E+0	0.000000E+0	0.000000E+0	0.000000E+0	5.731435E-3	4.019801E-3	2.878032E-3
0.000000E+0	0.000000E+0	0.000000E+0	0.000000E+0	5.711650E-3	3.990089E-3	2.848247E-3
0.000000E+0	0.000000E+0	0.000000E+0	0.000000E+0	5.711650E-3	3.990089E-3	2.808533E-3
0.000000E+0	0.000000E+0	0.000000E+0	0.000000E+0	5.691865E-3	3.999992E-3	2.828390E-3
0.000000E+0	0.000000E+0	0.000000E+0	0.000000E+0	5.652294E-3	3.999992E-3	2.838318E-3
0.000000E+0	0.000000E+0	0.000000E+0	0.000000E+0	5.662187E-3	3.980184E-3	2.808533E-3
0.000000E+0	0.000000E+0	0.000000E+0	0.000000E+0	5.592939E-3	3.970280E-3	2.709249E-3
0.000000E+0	0.000000E+0	0.000000E+0	0.000000E+0	5.622616E-3	3.960376E-3	2.719177E-3
0.000000E+0	0.000000E+0	0.000000E+0	0.000000E+0	5.474227E-3	3.930664E-3	2.758891E-3
0.000000E+0	0.000000E+0	0.000000E+0	0.000000E+0	5.494012E-3	3.960376E-3	2.669535E-3
0.000000E+0	0.000000E+0	0.000000E+0	0.000000E+0	5.325838E-3	3.940568E-3	2.689392E-3
0.000000E+0	0.000000E+0	0.000000E+0	0.000000E+0	5.315945E-3	3.950472E-3	2.659607E-3
0.000000E+0	0.000000E+0	0.000000E+0	0.000000E+0	5.286267E-3	3.940568E-3	2.560322E-3
0.000000E+0	0.000000E+0	0.000000E+0	0.000000E+0	5.286267E-3	3.920760E-3	2.669535E-3
0.000000E+0	0.000000E+0	0.000000E+0	0.000000E+0	5.187341E-3	3.891048E-3	2.609964E-3
0.000000E+0	0.000000E+0	0.000000E+0	0.000000E+0	5.088414E-3	3.910856E-3	2.619893E-3
0.000000E+0	0.000000E+0	0.000000E+0	0.000000E+0	5.019166E-3	3.881144E-3	2.609964E-3
0.000000E+0	0.000000E+0	0.000000E+0	0.000000E+0	5.058737E-3	3.871240E-3	2.619893E-3
0.000000E+0	0.000000E+0	0.000000E+0	0.000000E+0	4.989488E-3	3.831624E-3	2.490823E-3
0.000000E+0	0.000000E+0	0.000000E+0	0.000000E+0	4.910347E-3	3.881144E-3	2.520608E-3
0.000000E+0	0.000000E+0	0.000000E+0	0.000000E+0	4.969703E-3	3.851432E-3	2.510680E-3
0.000000E+0	0.000000E+0	0.000000E+0	0.000000E+0	4.900455E-3	3.841528E-3	2.441181E-3
0.000000E+0	0.000000E+0	0.000000E+0	0.000000E+0	4.870777E-3	3.792007E-3	2.441181E-3
0.000000E+0	0.000000E+0	0.000000E+0	0.000000E+0	4.860884E-3	3.762295E-3	2.421324E-3
0.000000E+0	0.000000E+0	0.000000E+0	0.000000E+0	4.870777E-3	3.811816E-3	2.361753E-3
0.000000E+0	0.000000E+0	0.000000E+0	0.000000E+0	4.821313E-3	3.732583E-3	2.292255E-3
0.000000E+0	0.000000E+0	0.000000E+0	0.000000E+0	4.831206E-3	3.692967E-3	2.292255E-3
0.000000E+0	0.000000E+0	0.000000E+0	0.000000E+0	4.801528E-3	3.633543E-3	2.322040E-3
0.000000E+0	0.000000E+0	0.000000E+0	0.000000E+0	4.811421E-3	3.633543E-3	2.302183E-3
0.000000E+0	0.000000E+0	0.000000E+0	0.000000E+0	4.811421E-3	3.613735E-3	2.391539E-3
0.000000E+0	0.000000E+0	0.000000E+0	0.000000E+0	4.771850E-3	3.584023E-3	2.222756E-3
0.000000E+0	0.000000E+0	0.000000E+0	0.000000E+0	4.771850E-3	3.514694E-3	2.252541E-3
0.000000E+0	0.000000E+0	0.000000E+0	0.000000E+0	4.761958E-3	3.504790E-3	2.202899E-3
0.000000E+0	0.000000E+0	0.000000E+0	0.000000E+0	4.781743E-3	3.455270E-3	2.153257E-3
0.000000E+0	0.000000E+0	0.000000E+0	0.000000E+0	4.752065E-3	3.425558E-3	2.192970E-3
0.000000E+0	0.000000E+0	0.000000E+0	0.000000E+0	4.761958E-3	3.356230E-3	2.202899E-3
0.000000E+0	0.000000E+0	0.000000E+0	0.000000E+0	4.732280E-3	3.366134E-3	2.232684E-3
0.000000E+0	0.000000E+0	0.000000E+0	0.000000E+0	4.722387E-3	3.316614E-3	2.183042E-3
0.000000E+0	0.000000E+0	0.000000E+0	0.000000E+0	4.712495E-3	3.276997E-3	2.153257E-3
0.000000E+0	0.000000E+0	0.000000E+0	0.000000E+0	4.722387E-3	3.177957E-3	2.192970E-3
0.000000E+0	0.000000E+0	0.000000E+0	0.000000E+0	4.712495E-3	3.296806E-3	2.163185E-3
0.000000E+0	0.000000E+0	0.000000E+0	0.000000E+0	4.712495E-3	3.257189E-3	2.093686E-3
0.000000E+0	0.000000E+0	0.000000E+0	0.000000E+0	4.722387E-3	3.148245E-3	2.123471E-3
0.000000E+0	0.000000E+0	0.000000E+0	0.000000E+0	4.623461E-3	3.197765E-3	2.083758E-3
0.000000E+0	0.000000E+0	0.000000E+0	0.000000E+0	4.613568E-3	3.168053E-3	2.093686E-3
0.000000E+0	0.000000E+0	0.000000E+0	0.000000E+0	4.643246E-3	3.098725E-3	2.073829E-3
0.000000E+0	0.000000E+0	0.000000E+0	0.000000E+0	4.573998E-3	3.108629E-3	2.073829E-3
0.000000E+0	0.000000E+0	0.000000E+0	0.000000E+0	4.524535E-3	3.108629E-3	2.073829E-3
0.000000E+0	0.000000E+0	0.000000E+0	0.000000E+0	4.484964E-3	3.088820E-3	2.083758E-3
0.000000E+0	0.000000E+0	0.000000E+0	0.000000E+0	4.514642E-3	3.049204E-3	2.053972E-3
0.000000E+0	0.000000E+0	0.000000E+0	0.000000E+0	4.415716E-3	3.059109E-3	2.053972E-3
0.000000E+0	0.000000E+0	0.000000E+0	0.000000E+0	4.435501E-3	3.108629E-3	2.053972E-3
0.000000E+0	0.000000E+0	0.000000E+0	0.000000E+0	4.376145E-3	2.999684E-3	2.004330E-3
0.000000E+0	0.000000E+0	0.000000E+0	0.000000E+0	4.306897E-3	3.029396E-3	2.034115E-3
0.000000E+0	0.000000E+0	0.000000E+0	0.000000E+0	4.267326E-3	3.039300E-3	2.044044E-3
0.000000E+0	0.000000E+0	0.000000E+0	0.000000E+0	4.227756E-3	3.039300E-3	2.014259E-3
0.000000E+0	0.000000E+0	0.000000E+0	0.000000E+0	4.168400E-3	2.989780E-3	2.083758E-3
0.000000E+0	0.000000E+0	0.000000E+0	0.000000E+0	4.118937E-3	2.999684E-3	2.014259E-3
0.000000E+0	0.000000E+0	0.000000E+0	0.000000E+0	4.039796E-3	2.989780E-3	2.024187E-3
0.000000E+0	0.000000E+0	0.000000E+0	0.000000E+0	4.039796E-3	2.999684E-3	2.034115E-3
0.000000E+0	0.000000E+0	0.000000E+0	0.000000E+0	4.089259E-3	2.999684E-3	2.004330E-3
0.000000E+0	0.000000E+0	0.000000E+0	0.000000E+0	3.960655E-3	2.969972E-3	2.024187E-3
0.000000E+0	0.000000E+0	0.000000E+0	0.000000E+0	4.010118E-3	2.960068E-3	2.024187E-3
0.000000E+0	0.000000E+0	0.000000E+0	0.000000E+0	3.940869E-3	2.969972E-3	2.004330E-3
0.000000E+0	0.000000E+0	0.000000E+0	0.000000E+0	3.940869E-3	2.979876E-3	2.024187E-3
0.000000E+0	0.000000E+0	0.000000E+0	0.000000E+0	3.891406E-3	2.979876E-3	2.014259E-3
0.000000E+0	0.000000E+0	0.000000E+0	0.000000E+0	3.901299E-3	2.930356E-3	2.024187E-3
0.000000E+0	0.000000E+0	0.000000E+0	0.000000E+0	3.851836E-3	2.969972E-3	2.014259E-3
0.000000E+0	0.000000E+0	0.000000E+0	0.000000E+0	3.901299E-3	2.960068E-3	2.034115E-3
0.000000E+0	0.000000E+0	0.000000E+0	0.000000E+0	3.871621E-3	2.960068E-3	2.014259E-3
0.000000E+0	0.000000E+0	0.000000E+0	0.000000E+0	3.871621E-3	2.950164E-3	2.014259E-3
0.000000E+0	0.000000E+0	0.000000E+0	0.000000E+0	3.812265E-3	2.960068E-3	2.004330E-3
0.000000E+0	0.000000E+0	0.000000E+0	0.000000E+0	3.841943E-3	2.969972E-3	2.014259E-3
0.000000E+0	0.000000E+0	0.000000E+0	0.000000E+0	3.802373E-3	2.950164E-3	2.004330E-3
0.000000E+0	0.000000E+0	0.000000E+0	0.000000E+0	3.822158E-3	2.930356E-3	1.984473E-3
0.000000E+0	0.000000E+0	0.000000E+0	0.000000E+0	3.782587E-3	2.940260E-3	2.004330E-3
0.000000E+0	0.000000E+0	0.000000E+0	0.000000E+0	3.802373E-3	2.940260E-3	2.004330E-3
0.000000E+0	0.000000E+0	0.000000E+0	0.000000E+0	3.812265E-3	2.960068E-3	1.974545E-3
0.000000E+0	0.000000E+0	0.000000E+0	0.000000E+0	3.782587E-3	2.930356E-3	2.004330E-3
0.000000E+0	0.000000E+0	0.000000E+0	0.000000E+0	3.792480E-3	2.950164E-3	1.994402E-3
0.000000E+0	0.000000E+0	0.000000E+0	0.000000E+0	3.792480E-3	2.920452E-3	1.994402E-3
0.000000E+0	0.000000E+0	0.000000E+0	0.000000E+0	3.782587E-3	2.930356E-3	1.974545E-3
0.000000E+0	0.000000E+0	0.000000E+0	0.000000E+0	3.772695E-3	2.880836E-3	1.984473E-3
0.000000E+0	0.000000E+0	0.000000E+0	0.000000E+0	3.792480E-3	2.890740E-3	1.974545E-3
0.000000E+0	0.000000E+0	0.000000E+0	0.000000E+0	3.782587E-3	2.880836E-3	1.974545E-3
0.000000E+0	0.000000E+0	0.000000E+0	0.000000E+0	3.772695E-3	2.870932E-3	1.994402E-3
0.000000E+0	0.000000E+0	0.000000E+0	0.000000E+0	3.782587E-3	2.880836E-3	1.974545E-3
0.000000E+0	0.000000E+0	0.000000E+0	0.000000E+0	3.772695E-3	2.861028E-3	1.974545E-3
0.000000E+0	0.000000E+0	0.000000E+0	0.000000E+0	3.772695E-3	2.870932E-3	1.974545E-3
0.000000E+0	0.000000E+0	0.000000E+0	0.000000E+0	3.743017E-3	2.821411E-3	1.994402E-3
0.000000E+0	0.000000E+0	0.000000E+0	0.000000E+0	3.743017E-3	2.880836E-3	1.974545E-3
0.000000E+0	0.000000E+0	0.000000E+0	0.000000E+0	3.762802E-3	2.722371E-3	1.954688E-3
0.000000E+0	0.000000E+0	0.000000E+0	0.000000E+0	3.723231E-3	2.761987E-3	1.954688E-3
0.000000E+0	0.000000E+0	0.000000E+0	0.000000E+0	3.713339E-3	2.791699E-3	1.964616E-3
0.000000E+0	0.000000E+0	0.000000E+0	0.000000E+0	3.703446E-3	2.771891E-3	1.974545E-3
0.000000E+0	0.000000E+0	0.000000E+0	0.000000E+0	3.713339E-3	2.761987E-3	1.964616E-3
0.000000E+0	0.000000E+0	0.000000E+0	0.000000E+0	3.723231E-3	2.821411E-3	1.944760E-3
0.000000E+0	0.000000E+0	0.000000E+0	0.000000E+0	3.703446E-3	2.761987E-3	1.944760E-3
0.000000E+0	0.000000E+0	0.000000E+0	0.000000E+0	3.663876E-3	2.682755E-3	1.974545E-3
0.000000E+0	0.000000E+0	0.000000E+0	0.000000E+0	3.673768E-3	2.761987E-3	1.924903E-3
0.000000E+0	0.000000E+0	0.000000E+0	0.000000E+0	3.663876E-3	2.742179E-3	1.944760E-3
0.000000E+0	0.000000E+0	0.000000E+0	0.000000E+0	3.614413E-3	2.643139E-3	1.934831E-3
0.000000E+0	0.000000E+0	0.000000E+0	0.000000E+0	3.634198E-3	2.633235E-3	1.885189E-3
0.000000E+0	0.000000E+0	0.000000E+0	0.000000E+0	3.624305E-3	2.534194E-3	1.924903E-3
0.000000E+0	0.000000E+0	0.000000E+0	0.000000E+0	3.555057E-3	2.722371E-3	1.934831E-3
0.000000E+0	0.000000E+0	0.000000E+0	0.000000E+0	3.663876E-3	2.603523E-3	1.865332E-3
0.000000E+0	0.000000E+0	0.000000E+0	0.000000E+0	3.614413E-3	2.613427E-3	1.865332E-3
0.000000E+0	0.000000E+0	0.000000E+0	0.000000E+0	3.535272E-3	2.454962E-3	1.944760E-3
0.000000E+0	0.000000E+0	0.000000E+0	0.000000E+0	3.535272E-3	2.583714E-3	1.914974E-3
0.000000E+0	0.000000E+0	0.000000E+0	0.000000E+0	3.525379E-3	2.583714E-3	1.875261E-3
0.000000E+0	0.000000E+0	0.000000E+0	0.000000E+0	3.495701E-3	2.494578E-3	1.934831E-3
0.000000E+0	0.000000E+0	0.000000E+0	0.000000E+0	3.495701E-3	2.405442E-3	1.895117E-3
0.000000E+0	0.000000E+0	0.000000E+0	0.000000E+0	3.406667E-3	2.385634E-3	1.895117E-3
0.000000E+0	0.000000E+0	0.000000E+0	0.000000E+0	3.396775E-3	2.484674E-3	1.905046E-3
0.000000E+0	0.000000E+0	0.000000E+0	0.000000E+0	3.426453E-3	2.484674E-3	1.805762E-3
0.000000E+0	0.000000E+0	0.000000E+0	0.000000E+0	3.376989E-3	2.514386E-3	1.845475E-3
0.000000E+0	0.000000E+0	0.000000E+0	0.000000E+0	3.396775E-3	2.395538E-3	1.875261E-3
0.000000E+0	0.000000E+0	0.000000E+0	0.000000E+0	3.287956E-3	2.346017E-3	1.924903E-3
0.000000E+0	0.000000E+0	0.000000E+0	0.000000E+0	3.386882E-3	2.365825E-3	1.805762E-3
0.000000E+0	0.000000E+0	0.000000E+0	0.000000E+0	3.179137E-3	2.385634E-3	1.835547E-3
0.000000E+0	0.000000E+0	0.000000E+0	0.000000E+0	3.278063E-3	2.375730E-3	1.855404E-3
0.000000E+0	0.000000E+0	0.000000E+0	0.000000E+0	3.248385E-3	2.355922E-3	1.835547E-3
0.000000E+0	0.000000E+0	0.000000E+0	0.000000E+0	3.258278E-3	2.326209E-3	1.825618E-3
0.000000E+0	0.000000E+0	0.000000E+0	0.000000E+0	3.268171E-3	2.306401E-3	1.835547E-3
0.000000E+0	0.000000E+0	0.000000E+0	0.000000E+0	3.149459E-3	2.276689E-3	1.845475E-3
0.000000E+0	0.000000E+0	0.000000E+0	0.000000E+0	3.149459E-3	2.177649E-3	1.706477E-3
0.000000E+0	0.000000E+0	0.000000E+0	0.000000E+0	3.001070E-3	2.256881E-3	1.855404E-3
0.000000E+0	0.000000E+0	0.000000E+0	0.000000E+0	3.040640E-3	2.237073E-3	1.815690E-3
0.000000E+0	0.000000E+0	0.000000E+0	0.000000E+0	3.040640E-3	2.147936E-3	1.686621E-3
0.000000E+0	0.000000E+0	0.000000E+0	0.000000E+0	3.090103E-3	2.227169E-3	1.736263E-3
0.000000E+0	0.000000E+0	0.000000E+0	0.000000E+0	3.080211E-3	2.177649E-3	1.775976E-3
0.000000E+0	0.000000E+0	0.000000E+0	0.000000E+0	3.050533E-3	2.138033E-3	1.696549E-3
0.000000E+0	0.000000E+0	0.000000E+0	0.000000E+0	2.912036E-3	2.197457E-3	1.775976E-3
0.000000E+0	0.000000E+0	0.000000E+0	0.000000E+0	3.060425E-3	2.128128E-3	1.656835E-3
0.000000E+0	0.000000E+0	0.000000E+0	0.000000E+0	3.050533E-3	2.197457E-3	1.656835E-3
0.000000E+0	0.000000E+0	0.000000E+0	0.000000E+0	2.981284E-3	2.147936E-3	1.666764E-3
0.000000E+0	0.000000E+0	0.000000E+0	0.000000E+0	2.941714E-3	2.108320E-3	1.736263E-3
0.000000E+0	0.000000E+0	0.000000E+0	0.000000E+0	2.882358E-3	2.078608E-3	1.696549E-3
0.000000E+0	0.000000E+0	0.000000E+0	0.000000E+0	2.941714E-3	2.078608E-3	1.636978E-3
0.000000E+0	0.000000E+0	0.000000E+0	0.000000E+0	2.951606E-3	2.098416E-3	1.716406E-3
0.000000E+0	0.000000E+0	0.000000E+0	0.000000E+0	2.882358E-3	2.108320E-3	1.527766E-3
0.000000E+0	0.000000E+0	0.000000E+0	0.000000E+0	2.912036E-3	2.098416E-3	1.706477E-3
0.000000E+0	0.000000E+0	0.000000E+0	0.000000E+0	2.832895E-3	2.108320E-3	1.666764E-3
0.000000E+0	0.000000E+0	0.000000E+0	0.000000E+0	2.852680E-3	2.118225E-3	1.587336E-3
0.000000E+0	0.000000E+0	0.000000E+0	0.000000E+0	2.842787E-3	2.048896E-3	1.666764E-3
0.000000E+0	0.000000E+0	0.000000E+0	0.000000E+0	2.862573E-3	2.068704E-3	1.587336E-3
0.000000E+0	0.000000E+0	0.000000E+0	0.000000E+0	2.882358E-3	2.078608E-3	1.587336E-3
0.000000E+0	0.000000E+0	0.000000E+0	0.000000E+0	2.813110E-3	2.068704E-3	1.577408E-3
0.000000E+0	0.000000E+0	0.000000E+0	0.000000E+0	2.813110E-3	1.989472E-3	1.627050E-3
0.000000E+0	0.000000E+0	0.000000E+0	0.000000E+0	2.823002E-3	2.058800E-3	1.547622E-3
0.000000E+0	0.000000E+0	0.000000E+0	0.000000E+0	2.832895E-3	2.038992E-3	1.567479E-3
0.000000E+0	0.000000E+0	0.000000E+0	0.000000E+0	2.823002E-3	2.038992E-3	1.517837E-3
0.000000E+0	0.000000E+0	0.000000E+0	0.000000E+0	2.813110E-3	2.048896E-3	1.607193E-3
0.000000E+0	0.000000E+0	0.000000E+0	0.000000E+0	2.803217E-3	2.058800E-3	1.488052E-3
0.000000E+0	0.000000E+0	0.000000E+0	0.000000E+0	2.803217E-3	2.019184E-3	1.617122E-3
0.000000E+0	0.000000E+0	0.000000E+0	0.000000E+0	2.823002E-3	2.038992E-3	1.398696E-3
0.000000E+0	0.000000E+0	0.000000E+0	0.000000E+0	2.832895E-3	2.019184E-3	1.587336E-3
0.000000E+0	0.000000E+0	0.000000E+0	0.000000E+0	2.823002E-3	2.019184E-3	1.507909E-3
0.000000E+0	0.000000E+0	0.000000E+0	0.000000E+0	2.823002E-3	1.989472E-3	1.478123E-3
0.000000E+0	0.000000E+0	0.000000E+0	0.000000E+0	2.823002E-3	2.009280E-3	1.478123E-3
0.000000E+0	0.000000E+0	0.000000E+0	0.000000E+0	2.773539E-3	2.009280E-3	1.497980E-3
0.000000E+0	0.000000E+0	0.000000E+0	0.000000E+0	2.813110E-3	2.048896E-3	1.497980E-3
0.000000E+0	0.000000E+0	0.000000E+0	0.000000E+0	2.803217E-3	1.979568E-3	1.478123E-3
0.000000E+0	0.000000E+0	0.000000E+0	0.000000E+0	2.803217E-3	1.999376E-3	1.557551E-3
0.000000E+0	0.000000E+0	0.000000E+0	0.000000E+0	2.793324E-3	1.979568E-3	1.428481E-3
0.000000E+0	0.000000E+0	0.000000E+0	0.000000E+0	2.803217E-3	1.989472E-3	1.458267E-3
0.000000E+0	0.000000E+0	0.000000E+0	0.000000E+0	2.793324E-3	1.969664E-3	1.428481E-3
0.000000E+0	0.000000E+0	0.000000E+0	0.000000E+0	2.773539E-3	1.999376E-3	1.418553E-3
0.000000E+0	0.000000E+0	0.000000E+0	0.000000E+0	2.783432E-3	1.979568E-3	1.378839E-3
0.000000E+0	0.000000E+0	0.000000E+0	0.000000E+0	2.793324E-3	1.989472E-3	1.339125E-3
0.000000E+0	0.000000E+0	0.000000E+0	0.000000E+0	2.763646E-3	1.979568E-3	1.349054E-3
0.000000E+0	0.000000E+0	0.000000E+0	0.000000E+0	2.783432E-3	2.019184E-3	1.428481E-3
0.000000E+0	0.000000E+0	0.000000E+0	0.000000E+0	2.783432E-3	1.989472E-3	1.319269E-3
0.000000E+0	0.000000E+0	0.000000E+0	0.000000E+0	2.773539E-3	1.999376E-3	1.358982E-3
0.000000E+0	0.000000E+0	0.000000E+0	0.000000E+0	2.793324E-3	1.999376E-3	1.398696E-3
0.000000E+0	0.000000E+0	0.000000E+0	0.000000E+0	2.793324E-3	1.979568E-3	1.358982E-3
0.000000E+0	0.000000E+0	0.000000E+0	0.000000E+0	2.783432E-3	1.959760E-3	1.269627E-3
0.000000E+0	0.000000E+0	0.000000E+0	0.000000E+0	2.783432E-3	1.969664E-3	1.349054E-3
0.000000E+0	0.000000E+0	0.000000E+0	0.000000E+0	2.753754E-3	1.989472E-3	1.229913E-3
0.000000E+0	0.000000E+0	0.000000E+0	0.000000E+0	2.753754E-3	1.969664E-3	1.319269E-3
0.000000E+0	0.000000E+0	0.000000E+0	0.000000E+0	2.783432E-3	1.979568E-3	1.259698E-3
0.000000E+0	0.000000E+0	0.000000E+0	0.000000E+0	2.763646E-3	1.989472E-3	1.289483E-3
0.000000E+0	0.000000E+0	0.000000E+0	0.000000E+0	2.733969E-3	1.979568E-3	1.339125E-3
0.000000E+0	0.000000E+0	0.000000E+0	0.000000E+0	2.743861E-3	1.959760E-3	1.299412E-3
0.000000E+0	0.000000E+0	0.000000E+0	0.000000E+0	2.733969E-3	1.969664E-3	1.319269E-3
0.000000E+0	0.000000E+0	0.000000E+0	0.000000E+0	2.714183E-3	1.979568E-3	1.269627E-3
0.000000E+0	0.000000E+0	0.000000E+0	0.000000E+0	2.763646E-3	1.979568E-3	1.249770E-3
0.000000E+0	0.000000E+0	0.000000E+0	0.000000E+0	2.783432E-3	1.949856E-3	1.279555E-3
0.000000E+0	0.000000E+0	0.000000E+0	0.000000E+0	2.753754E-3	1.989472E-3	1.249770E-3
0.000000E+0	0.000000E+0	0.000000E+0	0.000000E+0	2.694398E-3	1.959760E-3	1.249770E-3
0.000000E+0	0.000000E+0	0.000000E+0	0.000000E+0	2.654828E-3	1.969664E-3	1.239841E-3
0.000000E+0	0.000000E+0	0.000000E+0	0.000000E+0	2.674613E-3	1.959760E-3	1.249770E-3
0.000000E+0	0.000000E+0	0.000000E+0	0.000000E+0	2.743861E-3	1.949856E-3	1.269627E-3
0.000000E+0	0.000000E+0	0.000000E+0	0.000000E+0	2.714183E-3	1.969664E-3	1.239841E-3
0.000000E+0	0.000000E+0	0.000000E+0	0.000000E+0	2.704291E-3	1.959760E-3	1.210056E-3
0.000000E+0	0.000000E+0	0.000000E+0	0.000000E+0	2.733969E-3	1.969664E-3	1.140557E-3
0.000000E+0	0.000000E+0	0.000000E+0	0.000000E+0	2.684505E-3	1.969664E-3	1.229913E-3
0.000000E+0	0.000000E+0	0.000000E+0	0.000000E+0	2.664720E-3	1.969664E-3	1.239841E-3
0.000000E+0	0.000000E+0	0.000000E+0	0.000000E+0	2.674613E-3	1.939952E-3	1.210056E-3
0.000000E+0	0.000000E+0	0.000000E+0	0.000000E+0	2.635042E-3	1.939952E-3	1.180271E-3
0.000000E+0	0.000000E+0	0.000000E+0	0.000000E+0	2.654828E-3	1.959760E-3	1.210056E-3
0.000000E+0	0.000000E+0	0.000000E+0	0.000000E+0	2.595472E-3	1.910240E-3	1.190199E-3
0.000000E+0	0.000000E+0	0.000000E+0	0.000000E+0	2.635042E-3	1.890432E-3	1.140557E-3
0.000000E+0	0.000000E+0	0.000000E+0	0.000000E+0	2.644935E-3	1.949856E-3	1.190199E-3
0.000000E+0	0.000000E+0	0.000000E+0	0.000000E+0	2.625150E-3	1.959760E-3	1.180271E-3
0.000000E+0	0.000000E+0	0.000000E+0	0.000000E+0	2.674613E-3	1.900336E-3	1.170342E-3
0.000000E+0	0.000000E+0	0.000000E+0	0.000000E+0	2.605364E-3	1.959760E-3	1.180271E-3
0.000000E+0	0.000000E+0	0.000000E+0	0.000000E+0	2.546009E-3	1.920144E-3	1.140557E-3
0.000000E+0	0.000000E+0	0.000000E+0	0.000000E+0	2.565794E-3	1.939952E-3	1.170342E-3
0.000000E+0	0.000000E+0	0.000000E+0	0.000000E+0	2.575686E-3	1.930048E-3	1.130629E-3
0.000000E+0	0.000000E+0	0.000000E+0	0.000000E+0	2.536116E-3	1.959760E-3	1.160414E-3
0.000000E+0	0.000000E+0	0.000000E+0	0.000000E+0	2.486653E-3	1.930048E-3	1.150485E-3
0.000000E+0	0.000000E+0	0.000000E+0	0.000000E+0	2.506438E-3	1.959760E-3	1.140557E-3
0.000000E+0	0.000000E+0	0.000000E+0	0.000000E+0	2.476760E-3	1.890432E-3	1.130629E-3
0.000000E+0	0.000000E+0	0.000000E+0	0.000000E+0	2.476760E-3	1.890432E-3	1.120700E-3
0.000000E+0	0.000000E+0	0.000000E+0	0.000000E+0	2.575686E-3	1.930048E-3	1.090915E-3
0.000000E+0	0.000000E+0	0.000000E+0	0.000000E+0	2.456975E-3	1.930048E-3	1.080986E-3
0.000000E+0	0.000000E+0	0.000000E+0	0.000000E+0	2.546009E-3	1.880527E-3	1.110772E-3
0.000000E+0	0.000000E+0	0.000000E+0	0.000000E+0	2.427297E-3	1.920144E-3	1.150485E-3
0.000000E+0	0.000000E+0	0.000000E+0	0.000000E+0	2.476760E-3	1.890432E-3	1.140557E-3
0.000000E+0	0.000000E+0	0.000000E+0	0.000000E+0	2.456975E-3	1.890432E-3	1.100843E-3
0.000000E+0	0.000000E+0	0.000000E+0	0.000000E+0	2.407512E-3	1.860719E-3	1.110772E-3
0.000000E+0	0.000000E+0	0.000000E+0	0.000000E+0	2.308585E-3	1.850815E-3	1.061130E-3
0.000000E+0	0.000000E+0	0.000000E+0	0.000000E+0	2.367941E-3	1.840911E-3	1.090915E-3
0.000000E+0	0.000000E+0	0.000000E+0	0.000000E+0	2.348156E-3	1.870623E-3	1.080986E-3
0.000000E+0	0.000000E+0	0.000000E+0	0.000000E+0	2.417404E-3	1.890432E-3	1.071058E-3
0.000000E+0	0.000000E+0	0.000000E+0	0.000000E+0	2.278908E-3	1.840911E-3	1.061130E-3
0.000000E+0	0.000000E+0	0.000000E+0	0.000000E+0	2.377834E-3	1.910240E-3	1.061130E-3
0.000000E+0	0.000000E+0	0.000000E+0	0.000000E+0	2.358049E-3	1.840911E-3	1.051201E-3
0.000000E+0	0.000000E+0	0.000000E+0	0.000000E+0	2.318478E-3	1.821103E-3	1.090915E-3
0.000000E+0	0.000000E+0	0.000000E+0	0.000000E+0	2.318478E-3	1.811199E-3	1.051201E-3
0.000000E+0	0.000000E+0	0.000000E+0	0.000000E+0	2.269015E-3	1.850815E-3	1.041273E-3
0.000000E+0	0.000000E+0	0.000000E+0	0.000000E+0	2.209659E-3	1.840911E-3	1.041273E-3
0.000000E+0	0.000000E+0	0.000000E+0	0.000000E+0	2.348156E-3	1.801295E-3	1.041273E-3
0.000000E+0	0.000000E+0	0.000000E+0	0.000000E+0	2.249230E-3	1.831007E-3	1.071058E-3
0.000000E+0	0.000000E+0	0.000000E+0	0.000000E+0	2.239337E-3	1.831007E-3	1.071058E-3
0.000000E+0	0.000000E+0	0.000000E+0	0.000000E+0	2.259122E-3	1.840911E-3	1.090915E-3
0.000000E+0	0.000000E+0	0.000000E+0	0.000000E+0	2.239337E-3	1.880527E-3	1.041273E-3
0.000000E+0	0.000000E+0	0.000000E+0	0.000000E+0	2.219552E-3	1.840911E-3	1.071058E-3
0.000000E+0	0.000000E+0	0.000000E+0	0.000000E+0	2.189874E-3	1.771583E-3	1.021416E-3
0.000000E+0	0.000000E+0	0.000000E+0	0.000000E+0	2.189874E-3	1.761679E-3	1.011487E-3
0.000000E+0	0.000000E+0	0.000000E+0	0.000000E+0	2.090948E-3	1.731967E-3	1.061130E-3
0.000000E+0	0.000000E+0	0.000000E+0	0.000000E+0	2.189874E-3	1.821103E-3	1.071058E-3
0.000000E+0	0.000000E+0	0.000000E+0	0.000000E+0	2.179981E-3	1.712159E-3	1.080986E-3
0.000000E+0	0.000000E+0	0.000000E+0	0.000000E+0	2.051377E-3	1.771583E-3	1.041273E-3
0.000000E+0	0.000000E+0	0.000000E+0	0.000000E+0	2.061270E-3	1.771583E-3	1.080986E-3
0.000000E+0	0.000000E+0	0.000000E+0	0.000000E+0	2.021699E-3	1.722063E-3	1.100843E-3
0.000000E+0	0.000000E+0	0.000000E+0	0.000000E+0	2.120626E-3	1.791391E-3	1.031344E-3
0.000000E+0	0.000000E+0	0.000000E+0	0.000000E+0	2.140411E-3	1.771583E-3	1.080986E-3
0.000000E+0	0.000000E+0	0.000000E+0	0.000000E+0	2.110733E-3	1.811199E-3	1.041273E-3
0.000000E+0	0.000000E+0	0.000000E+0	0.000000E+0	2.061270E-3	1.791391E-3	1.021416E-3
0.000000E+0	0.000000E+0	0.000000E+0	0.000000E+0	2.001914E-3	1.751775E-3	1.051201E-3
0.000000E+0	0.000000E+0	0.000000E+0	0.000000E+0	2.120626E-3	1.722063E-3	1.041273E-3
0.000000E+0	0.000000E+0	0.000000E+0	0.000000E+0	2.021699E-3	1.692351E-3	1.031344E-3
0.000000E+0	0.000000E+0	0.000000E+0	0.000000E+0	1.972236E-3	1.741871E-3	1.021416E-3
0.000000E+0	0.000000E+0	0.000000E+0	0.000000E+0	2.061270E-3	1.662639E-3	1.001559E-3
0.000000E+0	0.000000E+0	0.000000E+0	0.000000E+0	2.071162E-3	1.731967E-3	1.041273E-3
0.000000E+0	0.000000E+0	0.000000E+0	0.000000E+0	2.061270E-3	1.632926E-3	1.080986E-3
0.000000E+0	0.000000E+0	0.000000E+0	0.000000E+0	2.041484E-3	1.603214E-3	1.011487E-3
0.000000E+0	0.000000E+0	0.000000E+0	0.000000E+0	2.031592E-3	1.692351E-3	1.061130E-3
0.000000E+0	0.000000E+0	0.000000E+0	0.000000E+0	1.982129E-3	1.682447E-3	1.021416E-3
0.000000E+0	0.000000E+0	0.000000E+0	0.000000E+0	2.061270E-3	1.632926E-3	1.061130E-3
0.000000E+0	0.000000E+0	0.000000E+0	0.000000E+0	1.992021E-3	1.514078E-3	1.011487E-3
0.000000E+0	0.000000E+0	0.000000E+0	0.000000E+0	1.962343E-3	1.642830E-3	1.021416E-3
0.000000E+0	0.000000E+0	0.000000E+0	0.000000E+0	2.061270E-3	1.623022E-3	1.041273E-3
0.000000E+0	0.000000E+0	0.000000E+0	0.000000E+0	1.962343E-3	1.642830E-3	1.041273E-3
0.000000E+0	0.000000E+0	0.000000E+0	0.000000E+0	1.962343E-3	1.632926E-3	1.031344E-3
0.000000E+0	0.000000E+0	0.000000E+0	0.000000E+0	1.922773E-3	1.514078E-3	1.031344E-3
0.000000E+0	0.000000E+0	0.000000E+0	0.000000E+0	1.992021E-3	1.514078E-3	1.031344E-3
0.000000E+0	0.000000E+0	0.000000E+0	0.000000E+0	1.922773E-3	1.593310E-3	1.031344E-3
0.000000E+0	0.000000E+0	0.000000E+0	0.000000E+0	1.922773E-3	1.593310E-3	1.041273E-3
0.000000E+0	0.000000E+0	0.000000E+0	0.000000E+0	1.972236E-3	1.514078E-3	1.001559E-3
0.000000E+0	0.000000E+0	0.000000E+0	0.000000E+0	1.922773E-3	1.603214E-3	1.011487E-3
0.000000E+0	0.000000E+0	0.000000E+0	0.000000E+0	1.942558E-3	1.523982E-3	1.011487E-3
0.000000E+0	0.000000E+0	0.000000E+0	0.000000E+0	1.863417E-3	1.563598E-3	1.001559E-3
0.000000E+0	0.000000E+0	0.000000E+0	0.000000E+0	1.912880E-3	1.543790E-3	1.021416E-3
0.000000E+0	0.000000E+0	0.000000E+0	0.000000E+0	1.873310E-3	1.484366E-3	1.001559E-3
0.000000E+0	0.000000E+0	0.000000E+0	0.000000E+0	1.863417E-3	1.454654E-3	1.011487E-3
0.000000E+0	0.000000E+0	0.000000E+0	0.000000E+0	1.883202E-3	1.474462E-3	1.011487E-3
0.000000E+0	0.000000E+0	0.000000E+0	0.000000E+0	1.902988E-3	1.523982E-3	1.021416E-3
0.000000E+0	0.000000E+0	0.000000E+0	0.000000E+0	1.932666E-3	1.494270E-3	1.011487E-3
0.000000E+0	0.000000E+0	0.000000E+0	0.000000E+0	1.902988E-3	1.444750E-3	9.817021E-4
0.000000E+0	0.000000E+0	0.000000E+0	0.000000E+0	1.843632E-3	1.533886E-3	1.031344E-3
0.000000E+0	0.000000E+0	0.000000E+0	0.000000E+0	1.833739E-3	1.474462E-3	1.001559E-3
0.000000E+0	0.000000E+0	0.000000E+0	0.000000E+0	1.902988E-3	1.444750E-3	1.001559E-3
0.000000E+0	0.000000E+0	0.000000E+0	0.000000E+0	1.873310E-3	1.504174E-3	1.001559E-3
0.000000E+0	0.000000E+0	0.000000E+0	0.000000E+0	1.823847E-3	1.484366E-3	1.021416E-3
0.000000E+0	0.000000E+0	0.000000E+0	0.000000E+0	1.873310E-3	1.415037E-3	1.011487E-3
0.000000E+0	0.000000E+0	0.000000E+0	0.000000E+0	1.873310E-3	1.415037E-3	1.011487E-3
0.000000E+0	0.000000E+0	0.000000E+0	0.000000E+0	1.922773E-3	1.474462E-3	9.916305E-4
0.000000E+0	0.000000E+0	0.000000E+0	0.000000E+0	1.823847E-3	1.533886E-3	1.001559E-3
0.000000E+0	0.000000E+0	0.000000E+0	0.000000E+0	1.833739E-3	1.424941E-3	1.031344E-3
0.000000E+0	0.000000E+0	0.000000E+0	0.000000E+0	1.843632E-3	1.375421E-3	1.001559E-3
0.000000E+0	0.000000E+0	0.000000E+0	0.000000E+0	1.823847E-3	1.375421E-3	1.011487E-3
0.000000E+0	0.000000E+0	0.000000E+0	0.000000E+0	1.823847E-3	1.405133E-3	1.021416E-3
0.000000E+0	0.000000E+0	0.000000E+0	0.000000E+0	1.823847E-3	1.424941E-3	1.001559E-3
0.000000E+0	0.000000E+0	0.000000E+0	0.000000E+0	1.863417E-3	1.306093E-3	9.916305E-4
0.000000E+0	0.000000E+0	0.000000E+0	0.000000E+0	1.833739E-3	1.315997E-3	1.011487E-3
0.000000E+0	0.000000E+0	0.000000E+0	0.000000E+0	1.833739E-3	1.355613E-3	1.001559E-3
0.000000E+0	0.000000E+0	0.000000E+0	0.000000E+0	1.823847E-3	1.286285E-3	1.011487E-3
0.000000E+0	0.000000E+0	0.000000E+0	0.000000E+0	1.853525E-3	1.266477E-3	1.011487E-3
0.000000E+0	0.000000E+0	0.000000E+0	0.000000E+0	1.804061E-3	1.365517E-3	1.011487E-3
0.000000E+0	0.000000E+0	0.000000E+0	0.000000E+0	1.833739E-3	1.385325E-3	1.001559E-3
0.000000E+0	0.000000E+0	0.000000E+0	0.000000E+0	1.853525E-3	1.385325E-3	1.011487E-3
0.000000E+0	0.000000E+0	0.000000E+0	0.000000E+0	1.843632E-3	1.296189E-3	1.001559E-3
0.000000E+0	0.000000E+0	0.000000E+0	0.000000E+0	1.843632E-3	1.315997E-3	1.021416E-3
0.000000E+0	0.000000E+0	0.000000E+0	0.000000E+0	1.833739E-3	1.276381E-3	1.001559E-3
0.000000E+0	0.000000E+0	0.000000E+0	0.000000E+0	1.813954E-3	1.315997E-3	1.011487E-3
0.000000E+0	0.000000E+0	0.000000E+0	0.000000E+0	1.833739E-3	1.256573E-3	1.031344E-3
0.000000E+0	0.000000E+0	0.000000E+0	0.000000E+0	1.823847E-3	1.296189E-3	1.011487E-3
0.000000E+0	0.000000E+0	0.000000E+0	0.000000E+0	1.823847E-3	1.286285E-3	1.011487E-3
0.000000E+0	0.000000E+0	0.000000E+0	0.000000E+0	1.804061E-3	1.266477E-3	9.618452E-4
0.000000E+0	0.000000E+0	0.000000E+0	0.000000E+0	1.813954E-3	1.226861E-3	9.717736E-4
0.000000E+0	0.000000E+0	0.000000E+0	0.000000E+0	1.813954E-3	1.296189E-3	9.916305E-4
0.000000E+0	0.000000E+0	0.000000E+0	0.000000E+0	1.804061E-3	1.256573E-3	9.717736E-4
0.000000E+0	0.000000E+0	0.000000E+0	0.000000E+0	1.804061E-3	1.216957E-3	9.916305E-4
0.000000E+0	0.000000E+0	0.000000E+0	0.000000E+0	1.813954E-3	1.266477E-3	1.001559E-3
0.000000E+0	0.000000E+0	0.000000E+0	0.000000E+0	1.804061E-3	1.216957E-3	9.916305E-4
0.000000E+0	0.000000E+0	0.000000E+0	0.000000E+0	1.794169E-3	1.197148E-3	1.011487E-3
0.000000E+0	0.000000E+0	0.000000E+0	0.000000E+0	1.804061E-3	1.197148E-3	1.001559E-3
0.000000E+0	0.000000E+0	0.000000E+0	0.000000E+0	1.804061E-3	1.286285E-3	1.001559E-3
0.000000E+0	0.000000E+0	0.000000E+0	0.000000E+0	1.804061E-3	1.147628E-3	9.916305E-4
0.000000E+0	0.000000E+0	0.000000E+0	0.000000E+0	1.813954E-3	1.216957E-3	1.001559E-3
0.000000E+0	0.000000E+0	0.000000E+0	0.000000E+0	1.823847E-3	1.207052E-3	1.001559E-3
0.000000E+0	0.000000E+0	0.000000E+0	0.000000E+0	1.794169E-3	1.226861E-3	9.916305E-4
0.000000E+0	0.000000E+0	0.000000E+0	0.000000E+0	1.813954E-3	1.266477E-3	9.817021E-4
0.000000E+0	0.000000E+0	0.000000E+0	0.000000E+0	1.813954E-3	1.216957E-3	9.916305E-4
0.000000E+0	0.000000E+0	0.000000E+0	0.000000E+0	1.813954E-3	1.157532E-3	9.817021E-4
0.000000E+0	0.000000E+0	0.000000E+0	0.000000E+0	1.823847E-3	1.137724E-3	1.021416E-3
0.000000E+0	0.000000E+0	0.000000E+0	0.000000E+0	1.804061E-3	1.266477E-3	1.001559E-3
0.000000E+0	0.000000E+0	0.000000E+0	0.000000E+0	1.804061E-3	1.187244E-3	9.817021E-4
0.000000E+0	0.000000E+0	0.000000E+0	0.000000E+0	1.823847E-3	1.147628E-3	9.817021E-4
0.000000E+0	0.000000E+0	0.000000E+0	0.000000E+0	1.804061E-3	1.108012E-3	9.717736E-4
0.000000E+0	0.000000E+0	0.000000E+0	0.000000E+0	1.794169E-3	1.117916E-3	9.122031E-4
0.000000E+0	0.000000E+0	0.000000E+0	0.000000E+0	1.804061E-3	1.147628E-3	9.618452E-4
0.000000E+0	0.000000E+0	0.000000E+0	0.000000E+0	1.804061E-3	1.226861E-3	9.916305E-4
0.000000E+0	0.000000E+0	0.000000E+0	0.000000E+0	1.804061E-3	1.216957E-3	9.519168E-4
0.000000E+0	0.000000E+0	0.000000E+0	0.000000E+0	1.794169E-3	1.127820E-3	9.817021E-4
0.000000E+0	0.000000E+0	0.000000E+0	0.000000E+0	1.794169E-3	1.167436E-3	9.817021E-4
0.000000E+0	0.000000E+0	0.000000E+0	0.000000E+0	1.784276E-3	1.197148E-3	1.001559E-3
0.000000E+0	0.000000E+0	0.000000E+0	0.000000E+0	1.804061E-3	1.127820E-3	9.717736E-4
0.000000E+0	0.000000E+0	0.000000E+0	0.000000E+0	1.804061E-3	1.108012E-3	9.618452E-4
0.000000E+0	0.000000E+0	0.000000E+0	0.000000E+0	1.804061E-3	1.108012E-3	9.519168E-4
0.000000E+0	0.000000E+0	0.000000E+0	0.000000E+0	1.754598E-3	1.127820E-3	1.001559E-3
0.000000E+0	0.000000E+0	0.000000E+0	0.000000E+0	1.804061E-3	1.137724E-3	9.817021E-4
0.000000E+0	0.000000E+0	0.000000E+0	0.000000E+0	1.784276E-3	1.078300E-3	9.618452E-4
0.000000E+0	0.000000E+0	0.000000E+0	0.000000E+0	1.794169E-3	1.167436E-3	9.717736E-4
0.000000E+0	0.000000E+0	0.000000E+0	0.000000E+0	1.764491E-3	1.117916E-3	9.519168E-4
0.000000E+0	0.000000E+0	0.000000E+0	0.000000E+0	1.784276E-3	1.197148E-3	9.717736E-4
0.000000E+0	0.000000E+0	0.000000E+0	0.000000E+0	1.774384E-3	1.088204E-3	9.519168E-4
0.000000E+0	0.000000E+0	0.000000E+0	0.000000E+0	1.794169E-3	1.157532E-3	9.221315E-4
0.000000E+0	0.000000E+0	0.000000E+0	0.000000E+0	1.774384E-3	1.088204E-3	9.717736E-4
0.000000E+0	0.000000E+0	0.000000E+0	0.000000E+0	1.754598E-3	1.117916E-3	9.618452E-4
0.000000E+0	0.000000E+0	0.000000E+0	0.000000E+0	1.774384E-3	1.127820E-3	9.717736E-4
0.000000E+0	0.000000E+0	0.000000E+0	0.000000E+0	1.794169E-3	1.088204E-3	9.419884E-4
0.000000E+0	0.000000E+0	0.000000E+0	0.000000E+0	1.774384E-3	1.068396E-3	9.717736E-4
0.000000E+0	0.000000E+0	0.000000E+0	0.000000E+0	1.804061E-3	1.127820E-3	9.221315E-4
0.000000E+0	0.000000E+0	0.000000E+0	0.000000E+0	1.764491E-3	1.028780E-3	9.618452E-4
0.000000E+0	0.000000E+0	0.000000E+0	0.000000E+0	1.804061E-3	1.117916E-3	9.419884E-4
0.000000E+0	0.000000E+0	0.000000E+0	0.000000E+0	1.754598E-3	1.088204E-3	9.817021E-4
0.000000E+0	0.000000E+0	0.000000E+0	0.000000E+0	1.764491E-3	1.048588E-3	9.419884E-4
0.000000E+0	0.000000E+0	0.000000E+0	0.000000E+0	1.764491E-3	1.098108E-3	9.320599E-4
0.000000E+0	0.000000E+0	0.000000E+0	0.000000E+0	1.764491E-3	1.038684E-3	9.717736E-4
0.000000E+0	0.000000E+0	0.000000E+0	0.000000E+0	1.794169E-3	1.088204E-3	8.824178E-4
0.000000E+0	0.000000E+0	0.000000E+0	0.000000E+0	1.784276E-3	1.068396E-3	9.419884E-4
0.000000E+0	0.000000E+0	0.000000E+0	0.000000E+0	1.804061E-3	1.058492E-3	9.419884E-4
0.000000E+0	0.000000E+0	0.000000E+0	0.000000E+0	1.774384E-3	1.048588E-3	9.419884E-4
0.000000E+0	0.000000E+0	0.000000E+0	0.000000E+0	1.754598E-3	1.098108E-3	9.122031E-4
0.000000E+0	0.000000E+0	0.000000E+0	0.000000E+0	1.784276E-3	1.088204E-3	9.618452E-4
0.000000E+0	0.000000E+0	0.000000E+0	0.000000E+0	1.734813E-3	1.068396E-3	9.320599E-4
0.000000E+0	0.000000E+0	0.000000E+0	0.000000E+0	1.744706E-3	1.038684E-3	9.618452E-4
0.000000E+0	0.000000E+0	0.000000E+0	0.000000E+0	1.724920E-3	1.058492E-3	9.519168E-4
0.000000E+0	0.000000E+0	0.000000E+0	0.000000E+0	1.754598E-3	1.108012E-3	9.717736E-4
0.000000E+0	0.000000E+0	0.000000E+0	0.000000E+0	1.734813E-3	1.028780E-3	8.724894E-4
0.000000E+0	0.000000E+0	0.000000E+0	0.000000E+0	1.784276E-3	1.068396E-3	9.817021E-4
0.000000E+0	0.000000E+0	0.000000E+0	0.000000E+0	1.754598E-3	1.018876E-3	9.419884E-4
0.000000E+0	0.000000E+0	0.000000E+0	0.000000E+0	1.774384E-3	1.108012E-3	9.221315E-4
0.000000E+0	0.000000E+0	0.000000E+0	0.000000E+0	1.744706E-3	1.028780E-3	9.916305E-4
0.000000E+0	0.000000E+0	0.000000E+0	0.000000E+0	1.734813E-3	1.028780E-3	9.122031E-4
0.000000E+0	0.000000E+0	0.000000E+0	0.000000E+0	1.744706E-3	1.058492E-3	9.519168E-4
0.000000E+0	0.000000E+0	0.000000E+0	0.000000E+0	1.734813E-3	1.038684E-3	9.320599E-4
0.000000E+0	0.000000E+0	0.000000E+0	0.000000E+0	1.744706E-3	1.048588E-3	8.724894E-4
0.000000E+0	0.000000E+0	0.000000E+0	0.000000E+0	1.695243E-3	1.008972E-3	9.122031E-4
0.000000E+0	0.000000E+0	0.000000E+0	0.000000E+0	1.715028E-3	1.048588E-3	9.320599E-4
0.000000E+0	0.000000E+0	0.000000E+0	0.000000E+0	1.705135E-3	1.038684E-3	9.221315E-4
0.000000E+0	0.000000E+0	0.000000E+0	0.000000E+0	1.724920E-3	1.038684E-3	9.519168E-4
0.000000E+0	0.000000E+0	0.000000E+0	0.000000E+0	1.754598E-3	1.028780E-3	9.122031E-4
0.000000E+0	0.000000E+0	0.000000E+0	0.000000E+0	1.734813E-3	1.008972E-3	9.221315E-4
0.000000E+0	0.000000E+0	0.000000E+0	0.000000E+0	1.705135E-3	1.068396E-3	9.022746E-4
0.000000E+0	0.000000E+0	0.000000E+0	0.000000E+0	1.715028E-3	1.018876E-3	9.717736E-4
0.000000E+0	0.000000E+0	0.000000E+0	0.000000E+0	1.724920E-3	1.028780E-3	9.618452E-4
0.000000E+0	0.000000E+0	0.000000E+0	0.000000E+0	1.675457E-3	1.018876E-3	9.122031E-4
0.000000E+0	0.000000E+0	0.000000E+0	0.000000E+0	1.705135E-3	1.028780E-3	9.022746E-4
0.000000E+0	0.000000E+0	0.000000E+0	0.000000E+0	1.724920E-3	1.018876E-3	9.221315E-4
0.000000E+0	0.000000E+0	0.000000E+0	0.000000E+0	1.705135E-3	1.018876E-3	8.824178E-4
0.000000E+0	0.000000E+0	0.000000E+0	0.000000E+0	1.724920E-3	1.058492E-3	9.221315E-4
0.000000E+0	0.000000E+0	0.000000E+0	0.000000E+0	1.734813E-3	1.018876E-3	9.022746E-4
0.000000E+0	0.000000E+0	0.000000E+0	0.000000E+0	1.675457E-3	9.792596E-4	9.022746E-4
0.000000E+0	0.000000E+0	0.000000E+0	0.000000E+0	1.645779E-3	1.028780E-3	9.022746E-4
0.000000E+0	0.000000E+0	0.000000E+0	0.000000E+0	1.734813E-3	9.990677E-4	8.427041E-4
0.000000E+0	0.000000E+0	0.000000E+0	0.000000E+0	1.685350E-3	1.008972E-3	9.022746E-4
0.000000E+0	0.000000E+0	0.000000E+0	0.000000E+0	1.724920E-3	1.018876E-3	8.724894E-4
0.000000E+0	0.000000E+0	0.000000E+0	0.000000E+0	1.616101E-3	1.008972E-3	9.419884E-4
0.000000E+0	0.000000E+0	0.000000E+0	0.000000E+0	1.645779E-3	1.018876E-3	8.724894E-4
0.000000E+0	0.000000E+0	0.000000E+0	0.000000E+0	1.685350E-3	1.018876E-3	8.923462E-4
0.000000E+0	0.000000E+0	0.000000E+0	0.000000E+0	1.665565E-3	1.028780E-3	9.122031E-4
0.000000E+0	0.000000E+0	0.000000E+0	0.000000E+0	1.566638E-3	1.008972E-3	8.427041E-4
0.000000E+0	0.000000E+0	0.000000E+0	0.000000E+0	1.606209E-3	1.018876E-3	9.022746E-4
0.000000E+0	0.000000E+0	0.000000E+0	0.000000E+0	1.655672E-3	9.990677E-4	8.625609E-4
0.000000E+0	0.000000E+0	0.000000E+0	0.000000E+0	1.645779E-3	1.018876E-3	8.923462E-4
0.000000E+0	0.000000E+0	0.000000E+0	0.000000E+0	1.655672E-3	1.018876E-3	9.022746E-4
0.000000E+0	0.000000E+0	0.000000E+0	0.000000E+0	1.734813E-3	1.008972E-3	7.930619E-4
0.000000E+0	0.000000E+0	0.000000E+0	0.000000E+0	1.546853E-3	1.038684E-3	8.526325E-4
0.000000E+0	0.000000E+0	0.000000E+0	0.000000E+0	1.675457E-3	1.028780E-3	8.625609E-4
0.000000E+0	0.000000E+0	0.000000E+0	0.000000E+0	1.625994E-3	1.028780E-3	8.724894E-4
0.000000E+0	0.000000E+0	0.000000E+0	0.000000E+0	1.616101E-3	1.028780E-3	8.526325E-4
0.000000E+0	0.000000E+0	0.000000E+0	0.000000E+0	1.586424E-3	1.008972E-3	8.724894E-4
0.000000E+0	0.000000E+0	0.000000E+0	0.000000E+0	1.655672E-3	9.990677E-4	7.831335E-4
0.000000E+0	0.000000E+0	0.000000E+0	0.000000E+0	1.596316E-3	9.891636E-4	7.732051E-4
0.000000E+0	0.000000E+0	0.000000E+0	0.000000E+0	1.665565E-3	9.891636E-4	8.327757E-4
0.000000E+0	0.000000E+0	0.000000E+0	0.000000E+0	1.635887E-3	9.792596E-4	8.427041E-4
0.000000E+0	0.000000E+0	0.000000E+0	0.000000E+0	1.596316E-3	9.891636E-4	8.228472E-4
0.000000E+0	0.000000E+0	0.000000E+0	0.000000E+0	1.675457E-3	9.990677E-4	8.923462E-4
0.000000E+0	0.000000E+0	0.000000E+0	0.000000E+0	1.566638E-3	1.018876E-3	8.625609E-4
0.000000E+0	0.000000E+0	0.000000E+0	0.000000E+0	1.596316E-3	1.008972E-3	8.824178E-4
0.000000E+0	0.000000E+0	0.000000E+0	0.000000E+0	1.477605E-3	9.792596E-4	7.831335E-4
0.000000E+0	0.000000E+0	0.000000E+0	0.000000E+0	1.606209E-3	9.990677E-4	9.221315E-4
0.000000E+0	0.000000E+0	0.000000E+0	0.000000E+0	1.536960E-3	9.990677E-4	8.923462E-4
0.000000E+0	0.000000E+0	0.000000E+0	0.000000E+0	1.596316E-3	9.891636E-4	8.923462E-4
0.000000E+0	0.000000E+0	0.000000E+0	0.000000E+0	1.576531E-3	1.018876E-3	8.526325E-4
0.000000E+0	0.000000E+0	0.000000E+0	0.000000E+0	1.635887E-3	1.028780E-3	7.632767E-4
0.000000E+0	0.000000E+0	0.000000E+0	0.000000E+0	1.586424E-3	9.990677E-4	8.724894E-4
0.000000E+0	0.000000E+0	0.000000E+0	0.000000E+0	1.576531E-3	9.990677E-4	8.724894E-4
0.000000E+0	0.000000E+0	0.000000E+0	0.000000E+0	1.556746E-3	9.891636E-4	7.930619E-4
0.000000E+0	0.000000E+0	0.000000E+0	0.000000E+0	1.566638E-3	9.990677E-4	8.029903E-4
0.000000E+0	0.000000E+0	0.000000E+0	0.000000E+0	1.566638E-3	9.990677E-4	7.930619E-4
0.000000E+0	0.000000E+0	0.000000E+0	0.000000E+0	1.497390E-3	9.891636E-4	8.228472E-4
0.000000E+0	0.000000E+0	0.000000E+0	0.000000E+0	1.507283E-3	9.693555E-4	8.029903E-4
0.000000E+0	0.000000E+0	0.000000E+0	0.000000E+0	1.556746E-3	9.693555E-4	8.129188E-4
0.000000E+0	0.000000E+0	0.000000E+0	0.000000E+0	1.556746E-3	9.990677E-4	8.129188E-4
0.000000E+0	0.000000E+0	0.000000E+0	0.000000E+0	1.527068E-3	9.891636E-4	8.327757E-4
0.000000E+0	0.000000E+0	0.000000E+0	0.000000E+0	1.477605E-3	9.891636E-4	7.930619E-4
0.000000E+0	0.000000E+0	0.000000E+0	0.000000E+0	1.527068E-3	9.990677E-4	8.625609E-4
0.000000E+0	0.000000E+0	0.000000E+0	0.000000E+0	1.477605E-3	9.891636E-4	7.930619E-4
0.000000E+0	0.000000E+0	0.000000E+0	0.000000E+0	1.536960E-3	9.891636E-4	8.427041E-4
0.000000E+0	0.000000E+0	0.000000E+0	0.000000E+0	1.556746E-3	9.990677E-4	7.533482E-4
0.000000E+0	0.000000E+0	0.000000E+0	0.000000E+0	1.477605E-3	1.008972E-3	7.831335E-4
0.000000E+0	0.000000E+0	0.000000E+0	0.000000E+0	1.487497E-3	9.990677E-4	8.029903E-4
0.000000E+0	0.000000E+0	0.000000E+0	0.000000E+0	1.497390E-3	9.693555E-4	8.029903E-4
0.000000E+0	0.000000E+0	0.000000E+0	0.000000E+0	1.447927E-3	9.990677E-4	7.632767E-4
0.000000E+0	0.000000E+0	0.000000E+0	0.000000E+0	1.418249E-3	9.891636E-4	8.228472E-4
0.000000E+0	0.000000E+0	0.000000E+0	0.000000E+0	1.527068E-3	9.792596E-4	7.136345E-4
0.000000E+0	0.000000E+0	0.000000E+0	0.000000E+0	1.477605E-3	9.891636E-4	7.434198E-4
0.000000E+0	0.000000E+0	0.000000E+0	0.000000E+0	1.497390E-3	9.990677E-4	8.228472E-4
0.000000E+0	0.000000E+0	0.000000E+0	0.000000E+0	1.497390E-3	9.891636E-4	8.228472E-4
0.000000E+0	0.000000E+0	0.000000E+0	0.000000E+0	1.517175E-3	1.008972E-3	7.334914E-4
0.000000E+0	0.000000E+0	0.000000E+0	0.000000E+0	1.447927E-3	9.891636E-4	7.732051E-4
0.000000E+0	0.000000E+0	0.000000E+0	0.000000E+0	1.467712E-3	9.792596E-4	7.334914E-4
0.000000E+0	0.000000E+0	0.000000E+0	0.000000E+0	1.428142E-3	9.792596E-4	8.526325E-4
0.000000E+0	0.000000E+0	0.000000E+0	0.000000E+0	1.418249E-3	9.891636E-4	7.732051E-4
0.000000E+0	0.000000E+0	0.000000E+0	0.000000E+0	1.358893E-3	9.693555E-4	7.632767E-4
0.000000E+0	0.000000E+0	0.000000E+0	0.000000E+0	1.408356E-3	9.891636E-4	7.732051E-4
0.000000E+0	0.000000E+0	0.000000E+0	0.000000E+0	1.457819E-3	9.594515E-4	7.533482E-4
0.000000E+0	0.000000E+0	0.000000E+0	0.000000E+0	1.368786E-3	9.792596E-4	7.136345E-4
0.000000E+0	0.000000E+0	0.000000E+0	0.000000E+0	1.378678E-3	9.891636E-4	7.136345E-4
0.000000E+0	0.000000E+0	0.000000E+0	0.000000E+0	1.378678E-3	9.792596E-4	7.632767E-4
0.000000E+0	0.000000E+0	0.000000E+0	0.000000E+0	1.457819E-3	9.594515E-4	6.838492E-4
0.000000E+0	0.000000E+0	0.000000E+0	0.000000E+0	1.398464E-3	9.594515E-4	6.838492E-4
0.000000E+0	0.000000E+0	0.000000E+0	0.000000E+0	1.378678E-3	9.594515E-4	6.540639E-4
0.000000E+0	0.000000E+0	0.000000E+0	0.000000E+0	1.329215E-3	9.891636E-4	7.533482E-4
0.000000E+0	0.000000E+0	0.000000E+0	0.000000E+0	1.388571E-3	9.792596E-4	7.334914E-4
0.000000E+0	0.000000E+0	0.000000E+0	0.000000E+0	1.358893E-3	9.891636E-4	7.136345E-4
0.000000E+0	0.000000E+0	0.000000E+0	0.000000E+0	1.358893E-3	9.990677E-4	7.334914E-4
0.000000E+0	0.000000E+0	0.000000E+0	0.000000E+0	1.368786E-3	9.693555E-4	7.632767E-4
0.000000E+0	0.000000E+0	0.000000E+0	0.000000E+0	1.378678E-3	9.792596E-4	7.235630E-4
0.000000E+0	0.000000E+0	0.000000E+0	0.000000E+0	1.349000E-3	9.990677E-4	7.434198E-4
0.000000E+0	0.000000E+0	0.000000E+0	0.000000E+0	1.319323E-3	9.792596E-4	7.037061E-4
0.000000E+0	0.000000E+0	0.000000E+0	0.000000E+0	1.378678E-3	9.792596E-4	6.639924E-4
0.000000E+0	0.000000E+0	0.000000E+0	0.000000E+0	1.319323E-3	9.594515E-4	7.334914E-4
0.000000E+0	0.000000E+0	0.000000E+0	0.000000E+0	1.349000E-3	9.990677E-4	7.235630E-4
0.000000E+0	0.000000E+0	0.000000E+0	0.000000E+0	1.378678E-3	9.891636E-4	6.937776E-4
0.000000E+0	0.000000E+0	0.000000E+0	0.000000E+0	1.240182E-3	9.198353E-4	7.136345E-4
0.000000E+0	0.000000E+0	0.000000E+0	0.000000E+0	1.299537E-3	9.792596E-4	7.037061E-4
0.000000E+0	0.000000E+0	0.000000E+0	0.000000E+0	1.190718E-3	9.891636E-4	7.732051E-4
0.000000E+0	0.000000E+0	0.000000E+0	0.000000E+0	1.269859E-3	9.396434E-4	6.143503E-4
0.000000E+0	0.000000E+0	0.000000E+0	0.000000E+0	1.329215E-3	9.594515E-4	7.037061E-4
0.000000E+0	0.000000E+0	0.000000E+0	0.000000E+0	1.418249E-3	9.792596E-4	5.944934E-4
0.000000E+0	0.000000E+0	0.000000E+0	0.000000E+0	1.438034E-3	9.693555E-4	6.639924E-4
0.000000E+0	0.000000E+0	0.000000E+0	0.000000E+0	1.309430E-3	9.792596E-4	6.739208E-4
0.000000E+0	0.000000E+0	0.000000E+0	0.000000E+0	1.230289E-3	9.693555E-4	5.944934E-4
0.000000E+0	0.000000E+0	0.000000E+0	0.000000E+0	1.279752E-3	9.594515E-4	6.441355E-4
0.000000E+0	0.000000E+0	0.000000E+0	0.000000E+0	1.289645E-3	9.792596E-4	6.143503E-4
0.000000E+0	0.000000E+0	0.000000E+0	0.000000E+0	1.349000E-3	9.396434E-4	6.342071E-4
0.000000E+0	0.000000E+0	0.000000E+0	0.000000E+0	1.240182E-3	9.594515E-4	5.845649E-4
0.000000E+0	0.000000E+0	0.000000E+0	0.000000E+0	1.230289E-3	9.693555E-4	5.547797E-4
0.000000E+0	0.000000E+0	0.000000E+0	0.000000E+0	1.319323E-3	9.693555E-4	6.441355E-4
0.000000E+0	0.000000E+0	0.000000E+0	0.000000E+0	1.250074E-3	9.297394E-4	5.944934E-4
0.000000E+0	0.000000E+0	0.000000E+0	0.000000E+0	1.279752E-3	9.693555E-4	6.937776E-4
0.000000E+0	0.000000E+0	0.000000E+0	0.000000E+0	1.250074E-3	9.693555E-4	6.540639E-4
0.000000E+0	0.000000E+0	0.000000E+0	0.000000E+0	1.220396E-3	9.297394E-4	6.441355E-4
0.000000E+0	0.000000E+0	0.000000E+0	0.000000E+0	1.230289E-3	9.396434E-4	6.044218E-4
0.000000E+0	0.000000E+0	0.000000E+0	0.000000E+0	1.240182E-3	9.495475E-4	7.136345E-4
0.000000E+0	0.000000E+0	0.000000E+0	0.000000E+0	1.170933E-3	9.792596E-4	6.143503E-4
0.000000E+0	0.000000E+0	0.000000E+0	0.000000E+0	1.180826E-3	9.792596E-4	6.044218E-4
0.000000E+0	0.000000E+0	0.000000E+0	0.000000E+0	1.220396E-3	9.792596E-4	6.838492E-4
0.000000E+0	0.000000E+0	0.000000E+0	0.000000E+0	1.121470E-3	9.495475E-4	6.044218E-4
0.000000E+0	0.000000E+0	0.000000E+0	0.000000E+0	1.210504E-3	9.594515E-4	6.242787E-4
0.000000E+0	0.000000E+0	0.000000E+0	0.000000E+0	1.240182E-3	9.495475E-4	5.051375E-4
0.000000E+0	0.000000E+0	0.000000E+0	0.000000E+0	1.220396E-3	9.693555E-4	5.051375E-4
0.000000E+0	0.000000E+0	0.000000E+0	0.000000E+0	1.131363E-3	9.792596E-4	5.647081E-4
0.000000E+0	0.000000E+0	0.000000E+0	0.000000E+0	1.161041E-3	9.594515E-4	6.242787E-4
0.000000E+0	0.000000E+0	0.000000E+0	0.000000E+0	1.151148E-3	9.693555E-4	6.242787E-4
0.000000E+0	0.000000E+0	0.000000E+0	0.000000E+0	1.151148E-3	9.396434E-4	5.746365E-4
0.000000E+0	0.000000E+0	0.000000E+0	0.000000E+0	1.131363E-3	9.198353E-4	6.044218E-4
0.000000E+0	0.000000E+0	0.000000E+0	0.000000E+0	1.250074E-3	8.802192E-4	6.044218E-4
0.000000E+0	0.000000E+0	0.000000E+0	0.000000E+0	1.279752E-3	9.693555E-4	5.647081E-4
0.000000E+0	0.000000E+0	0.000000E+0	0.000000E+0	1.240182E-3	9.495475E-4	6.242787E-4
0.000000E+0	0.000000E+0	0.000000E+0	0.000000E+0	1.151148E-3	9.297394E-4	6.342071E-4
0.000000E+0	0.000000E+0	0.000000E+0	0.000000E+0	1.062114E-3	9.594515E-4	5.647081E-4
0.000000E+0	0.000000E+0	0.000000E+0	0.000000E+0	1.121470E-3	9.594515E-4	5.944934E-4
0.000000E+0	0.000000E+0	0.000000E+0	0.000000E+0	1.220396E-3	9.198353E-4	5.448512E-4
0.000000E+0	0.000000E+0	0.000000E+0	0.000000E+0	1.131363E-3	9.495475E-4	5.051375E-4
0.000000E+0	0.000000E+0	0.000000E+0	0.000000E+0	1.101685E-3	9.495475E-4	5.845649E-4
0.000000E+0	0.000000E+0	0.000000E+0	0.000000E+0	1.081900E-3	9.594515E-4	5.547797E-4
0.000000E+0	0.000000E+0	0.000000E+0	0.000000E+0	1.042329E-3	9.297394E-4	4.753523E-4
0.000000E+0	0.000000E+0	0.000000E+0	0.000000E+0	1.170933E-3	9.495475E-4	5.547797E-4
0.000000E+0	0.000000E+0	0.000000E+0	0.000000E+0	1.081900E-3	9.495475E-4	5.547797E-4
0.000000E+0	0.000000E+0	0.000000E+0	0.000000E+0	1.170933E-3	9.396434E-4	5.448512E-4
0.000000E+0	0.000000E+0	0.000000E+0	0.000000E+0	1.101685E-3	9.792596E-4	5.547797E-4
0.000000E+0	0.000000E+0	0.000000E+0	0.000000E+0	1.101685E-3	9.495475E-4	5.448512E-4
0.000000E+0	0.000000E+0	0.000000E+0	0.000000E+0	1.081900E-3	9.000272E-4	4.654238E-4
0.000000E+0	0.000000E+0	0.000000E+0	0.000000E+0	1.012651E-3	9.000272E-4	5.647081E-4
0.000000E+0	0.000000E+0	0.000000E+0	0.000000E+0	9.928659E-4	9.396434E-4	4.257101E-4
0.000000E+0	0.000000E+0	0.000000E+0	0.000000E+0	1.062114E-3	9.594515E-4	5.349228E-4
0.000000E+0	0.000000E+0	0.000000E+0	0.000000E+0	1.032436E-3	9.000272E-4	5.150660E-4
0.000000E+0	0.000000E+0	0.000000E+0	0.000000E+0	1.121470E-3	9.000272E-4	5.249944E-4
0.000000E+0	0.000000E+0	0.000000E+0	0.000000E+0	1.131363E-3	9.297394E-4	6.143503E-4
0.000000E+0	0.000000E+0	0.000000E+0	0.000000E+0	1.111577E-3	9.495475E-4	5.547797E-4
0.000000E+0	0.000000E+0	0.000000E+0	0.000000E+0	1.062114E-3	9.198353E-4	5.845649E-4
0.000000E+0	0.000000E+0	0.000000E+0	0.000000E+0	1.032436E-3	9.099313E-4	5.249944E-4
0.000000E+0	0.000000E+0	0.000000E+0	0.000000E+0	1.121470E-3	9.198353E-4	5.051375E-4
0.000000E+0	0.000000E+0	0.000000E+0	0.000000E+0	1.062114E-3	9.000272E-4	4.157817E-4
0.000000E+0	0.000000E+0	0.000000E+0	0.000000E+0	1.081900E-3	9.000272E-4	4.753523E-4
0.000000E+0	0.000000E+0	0.000000E+0	0.000000E+0	1.072007E-3	9.594515E-4	5.845649E-4
0.000000E+0	0.000000E+0	0.000000E+0	0.000000E+0	1.131363E-3	9.297394E-4	4.952091E-4
0.000000E+0	0.000000E+0	0.000000E+0	0.000000E+0	1.062114E-3	8.901232E-4	4.356385E-4
0.000000E+0	0.000000E+0	0.000000E+0	0.000000E+0	1.022544E-3	9.495475E-4	6.242787E-4
0.000000E+0	0.000000E+0	0.000000E+0	0.000000E+0	1.042329E-3	9.000272E-4	5.150660E-4
0.000000E+0	0.000000E+0	0.000000E+0	0.000000E+0	1.032436E-3	9.594515E-4	5.547797E-4
0.000000E+0	0.000000E+0	0.000000E+0	0.000000E+0	9.730806E-4	9.099313E-4	5.051375E-4
0.000000E+0	0.000000E+0	0.000000E+0	0.000000E+0	1.002759E-3	8.901232E-4	5.547797E-4
0.000000E+0	0.000000E+0	0.000000E+0	0.000000E+0	1.042329E-3	9.297394E-4	4.157817E-4
0.000000E+0	0.000000E+0	0.000000E+0	0.000000E+0	1.012651E-3	9.000272E-4	4.852807E-4
0.000000E+0	0.000000E+0	0.000000E+0	0.000000E+0	1.002759E-3	9.594515E-4	4.753523E-4
0.000000E+0	0.000000E+0	0.000000E+0	0.000000E+0	9.532954E-4	8.802192E-4	3.760680E-4
0.000000E+0	0.000000E+0	0.000000E+0	0.000000E+0	9.829733E-4	8.901232E-4	4.455670E-4
