This is a C(T) experiment being done in Physics 350.
It records the decay response of an RC circuit where the capacitance is a strong function of temperature.

2/20/2013
2:36 PM

Start temp = 40.0
Temp step = 10.0
End temp = 60.0
Num temps = 3
Num avg cycles = 30
Num points per meas = 1000
Meas time interval = 1.000000E-5

DDD

3.000000E+1	3.000000E+0	4.000000E+1	9.926638E-9	1.000000E+0	1.000000E+0	1.000000E+0
1.000000E+3	0.000000E+0	5.000000E+1	9.098525E-9	9.842109E-1	9.909166E-1	9.910737E-1
1.000000E-5	0.000000E+0	6.000000E+1	7.861832E-9	9.785085E-1	9.795069E-1	9.704293E-1
0.000000E+0	0.000000E+0	0.000000E+0	0.000000E+0	9.756970E-1	9.697642E-1	9.629224E-1
0.000000E+0	0.000000E+0	0.000000E+0	0.000000E+0	9.631284E-1	9.547982E-1	9.478923E-1
0.000000E+0	0.000000E+0	0.000000E+0	0.000000E+0	9.514619E-1	9.536666E-1	9.401348E-1
0.000000E+0	0.000000E+0	0.000000E+0	0.000000E+0	9.452336E-1	9.366245E-1	9.257161E-1
0.000000E+0	0.000000E+0	0.000000E+0	0.000000E+0	9.330716E-1	9.211068E-1	9.122740E-1
0.000000E+0	0.000000E+0	0.000000E+0	0.000000E+0	9.193812E-1	9.176465E-1	8.978670E-1
0.000000E+0	0.000000E+0	0.000000E+0	0.000000E+0	9.133750E-1	9.090097E-1	8.911541E-1
0.000000E+0	0.000000E+0	0.000000E+0	0.000000E+0	9.029215E-1	8.988906E-1	8.767424E-1
0.000000E+0	0.000000E+0	0.000000E+0	0.000000E+0	8.974528E-1	8.835670E-1	8.727817E-1
0.000000E+0	0.000000E+0	0.000000E+0	0.000000E+0	8.879667E-1	8.785939E-1	8.601220E-1
0.000000E+0	0.000000E+0	0.000000E+0	0.000000E+0	8.748513E-1	8.653699E-1	8.444408E-1
0.000000E+0	0.000000E+0	0.000000E+0	0.000000E+0	8.674896E-1	8.609159E-1	8.413748E-1
0.000000E+0	0.000000E+0	0.000000E+0	0.000000E+0	8.577465E-1	8.473716E-1	8.234193E-1
0.000000E+0	0.000000E+0	0.000000E+0	0.000000E+0	8.463113E-1	8.390832E-1	8.151888E-1
0.000000E+0	0.000000E+0	0.000000E+0	0.000000E+0	8.410273E-1	8.314892E-1	8.058222E-1
0.000000E+0	0.000000E+0	0.000000E+0	0.000000E+0	8.344112E-1	8.219336E-1	7.931157E-1
0.000000E+0	0.000000E+0	0.000000E+0	0.000000E+0	8.187203E-1	8.093876E-1	7.861897E-1
0.000000E+0	0.000000E+0	0.000000E+0	0.000000E+0	8.140252E-1	8.050622E-1	7.718296E-1
0.000000E+0	0.000000E+0	0.000000E+0	0.000000E+0	8.088136E-1	7.935917E-1	7.638637E-1
0.000000E+0	0.000000E+0	0.000000E+0	0.000000E+0	7.972873E-1	7.862947E-1	7.560571E-1
0.000000E+0	0.000000E+0	0.000000E+0	0.000000E+0	7.893181E-1	7.757361E-1	7.472808E-1
0.000000E+0	0.000000E+0	0.000000E+0	0.000000E+0	7.804467E-1	7.664330E-1	7.366799E-1
0.000000E+0	0.000000E+0	0.000000E+0	0.000000E+0	7.742465E-1	7.592762E-1	7.255755E-1
0.000000E+0	0.000000E+0	0.000000E+0	0.000000E+0	7.650153E-1	7.535878E-1	7.170592E-1
0.000000E+0	0.000000E+0	0.000000E+0	0.000000E+0	7.590652E-1	7.447079E-1	7.064443E-1
0.000000E+0	0.000000E+0	0.000000E+0	0.000000E+0	7.485532E-1	7.360478E-1	6.960425E-1
0.000000E+0	0.000000E+0	0.000000E+0	0.000000E+0	7.402194E-1	7.232025E-1	6.936089E-1
0.000000E+0	0.000000E+0	0.000000E+0	0.000000E+0	7.346829E-1	7.219821E-1	6.802700E-1
0.000000E+0	0.000000E+0	0.000000E+0	0.000000E+0	7.301982E-1	7.114001E-1	6.748689E-1
0.000000E+0	0.000000E+0	0.000000E+0	0.000000E+0	7.229230E-1	7.015055E-1	6.679992E-1
0.000000E+0	0.000000E+0	0.000000E+0	0.000000E+0	7.091042E-1	6.962543E-1	6.589723E-1
0.000000E+0	0.000000E+0	0.000000E+0	0.000000E+0	7.035771E-1	6.884312E-1	6.446145E-1
0.000000E+0	0.000000E+0	0.000000E+0	0.000000E+0	7.005974E-1	6.851299E-1	6.358313E-1
0.000000E+0	0.000000E+0	0.000000E+0	0.000000E+0	6.941355E-1	6.731381E-1	6.264999E-1
0.000000E+0	0.000000E+0	0.000000E+0	0.000000E+0	6.882953E-1	6.660702E-1	6.265748E-1
0.000000E+0	0.000000E+0	0.000000E+0	0.000000E+0	6.782204E-1	6.583617E-1	6.161614E-1
0.000000E+0	0.000000E+0	0.000000E+0	0.000000E+0	6.735042E-1	6.487547E-1	6.061250E-1
0.000000E+0	0.000000E+0	0.000000E+0	0.000000E+0	6.634808E-1	6.479060E-1	6.016819E-1
0.000000E+0	0.000000E+0	0.000000E+0	0.000000E+0	6.577410E-1	6.360264E-1	5.937441E-1
0.000000E+0	0.000000E+0	0.000000E+0	0.000000E+0	6.523705E-1	6.267935E-1	5.879542E-1
0.000000E+0	0.000000E+0	0.000000E+0	0.000000E+0	6.446887E-1	6.249020E-1	5.781989E-1
0.000000E+0	0.000000E+0	0.000000E+0	0.000000E+0	6.364811E-1	6.186501E-1	5.686614E-1
0.000000E+0	0.000000E+0	0.000000E+0	0.000000E+0	6.336299E-1	6.146240E-1	5.604380E-1
0.000000E+0	0.000000E+0	0.000000E+0	0.000000E+0	6.268573E-1	6.029876E-1	5.596533E-1
0.000000E+0	0.000000E+0	0.000000E+0	0.000000E+0	6.186333E-1	5.981385E-1	5.491626E-1
0.000000E+0	0.000000E+0	0.000000E+0	0.000000E+0	6.140551E-1	5.918632E-1	5.472841E-1
0.000000E+0	0.000000E+0	0.000000E+0	0.000000E+0	6.091052E-1	5.824176E-1	5.350274E-1
0.000000E+0	0.000000E+0	0.000000E+0	0.000000E+0	6.036132E-1	5.795278E-1	5.325892E-1
0.000000E+0	0.000000E+0	0.000000E+0	0.000000E+0	5.968943E-1	5.778935E-1	5.242322E-1
0.000000E+0	0.000000E+0	0.000000E+0	0.000000E+0	5.864338E-1	5.709565E-1	5.184376E-1
0.000000E+0	0.000000E+0	0.000000E+0	0.000000E+0	5.872868E-1	5.588198E-1	5.075979E-1
0.000000E+0	0.000000E+0	0.000000E+0	0.000000E+0	5.799182E-1	5.573211E-1	5.049348E-1
0.000000E+0	0.000000E+0	0.000000E+0	0.000000E+0	5.688314E-1	5.498745E-1	4.955894E-1
0.000000E+0	0.000000E+0	0.000000E+0	0.000000E+0	5.671254E-1	5.420725E-1	4.951303E-1
0.000000E+0	0.000000E+0	0.000000E+0	0.000000E+0	5.615586E-1	5.375367E-1	4.845529E-1
0.000000E+0	0.000000E+0	0.000000E+0	0.000000E+0	5.524653E-1	5.267631E-1	4.838011E-1
0.000000E+0	0.000000E+0	0.000000E+0	0.000000E+0	5.437715E-1	5.231906E-1	4.720550E-1
0.000000E+0	0.000000E+0	0.000000E+0	0.000000E+0	5.412522E-1	5.199758E-1	4.640400E-1
0.000000E+0	0.000000E+0	0.000000E+0	0.000000E+0	5.355546E-1	5.147970E-1	4.604728E-1
0.000000E+0	0.000000E+0	0.000000E+0	0.000000E+0	5.359846E-1	5.053607E-1	4.537928E-1
0.000000E+0	0.000000E+0	0.000000E+0	0.000000E+0	5.268352E-1	4.980918E-1	4.457638E-1
0.000000E+0	0.000000E+0	0.000000E+0	0.000000E+0	5.198288E-1	4.985992E-1	4.413042E-1
0.000000E+0	0.000000E+0	0.000000E+0	0.000000E+0	5.161363E-1	4.935139E-1	4.382664E-1
0.000000E+0	0.000000E+0	0.000000E+0	0.000000E+0	5.094829E-1	4.830396E-1	4.335422E-1
0.000000E+0	0.000000E+0	0.000000E+0	0.000000E+0	5.057857E-1	4.811551E-1	4.248011E-1
0.000000E+0	0.000000E+0	0.000000E+0	0.000000E+0	5.032056E-1	4.762780E-1	4.211450E-1
0.000000E+0	0.000000E+0	0.000000E+0	0.000000E+0	4.965451E-1	4.697105E-1	4.160226E-1
0.000000E+0	0.000000E+0	0.000000E+0	0.000000E+0	4.936449E-1	4.699022E-1	4.136335E-1
0.000000E+0	0.000000E+0	0.000000E+0	0.000000E+0	4.889685E-1	4.612913E-1	4.063212E-1
0.000000E+0	0.000000E+0	0.000000E+0	0.000000E+0	4.818593E-1	4.541042E-1	3.993953E-1
0.000000E+0	0.000000E+0	0.000000E+0	0.000000E+0	4.795597E-1	4.536786E-1	4.007842E-1
0.000000E+0	0.000000E+0	0.000000E+0	0.000000E+0	4.735256E-1	4.490587E-1	3.903708E-1
0.000000E+0	0.000000E+0	0.000000E+0	0.000000E+0	4.702491E-1	4.440740E-1	3.848784E-1
0.000000E+0	0.000000E+0	0.000000E+0	0.000000E+0	4.671408E-1	4.375182E-1	3.819319E-1
0.000000E+0	0.000000E+0	0.000000E+0	0.000000E+0	4.556778E-1	4.310232E-1	3.742378E-1
0.000000E+0	0.000000E+0	0.000000E+0	0.000000E+0	4.555516E-1	4.277920E-1	3.716099E-1
0.000000E+0	0.000000E+0	0.000000E+0	0.000000E+0	4.465681E-1	4.241587E-1	3.656138E-1
0.000000E+0	0.000000E+0	0.000000E+0	0.000000E+0	4.422423E-1	4.193564E-1	3.636136E-1
0.000000E+0	0.000000E+0	0.000000E+0	0.000000E+0	4.356987E-1	4.118981E-1	3.586435E-1
0.000000E+0	0.000000E+0	0.000000E+0	0.000000E+0	4.358880E-1	4.132378E-1	3.535516E-1
0.000000E+0	0.000000E+0	0.000000E+0	0.000000E+0	4.370144E-1	4.053353E-1	3.442343E-1
0.000000E+0	0.000000E+0	0.000000E+0	0.000000E+0	4.293140E-1	4.041219E-1	3.488976E-1
0.000000E+0	0.000000E+0	0.000000E+0	0.000000E+0	4.188395E-1	3.967852E-1	3.408592E-1
0.000000E+0	0.000000E+0	0.000000E+0	0.000000E+0	4.195079E-1	3.905987E-1	3.338607E-1
0.000000E+0	0.000000E+0	0.000000E+0	0.000000E+0	4.155023E-1	3.925042E-1	3.342706E-1
0.000000E+0	0.000000E+0	0.000000E+0	0.000000E+0	4.117280E-1	3.883262E-1	3.275790E-1
0.000000E+0	0.000000E+0	0.000000E+0	0.000000E+0	4.093232E-1	3.810175E-1	3.251267E-1
0.000000E+0	0.000000E+0	0.000000E+0	0.000000E+0	3.973858E-1	3.804284E-1	3.197022E-1
0.000000E+0	0.000000E+0	0.000000E+0	0.000000E+0	4.008936E-1	3.676978E-1	3.121557E-1
0.000000E+0	0.000000E+0	0.000000E+0	0.000000E+0	3.945229E-1	3.714620E-1	3.127951E-1
0.000000E+0	0.000000E+0	0.000000E+0	0.000000E+0	3.869090E-1	3.609690E-1	3.096308E-1
0.000000E+0	0.000000E+0	0.000000E+0	0.000000E+0	3.859134E-1	3.608615E-1	3.060613E-1
0.000000E+0	0.000000E+0	0.000000E+0	0.000000E+0	3.830248E-1	3.582078E-1	3.036020E-1
0.000000E+0	0.000000E+0	0.000000E+0	0.000000E+0	3.784443E-1	3.551006E-1	2.993579E-1
0.000000E+0	0.000000E+0	0.000000E+0	0.000000E+0	3.742564E-1	3.523207E-1	2.969220E-1
0.000000E+0	0.000000E+0	0.000000E+0	0.000000E+0	3.745228E-1	3.449419E-1	2.954277E-1
0.000000E+0	0.000000E+0	0.000000E+0	0.000000E+0	3.687107E-1	3.386339E-1	2.850846E-1
0.000000E+0	0.000000E+0	0.000000E+0	0.000000E+0	3.656095E-1	3.392979E-1	2.822834E-1
0.000000E+0	0.000000E+0	0.000000E+0	0.000000E+0	3.594959E-1	3.385263E-1	2.786530E-1
0.000000E+0	0.000000E+0	0.000000E+0	0.000000E+0	3.518118E-1	3.271075E-1	2.789457E-1
0.000000E+0	0.000000E+0	0.000000E+0	0.000000E+0	3.540600E-1	3.294338E-1	2.711954E-1
0.000000E+0	0.000000E+0	0.000000E+0	0.000000E+0	3.494981E-1	3.232895E-1	2.695910E-1
0.000000E+0	0.000000E+0	0.000000E+0	0.000000E+0	3.478412E-1	3.181271E-1	2.641408E-1
0.000000E+0	0.000000E+0	0.000000E+0	0.000000E+0	3.421623E-1	3.172714E-1	2.628947E-1
0.000000E+0	0.000000E+0	0.000000E+0	0.000000E+0	3.406292E-1	3.160206E-1	2.590535E-1
0.000000E+0	0.000000E+0	0.000000E+0	0.000000E+0	3.353780E-1	3.142063E-1	2.554676E-1
0.000000E+0	0.000000E+0	0.000000E+0	0.000000E+0	3.352821E-1	3.047770E-1	2.533597E-1
0.000000E+0	0.000000E+0	0.000000E+0	0.000000E+0	3.305707E-1	3.059531E-1	2.499729E-1
0.000000E+0	0.000000E+0	0.000000E+0	0.000000E+0	3.281122E-1	2.988244E-1	2.476119E-1
0.000000E+0	0.000000E+0	0.000000E+0	0.000000E+0	3.179579E-1	2.939964E-1	2.435576E-1
0.000000E+0	0.000000E+0	0.000000E+0	0.000000E+0	3.211526E-1	2.946277E-1	2.383814E-1
0.000000E+0	0.000000E+0	0.000000E+0	0.000000E+0	3.137607E-1	2.921915E-1	2.391520E-1
0.000000E+0	0.000000E+0	0.000000E+0	0.000000E+0	3.119682E-1	2.909687E-1	2.407845E-1
0.000000E+0	0.000000E+0	0.000000E+0	0.000000E+0	3.128656E-1	2.892690E-1	2.307177E-1
0.000000E+0	0.000000E+0	0.000000E+0	0.000000E+0	3.052026E-1	2.888645E-1	2.297083E-1
0.000000E+0	0.000000E+0	0.000000E+0	0.000000E+0	3.042140E-1	2.800922E-1	2.217308E-1
0.000000E+0	0.000000E+0	0.000000E+0	0.000000E+0	2.989394E-1	2.763701E-1	2.233422E-1
0.000000E+0	0.000000E+0	0.000000E+0	0.000000E+0	3.023093E-1	2.713855E-1	2.247194E-1
0.000000E+0	0.000000E+0	0.000000E+0	0.000000E+0	2.978597E-1	2.745324E-1	2.167232E-1
0.000000E+0	0.000000E+0	0.000000E+0	0.000000E+0	2.896334E-1	2.678340E-1	2.165967E-1
0.000000E+0	0.000000E+0	0.000000E+0	0.000000E+0	2.894862E-1	2.692392E-1	2.162173E-1
0.000000E+0	0.000000E+0	0.000000E+0	0.000000E+0	2.876517E-1	2.608808E-1	2.073123E-1
0.000000E+0	0.000000E+0	0.000000E+0	0.000000E+0	2.817858E-1	2.559733E-1	2.045836E-1
0.000000E+0	0.000000E+0	0.000000E+0	0.000000E+0	2.794955E-1	2.539930E-1	2.010750E-1
0.000000E+0	0.000000E+0	0.000000E+0	0.000000E+0	2.759433E-1	2.537638E-1	2.023890E-1
0.000000E+0	0.000000E+0	0.000000E+0	0.000000E+0	2.767519E-1	2.554683E-1	1.996955E-1
0.000000E+0	0.000000E+0	0.000000E+0	0.000000E+0	2.751884E-1	2.480287E-1	2.012601E-1
0.000000E+0	0.000000E+0	0.000000E+0	0.000000E+0	2.715497E-1	2.479422E-1	1.911629E-1
0.000000E+0	0.000000E+0	0.000000E+0	0.000000E+0	2.695329E-1	2.407411E-1	1.953999E-1
0.000000E+0	0.000000E+0	0.000000E+0	0.000000E+0	2.646930E-1	2.397545E-1	1.925050E-1
0.000000E+0	0.000000E+0	0.000000E+0	0.000000E+0	2.656558E-1	2.374796E-1	1.860452E-1
0.000000E+0	0.000000E+0	0.000000E+0	0.000000E+0	2.601171E-1	2.344285E-1	1.878370E-1
0.000000E+0	0.000000E+0	0.000000E+0	0.000000E+0	2.602526E-1	2.289715E-1	1.836492E-1
0.000000E+0	0.000000E+0	0.000000E+0	0.000000E+0	2.559012E-1	2.316696E-1	1.825179E-1
0.000000E+0	0.000000E+0	0.000000E+0	0.000000E+0	2.472729E-1	2.270988E-1	1.801289E-1
0.000000E+0	0.000000E+0	0.000000E+0	0.000000E+0	2.485419E-1	2.262594E-1	1.757209E-1
0.000000E+0	0.000000E+0	0.000000E+0	0.000000E+0	2.479998E-1	2.259181E-1	1.730672E-1
0.000000E+0	0.000000E+0	0.000000E+0	0.000000E+0	2.457516E-1	2.266733E-1	1.711841E-1
0.000000E+0	0.000000E+0	0.000000E+0	0.000000E+0	2.445223E-1	2.221726E-1	1.705915E-1
0.000000E+0	0.000000E+0	0.000000E+0	0.000000E+0	2.434075E-1	2.177678E-1	1.665208E-1
0.000000E+0	0.000000E+0	0.000000E+0	0.000000E+0	2.386634E-1	2.152100E-1	1.628927E-1
0.000000E+0	0.000000E+0	0.000000E+0	0.000000E+0	2.325195E-1	2.116188E-1	1.639280E-1
0.000000E+0	0.000000E+0	0.000000E+0	0.000000E+0	2.376562E-1	2.088740E-1	1.602484E-1
0.000000E+0	0.000000E+0	0.000000E+0	0.000000E+0	2.312248E-1	2.054838E-1	1.602953E-1
0.000000E+0	0.000000E+0	0.000000E+0	0.000000E+0	2.294019E-1	2.087313E-1	1.577376E-1
0.000000E+0	0.000000E+0	0.000000E+0	0.000000E+0	2.272145E-1	2.005997E-1	1.575385E-1
0.000000E+0	0.000000E+0	0.000000E+0	0.000000E+0	2.247256E-1	1.995009E-1	1.541119E-1
0.000000E+0	0.000000E+0	0.000000E+0	0.000000E+0	2.239123E-1	1.991572E-1	1.543063E-1
0.000000E+0	0.000000E+0	0.000000E+0	0.000000E+0	2.188597E-1	1.951872E-1	1.503410E-1
0.000000E+0	0.000000E+0	0.000000E+0	0.000000E+0	2.165998E-1	1.969735E-1	1.424665E-1
0.000000E+0	0.000000E+0	0.000000E+0	0.000000E+0	2.169130E-1	1.932210E-1	1.483056E-1
0.000000E+0	0.000000E+0	0.000000E+0	0.000000E+0	2.127952E-1	1.920987E-1	1.430732E-1
0.000000E+0	0.000000E+0	0.000000E+0	0.000000E+0	2.115145E-1	1.920122E-1	1.422159E-1
0.000000E+0	0.000000E+0	0.000000E+0	0.000000E+0	2.075369E-1	1.847223E-1	1.392718E-1
0.000000E+0	0.000000E+0	0.000000E+0	0.000000E+0	2.082427E-1	1.817928E-1	1.413470E-1
0.000000E+0	0.000000E+0	0.000000E+0	0.000000E+0	2.056556E-1	1.796020E-1	1.440194E-1
0.000000E+0	0.000000E+0	0.000000E+0	0.000000E+0	1.985909E-1	1.800065E-1	1.374074E-1
0.000000E+0	0.000000E+0	0.000000E+0	0.000000E+0	2.000445E-1	1.754684E-1	1.334609E-1
0.000000E+0	0.000000E+0	0.000000E+0	0.000000E+0	1.989695E-1	1.743158E-1	1.336717E-1
0.000000E+0	0.000000E+0	0.000000E+0	0.000000E+0	2.013135E-1	1.710028E-1	1.289264E-1
0.000000E+0	0.000000E+0	0.000000E+0	0.000000E+0	1.971723E-1	1.745964E-1	1.287179E-1
0.000000E+0	0.000000E+0	0.000000E+0	0.000000E+0	1.979085E-1	1.740002E-1	1.250149E-1
0.000000E+0	0.000000E+0	0.000000E+0	0.000000E+0	1.875883E-1	1.714611E-1	1.285470E-1
0.000000E+0	0.000000E+0	0.000000E+0	0.000000E+0	1.885512E-1	1.720573E-1	1.219537E-1
0.000000E+0	0.000000E+0	0.000000E+0	0.000000E+0	1.889181E-1	1.649965E-1	1.174544E-1
0.000000E+0	0.000000E+0	0.000000E+0	0.000000E+0	1.853798E-1	1.590135E-1	1.256825E-1
0.000000E+0	0.000000E+0	0.000000E+0	0.000000E+0	1.828208E-1	1.559530E-1	1.189768E-1
0.000000E+0	0.000000E+0	0.000000E+0	0.000000E+0	1.842581E-1	1.573956E-1	1.182484E-1
0.000000E+0	0.000000E+0	0.000000E+0	0.000000E+0	1.790372E-1	1.590532E-1	1.161381E-1
0.000000E+0	0.000000E+0	0.000000E+0	0.000000E+0	1.787404E-1	1.553872E-1	1.177167E-1
0.000000E+0	0.000000E+0	0.000000E+0	0.000000E+0	1.760038E-1	1.537904E-1	1.152925E-1
0.000000E+0	0.000000E+0	0.000000E+0	0.000000E+0	1.792078E-1	1.569327E-1	1.144868E-1
0.000000E+0	0.000000E+0	0.000000E+0	0.000000E+0	1.753845E-1	1.494183E-1	1.128824E-1
0.000000E+0	0.000000E+0	0.000000E+0	0.000000E+0	1.709863E-1	1.532433E-1	1.130394E-1
0.000000E+0	0.000000E+0	0.000000E+0	0.000000E+0	1.693574E-1	1.506668E-1	1.106855E-1
0.000000E+0	0.000000E+0	0.000000E+0	0.000000E+0	1.717037E-1	1.469470E-1	1.067389E-1
0.000000E+0	0.000000E+0	0.000000E+0	0.000000E+0	1.659991E-1	1.492663E-1	1.145243E-1
0.000000E+0	0.000000E+0	0.000000E+0	0.000000E+0	1.624235E-1	1.475385E-1	1.017383E-1
0.000000E+0	0.000000E+0	0.000000E+0	0.000000E+0	1.652887E-1	1.483124E-1	1.080529E-1
0.000000E+0	0.000000E+0	0.000000E+0	0.000000E+0	1.633677E-1	1.426404E-1	1.036332E-1
0.000000E+0	0.000000E+0	0.000000E+0	0.000000E+0	1.596752E-1	1.405502E-1	9.964677E-2
0.000000E+0	0.000000E+0	0.000000E+0	0.000000E+0	1.580136E-1	1.399423E-1	9.963506E-2
0.000000E+0	0.000000E+0	0.000000E+0	0.000000E+0	1.591400E-1	1.392947E-1	9.508888E-2
0.000000E+0	0.000000E+0	0.000000E+0	0.000000E+0	1.547325E-1	1.335385E-1	1.029282E-1
0.000000E+0	0.000000E+0	0.000000E+0	0.000000E+0	1.552115E-1	1.344340E-1	9.748962E-2
0.000000E+0	0.000000E+0	0.000000E+0	0.000000E+0	1.524819E-1	1.372279E-1	9.200892E-2
0.000000E+0	0.000000E+0	0.000000E+0	0.000000E+0	1.487778E-1	1.345743E-1	9.411688E-2
0.000000E+0	0.000000E+0	0.000000E+0	0.000000E+0	1.519491E-1	1.318037E-1	9.349854E-2
0.000000E+0	0.000000E+0	0.000000E+0	0.000000E+0	1.475509E-1	1.322363E-1	9.085656E-2
0.000000E+0	0.000000E+0	0.000000E+0	0.000000E+0	1.420893E-1	1.302536E-1	9.100178E-2
0.000000E+0	0.000000E+0	0.000000E+0	0.000000E+0	1.431947E-1	1.309433E-1	8.560305E-2
0.000000E+0	0.000000E+0	0.000000E+0	0.000000E+0	1.470204E-1	1.293558E-1	8.897111E-2
0.000000E+0	0.000000E+0	0.000000E+0	0.000000E+0	1.474574E-1	1.220005E-1	8.819116E-2
0.000000E+0	0.000000E+0	0.000000E+0	0.000000E+0	1.399954E-1	1.196882E-1	8.769696E-2
0.000000E+0	0.000000E+0	0.000000E+0	0.000000E+0	1.425520E-1	1.223488E-1	8.861744E-2
0.000000E+0	0.000000E+0	0.000000E+0	0.000000E+0	1.381795E-1	1.202189E-1	8.442493E-2
0.000000E+0	0.000000E+0	0.000000E+0	0.000000E+0	1.421220E-1	1.215983E-1	8.408063E-2
0.000000E+0	0.000000E+0	0.000000E+0	0.000000E+0	1.391634E-1	1.186057E-1	9.016562E-2
0.000000E+0	0.000000E+0	0.000000E+0	0.000000E+0	1.313391E-1	1.132984E-1	8.434296E-2
0.000000E+0	0.000000E+0	0.000000E+0	0.000000E+0	1.335990E-1	1.111357E-1	8.136839E-2
0.000000E+0	0.000000E+0	0.000000E+0	0.000000E+0	1.300117E-1	1.151150E-1	7.843363E-2
0.000000E+0	0.000000E+0	0.000000E+0	0.000000E+0	1.305516E-1	1.144978E-1	8.069384E-2
0.000000E+0	0.000000E+0	0.000000E+0	0.000000E+0	1.285932E-1	1.078181E-1	8.171269E-2
0.000000E+0	0.000000E+0	0.000000E+0	0.000000E+0	1.275135E-1	1.086294E-1	7.480091E-2
0.000000E+0	0.000000E+0	0.000000E+0	0.000000E+0	1.255831E-1	1.085639E-1	7.129935E-2
0.000000E+0	0.000000E+0	0.000000E+0	0.000000E+0	1.294812E-1	1.053538E-1	7.922998E-2
0.000000E+0	0.000000E+0	0.000000E+0	0.000000E+0	1.256859E-1	1.036518E-1	7.365793E-2
0.000000E+0	0.000000E+0	0.000000E+0	0.000000E+0	1.226034E-1	1.080542E-1	7.814086E-2
0.000000E+0	0.000000E+0	0.000000E+0	0.000000E+0	1.195934E-1	1.047904E-1	7.353613E-2
0.000000E+0	0.000000E+0	0.000000E+0	0.000000E+0	1.223113E-1	1.066982E-1	7.099955E-2
0.000000E+0	0.000000E+0	0.000000E+0	0.000000E+0	1.252255E-1	1.002453E-1	7.014700E-2
0.000000E+0	0.000000E+0	0.000000E+0	0.000000E+0	1.193176E-1	1.016411E-1	6.771113E-2
0.000000E+0	0.000000E+0	0.000000E+0	0.000000E+0	1.183221E-1	9.924461E-2	6.555867E-2
0.000000E+0	0.000000E+0	0.000000E+0	0.000000E+0	1.177355E-1	1.001401E-1	6.447658E-2
0.000000E+0	0.000000E+0	0.000000E+0	0.000000E+0	1.213181E-1	1.009934E-1	6.599197E-2
0.000000E+0	0.000000E+0	0.000000E+0	0.000000E+0	1.197663E-1	1.020268E-1	6.591936E-2
0.000000E+0	0.000000E+0	0.000000E+0	0.000000E+0	1.141272E-1	9.653953E-2	6.352331E-2
0.000000E+0	0.000000E+0	0.000000E+0	0.000000E+0	1.121243E-1	9.613038E-2	6.680236E-2
0.000000E+0	0.000000E+0	0.000000E+0	0.000000E+0	1.162678E-1	9.366612E-2	6.280426E-2
0.000000E+0	0.000000E+0	0.000000E+0	0.000000E+0	1.096985E-1	9.692998E-2	6.288624E-2
0.000000E+0	0.000000E+0	0.000000E+0	0.000000E+0	1.079505E-1	9.233345E-2	5.963529E-2
0.000000E+0	0.000000E+0	0.000000E+0	0.000000E+0	1.077659E-1	9.514374E-2	6.482791E-2
0.000000E+0	0.000000E+0	0.000000E+0	0.000000E+0	1.103739E-1	8.756157E-2	6.264031E-2
0.000000E+0	0.000000E+0	0.000000E+0	0.000000E+0	1.117621E-1	9.215810E-2	5.950647E-2
0.000000E+0	0.000000E+0	0.000000E+0	0.000000E+0	1.051881E-1	9.066411E-2	6.212035E-2
0.000000E+0	0.000000E+0	0.000000E+0	0.000000E+0	1.044473E-1	9.280573E-2	5.810585E-2
0.000000E+0	0.000000E+0	0.000000E+0	0.000000E+0	1.039729E-1	9.299978E-2	5.621805E-2
0.000000E+0	0.000000E+0	0.000000E+0	0.000000E+0	1.021033E-1	8.687654E-2	5.360418E-2
0.000000E+0	0.000000E+0	0.000000E+0	0.000000E+0	9.967050E-2	8.275463E-2	5.896777E-2
0.000000E+0	0.000000E+0	0.000000E+0	0.000000E+0	1.033606E-1	8.426966E-2	5.284531E-2
0.000000E+0	0.000000E+0	0.000000E+0	0.000000E+0	1.006404E-1	8.629671E-2	5.826746E-2
0.000000E+0	0.000000E+0	0.000000E+0	0.000000E+0	9.564152E-2	8.041662E-2	5.412180E-2
0.000000E+0	0.000000E+0	0.000000E+0	0.000000E+0	9.852537E-2	8.239458E-2	5.560440E-2
0.000000E+0	0.000000E+0	0.000000E+0	0.000000E+0	9.752748E-2	7.942998E-2	5.403514E-2
0.000000E+0	0.000000E+0	0.000000E+0	0.000000E+0	9.449873E-2	7.787520E-2	4.896198E-2
0.000000E+0	0.000000E+0	0.000000E+0	0.000000E+0	9.246087E-2	7.562838E-2	5.315448E-2
0.000000E+0	0.000000E+0	0.000000E+0	0.000000E+0	9.681236E-2	7.250948E-2	5.385011E-2
0.000000E+0	0.000000E+0	0.000000E+0	0.000000E+0	9.459922E-2	7.645136E-2	5.136037E-2
0.000000E+0	0.000000E+0	0.000000E+0	0.000000E+0	8.945316E-2	7.172858E-2	4.604362E-2
0.000000E+0	0.000000E+0	0.000000E+0	0.000000E+0	9.357562E-2	7.854855E-2	4.849589E-2
0.000000E+0	0.000000E+0	0.000000E+0	0.000000E+0	8.723769E-2	7.676465E-2	4.736695E-2
0.000000E+0	0.000000E+0	0.000000E+0	0.000000E+0	9.072916E-2	7.344000E-2	4.997614E-2
0.000000E+0	0.000000E+0	0.000000E+0	0.000000E+0	9.268756E-2	7.839424E-2	4.858489E-2
0.000000E+0	0.000000E+0	0.000000E+0	0.000000E+0	8.325311E-2	7.742397E-2	4.402466E-2
0.000000E+0	0.000000E+0	0.000000E+0	0.000000E+0	8.665811E-2	7.392865E-2	4.588436E-2
0.000000E+0	0.000000E+0	0.000000E+0	0.000000E+0	8.764433E-2	7.087988E-2	4.662448E-2
0.000000E+0	0.000000E+0	0.000000E+0	0.000000E+0	8.523255E-2	7.019485E-2	4.557987E-2
0.000000E+0	0.000000E+0	0.000000E+0	0.000000E+0	8.194440E-2	6.968048E-2	4.188391E-2
0.000000E+0	0.000000E+0	0.000000E+0	0.000000E+0	8.294931E-2	6.754822E-2	4.518170E-2
0.000000E+0	0.000000E+0	0.000000E+0	0.000000E+0	7.960507E-2	7.073960E-2	4.271773E-2
0.000000E+0	0.000000E+0	0.000000E+0	0.000000E+0	8.255202E-2	6.668784E-2	4.534331E-2
0.000000E+0	0.000000E+0	0.000000E+0	0.000000E+0	8.104933E-2	6.685150E-2	4.046924E-2
0.000000E+0	0.000000E+0	0.000000E+0	0.000000E+0	7.810004E-2	6.856292E-2	4.088614E-2
0.000000E+0	0.000000E+0	0.000000E+0	0.000000E+0	7.990186E-2	6.741028E-2	3.952768E-2
0.000000E+0	0.000000E+0	0.000000E+0	0.000000E+0	7.609023E-2	6.485717E-2	3.784365E-2
0.000000E+0	0.000000E+0	0.000000E+0	0.000000E+0	7.647583E-2	6.219652E-2	4.071282E-2
0.000000E+0	0.000000E+0	0.000000E+0	0.000000E+0	8.313860E-2	6.169151E-2	4.328688E-2
0.000000E+0	0.000000E+0	0.000000E+0	0.000000E+0	7.804395E-2	6.607060E-2	3.741035E-2
0.000000E+0	0.000000E+0	0.000000E+0	0.000000E+0	7.830336E-2	6.205858E-2	3.747827E-2
0.000000E+0	0.000000E+0	0.000000E+0	0.000000E+0	7.334660E-2	6.030507E-2	4.202444E-2
0.000000E+0	0.000000E+0	0.000000E+0	0.000000E+0	7.412248E-2	6.343333E-2	3.749935E-2
0.000000E+0	0.000000E+0	0.000000E+0	0.000000E+0	7.403835E-2	5.889993E-2	4.093299E-2
0.000000E+0	0.000000E+0	0.000000E+0	0.000000E+0	7.583316E-2	5.616212E-2	4.211579E-2
0.000000E+0	0.000000E+0	0.000000E+0	0.000000E+0	7.210799E-2	6.019051E-2	3.952768E-2
0.000000E+0	0.000000E+0	0.000000E+0	0.000000E+0	7.444031E-2	6.509565E-2	3.512672E-2
0.000000E+0	0.000000E+0	0.000000E+0	0.000000E+0	7.207293E-2	5.858898E-2	3.330451E-2
0.000000E+0	0.000000E+0	0.000000E+0	0.000000E+0	7.457352E-2	5.879706E-2	4.103839E-2
0.000000E+0	0.000000E+0	0.000000E+0	0.000000E+0	7.257539E-2	5.684482E-2	3.556940E-2
0.000000E+0	0.000000E+0	0.000000E+0	0.000000E+0	6.928256E-2	5.759766E-2	3.787410E-2
0.000000E+0	0.000000E+0	0.000000E+0	0.000000E+0	6.810939E-2	5.759065E-2	3.419922E-2
0.000000E+0	0.000000E+0	0.000000E+0	0.000000E+0	7.189065E-2	5.608263E-2	3.315929E-2
0.000000E+0	0.000000E+0	0.000000E+0	0.000000E+0	6.645247E-2	5.362772E-2	3.282436E-2
0.000000E+0	0.000000E+0	0.000000E+0	0.000000E+0	6.975230E-2	5.352953E-2	3.319677E-2
0.000000E+0	0.000000E+0	0.000000E+0	0.000000E+0	6.752982E-2	5.301517E-2	3.088972E-2
0.000000E+0	0.000000E+0	0.000000E+0	0.000000E+0	6.369949E-2	5.290294E-2	3.242385E-2
0.000000E+0	0.000000E+0	0.000000E+0	0.000000E+0	6.600376E-2	5.615745E-2	3.394861E-2
0.000000E+0	0.000000E+0	0.000000E+0	0.000000E+0	6.374155E-2	5.248210E-2	3.275175E-2
0.000000E+0	0.000000E+0	0.000000E+0	0.000000E+0	6.167098E-2	5.300347E-2	3.118718E-2
0.000000E+0	0.000000E+0	0.000000E+0	0.000000E+0	6.198413E-2	5.014409E-2	3.047516E-2
0.000000E+0	0.000000E+0	0.000000E+0	0.000000E+0	6.037161E-2	5.276734E-2	3.341693E-2
0.000000E+0	0.000000E+0	0.000000E+0	0.000000E+0	5.996497E-2	5.307595E-2	3.321785E-2
0.000000E+0	0.000000E+0	0.000000E+0	0.000000E+0	6.281610E-2	4.803287E-2	3.145419E-2
0.000000E+0	0.000000E+0	0.000000E+0	0.000000E+0	6.063335E-2	4.955959E-2	3.061335E-2
0.000000E+0	0.000000E+0	0.000000E+0	0.000000E+0	6.229963E-2	4.760502E-2	3.040255E-2
0.000000E+0	0.000000E+0	0.000000E+0	0.000000E+0	6.005845E-2	5.094369E-2	2.899022E-2
0.000000E+0	0.000000E+0	0.000000E+0	0.000000E+0	5.877311E-2	5.048310E-2	3.090143E-2
0.000000E+0	0.000000E+0	0.000000E+0	0.000000E+0	5.686612E-2	4.919720E-2	2.723592E-2
0.000000E+0	0.000000E+0	0.000000E+0	0.000000E+0	6.078526E-2	4.574630E-2	2.784255E-2
0.000000E+0	0.000000E+0	0.000000E+0	0.000000E+0	5.563452E-2	4.608765E-2	3.358557E-2
0.000000E+0	0.000000E+0	0.000000E+0	0.000000E+0	6.114282E-2	4.588424E-2	2.982169E-2
0.000000E+0	0.000000E+0	0.000000E+0	0.000000E+0	5.631693E-2	4.957829E-2	2.684946E-2
0.000000E+0	0.000000E+0	0.000000E+0	0.000000E+0	5.234170E-2	4.519453E-2	2.680028E-2
0.000000E+0	0.000000E+0	0.000000E+0	0.000000E+0	5.841788E-2	4.456093E-2	2.691504E-2
0.000000E+0	0.000000E+0	0.000000E+0	0.000000E+0	5.461793E-2	4.146307E-2	2.677217E-2
0.000000E+0	0.000000E+0	0.000000E+0	0.000000E+0	5.080863E-2	4.711403E-2	2.408569E-2
0.000000E+0	0.000000E+0	0.000000E+0	0.000000E+0	5.437956E-2	4.462406E-2	2.763409E-2
0.000000E+0	0.000000E+0	0.000000E+0	0.000000E+0	5.702737E-2	4.013274E-2	2.452836E-2
0.000000E+0	0.000000E+0	0.000000E+0	0.000000E+0	5.004444E-2	3.828104E-2	2.959450E-2
0.000000E+0	0.000000E+0	0.000000E+0	0.000000E+0	4.995797E-2	4.483915E-2	2.545587E-2
0.000000E+0	0.000000E+0	0.000000E+0	0.000000E+0	5.637068E-2	3.942901E-2	2.316990E-2
0.000000E+0	0.000000E+0	0.000000E+0	0.000000E+0	4.747374E-2	4.143502E-2	2.628266E-2
0.000000E+0	0.000000E+0	0.000000E+0	0.000000E+0	5.311291E-2	4.350883E-2	1.993769E-2
0.000000E+0	0.000000E+0	0.000000E+0	0.000000E+0	5.035292E-2	4.392032E-2	2.524741E-2
0.000000E+0	0.000000E+0	0.000000E+0	0.000000E+0	4.792478E-2	3.673796E-2	2.124931E-2
0.000000E+0	0.000000E+0	0.000000E+0	0.000000E+0	5.001873E-2	3.785085E-2	2.648174E-2
0.000000E+0	0.000000E+0	0.000000E+0	0.000000E+0	4.724472E-2	4.047643E-2	2.001967E-2
0.000000E+0	0.000000E+0	0.000000E+0	0.000000E+0	4.591030E-2	3.715880E-2	1.916946E-2
0.000000E+0	0.000000E+0	0.000000E+0	0.000000E+0	4.878947E-2	3.533048E-2	2.319801E-2
0.000000E+0	0.000000E+0	0.000000E+0	0.000000E+0	4.961677E-2	3.397210E-2	2.049045E-2
0.000000E+0	0.000000E+0	0.000000E+0	0.000000E+0	4.628421E-2	3.477637E-2	1.935449E-2
0.000000E+0	0.000000E+0	0.000000E+0	0.000000E+0	5.238377E-2	3.549414E-2	2.084646E-2
0.000000E+0	0.000000E+0	0.000000E+0	0.000000E+0	5.092782E-2	3.467817E-2	1.978780E-2
0.000000E+0	0.000000E+0	0.000000E+0	0.000000E+0	4.524659E-2	3.347878E-2	2.468295E-2
0.000000E+0	0.000000E+0	0.000000E+0	0.000000E+0	4.318536E-2	3.708866E-2	2.079962E-2
0.000000E+0	0.000000E+0	0.000000E+0	0.000000E+0	4.365510E-2	3.349982E-2	2.112049E-2
0.000000E+0	0.000000E+0	0.000000E+0	0.000000E+0	4.463196E-2	3.575600E-2	1.882516E-2
0.000000E+0	0.000000E+0	0.000000E+0	0.000000E+0	4.192105E-2	3.310236E-2	2.098933E-2
0.000000E+0	0.000000E+0	0.000000E+0	0.000000E+0	4.608557E-2	3.288025E-2	2.054666E-2
0.000000E+0	0.000000E+0	0.000000E+0	0.000000E+0	4.503860E-2	3.240096E-2	1.993535E-2
0.000000E+0	0.000000E+0	0.000000E+0	0.000000E+0	4.562752E-2	3.185620E-2	2.152569E-2
0.000000E+0	0.000000E+0	0.000000E+0	0.000000E+0	3.732652E-2	3.401418E-2	1.708960E-2
0.000000E+0	0.000000E+0	0.000000E+0	0.000000E+0	4.328352E-2	2.987591E-2	2.220961E-2
0.000000E+0	0.000000E+0	0.000000E+0	0.000000E+0	3.751348E-2	3.163877E-2	1.647830E-2
0.000000E+0	0.000000E+0	0.000000E+0	0.000000E+0	4.274133E-2	3.262307E-2	2.186531E-2
0.000000E+0	0.000000E+0	0.000000E+0	0.000000E+0	4.115919E-2	2.969121E-2	1.737535E-2
0.000000E+0	0.000000E+0	0.000000E+0	0.000000E+0	4.263383E-2	3.428071E-2	1.936620E-2
0.000000E+0	0.000000E+0	0.000000E+0	0.000000E+0	4.201219E-2	3.245005E-2	1.491372E-2
0.000000E+0	0.000000E+0	0.000000E+0	0.000000E+0	4.215241E-2	3.057497E-2	1.877597E-2
0.000000E+0	0.000000E+0	0.000000E+0	0.000000E+0	4.397760E-2	3.001853E-2	1.222256E-2
0.000000E+0	0.000000E+0	0.000000E+0	0.000000E+0	4.153545E-2	3.220456E-2	1.312898E-2
0.000000E+0	0.000000E+0	0.000000E+0	0.000000E+0	3.903253E-2	2.974732E-2	1.613165E-2
0.000000E+0	0.000000E+0	0.000000E+0	0.000000E+0	3.236742E-2	3.294104E-2	9.596975E-3
0.000000E+0	0.000000E+0	0.000000E+0	0.000000E+0	3.867029E-2	2.708433E-2	1.351076E-2
0.000000E+0	0.000000E+0	0.000000E+0	0.000000E+0	3.673526E-2	2.956963E-2	1.581546E-2
0.000000E+0	0.000000E+0	0.000000E+0	0.000000E+0	3.349853E-2	2.601352E-2	1.573114E-2
0.000000E+0	0.000000E+0	0.000000E+0	0.000000E+0	3.437957E-2	2.835854E-2	1.953718E-2
0.000000E+0	0.000000E+0	0.000000E+0	0.000000E+0	3.466702E-2	2.542668E-2	1.772902E-2
0.000000E+0	0.000000E+0	0.000000E+0	0.000000E+0	3.555742E-2	3.136054E-2	1.121308E-2
0.000000E+0	0.000000E+0	0.000000E+0	0.000000E+0	4.086005E-2	2.762441E-2	1.898208E-2
0.000000E+0	0.000000E+0	0.000000E+0	0.000000E+0	3.159154E-2	3.059835E-2	1.536342E-2
0.000000E+0	0.000000E+0	0.000000E+0	0.000000E+0	3.835012E-2	3.081345E-2	1.434691E-2
0.000000E+0	0.000000E+0	0.000000E+0	0.000000E+0	3.718396E-2	2.864378E-2	1.611994E-2
0.000000E+0	0.000000E+0	0.000000E+0	0.000000E+0	3.337700E-2	2.711706E-2	1.258559E-2
0.000000E+0	0.000000E+0	0.000000E+0	0.000000E+0	3.397995E-2	2.042335E-2	1.637992E-2
0.000000E+0	0.000000E+0	0.000000E+0	0.000000E+0	3.326249E-2	2.526536E-2	1.328356E-2
0.000000E+0	0.000000E+0	0.000000E+0	0.000000E+0	3.623281E-2	2.699081E-2	1.588104E-2
0.000000E+0	0.000000E+0	0.000000E+0	0.000000E+0	3.104702E-2	2.661907E-2	1.076104E-2
0.000000E+0	0.000000E+0	0.000000E+0	0.000000E+0	3.129708E-2	2.941065E-2	1.368876E-2
0.000000E+0	0.000000E+0	0.000000E+0	0.000000E+0	3.660673E-2	2.269823E-2	1.391830E-2
0.000000E+0	0.000000E+0	0.000000E+0	0.000000E+0	3.601547E-2	2.465748E-2	8.596866E-3
0.000000E+0	0.000000E+0	0.000000E+0	0.000000E+0	3.058664E-2	2.306296E-2	1.267694E-2
0.000000E+0	0.000000E+0	0.000000E+0	0.000000E+0	3.304281E-2	2.952755E-2	1.478724E-2
0.000000E+0	0.000000E+0	0.000000E+0	0.000000E+0	2.736159E-2	2.729475E-2	1.131613E-2
0.000000E+0	0.000000E+0	0.000000E+0	0.000000E+0	3.240949E-2	2.455694E-2	1.369110E-2
0.000000E+0	0.000000E+0	0.000000E+0	0.000000E+0	2.956070E-2	2.062675E-2	8.210406E-3
0.000000E+0	0.000000E+0	0.000000E+0	0.000000E+0	2.998837E-2	2.228674E-2	1.339833E-2
0.000000E+0	0.000000E+0	0.000000E+0	0.000000E+0	3.122697E-2	2.346276E-2	1.276360E-2
0.000000E+0	0.000000E+0	0.000000E+0	0.000000E+0	3.140926E-2	1.902756E-2	1.006541E-2
0.000000E+0	0.000000E+0	0.000000E+0	0.000000E+0	3.102132E-2	2.259302E-2	1.474508E-2
0.000000E+0	0.000000E+0	0.000000E+0	0.000000E+0	2.936439E-2	1.747512E-2	1.146135E-2
0.000000E+0	0.000000E+0	0.000000E+0	0.000000E+0	3.097224E-2	2.094239E-2	1.176349E-2
0.000000E+0	0.000000E+0	0.000000E+0	0.000000E+0	2.801828E-2	2.212775E-2	9.418970E-3
0.000000E+0	0.000000E+0	0.000000E+0	0.000000E+0	3.391685E-2	2.262575E-2	9.447076E-3
0.000000E+0	0.000000E+0	0.000000E+0	0.000000E+0	3.068713E-2	2.069923E-2	8.327515E-3
0.000000E+0	0.000000E+0	0.000000E+0	0.000000E+0	2.616738E-2	2.137959E-2	7.788814E-3
0.000000E+0	0.000000E+0	0.000000E+0	0.000000E+0	2.822160E-2	2.229142E-2	1.536576E-2
0.000000E+0	0.000000E+0	0.000000E+0	0.000000E+0	2.671424E-2	2.479542E-2	1.204924E-2
0.000000E+0	0.000000E+0	0.000000E+0	0.000000E+0	2.187199E-2	1.995107E-2	6.146947E-3
0.000000E+0	0.000000E+0	0.000000E+0	0.000000E+0	2.502459E-2	1.899716E-2	1.164872E-2
0.000000E+0	0.000000E+0	0.000000E+0	0.000000E+0	2.581683E-2	1.945775E-2	1.338896E-2
0.000000E+0	0.000000E+0	0.000000E+0	0.000000E+0	2.762099E-2	1.832616E-2	8.695237E-3
0.000000E+0	0.000000E+0	0.000000E+0	0.000000E+0	2.947423E-2	2.165548E-2	8.943508E-3
0.000000E+0	0.000000E+0	0.000000E+0	0.000000E+0	2.933167E-2	1.969857E-2	1.320393E-2
0.000000E+0	0.000000E+0	0.000000E+0	0.000000E+0	2.717229E-2	1.947178E-2	9.496261E-3
0.000000E+0	0.000000E+0	0.000000E+0	0.000000E+0	2.539851E-2	2.072495E-2	5.919755E-3
0.000000E+0	0.000000E+0	0.000000E+0	0.000000E+0	2.641043E-2	2.003758E-2	7.474962E-3
0.000000E+0	0.000000E+0	0.000000E+0	0.000000E+0	2.741066E-2	2.399582E-2	1.029494E-2
0.000000E+0	0.000000E+0	0.000000E+0	0.000000E+0	2.343077E-2	1.903223E-2	6.723122E-3
0.000000E+0	0.000000E+0	0.000000E+0	0.000000E+0	2.324381E-2	1.920525E-2	9.264386E-3
0.000000E+0	0.000000E+0	0.000000E+0	0.000000E+0	2.634967E-2	2.284085E-2	8.952876E-3
0.000000E+0	0.000000E+0	0.000000E+0	0.000000E+0	2.307788E-2	2.310037E-2	8.833425E-3
0.000000E+0	0.000000E+0	0.000000E+0	0.000000E+0	2.187667E-2	1.891767E-2	9.018457E-3
0.000000E+0	0.000000E+0	0.000000E+0	0.000000E+0	2.361772E-2	1.668955E-2	4.736955E-3
0.000000E+0	0.000000E+0	0.000000E+0	0.000000E+0	2.288625E-2	2.017084E-2	9.304204E-3
0.000000E+0	0.000000E+0	0.000000E+0	0.000000E+0	2.950928E-2	1.847345E-2	8.126088E-3
0.000000E+0	0.000000E+0	0.000000E+0	0.000000E+0	3.073854E-2	1.555562E-2	4.383287E-3
0.000000E+0	0.000000E+0	0.000000E+0	0.000000E+0	2.581450E-2	1.787960E-2	1.641506E-2
0.000000E+0	0.000000E+0	0.000000E+0	0.000000E+0	2.477220E-2	1.523999E-2	1.018955E-2
0.000000E+0	0.000000E+0	0.000000E+0	0.000000E+0	2.114051E-2	1.379510E-2	6.001732E-3
0.000000E+0	0.000000E+0	0.000000E+0	0.000000E+0	2.328587E-2	1.605595E-2	1.089688E-2
0.000000E+0	0.000000E+0	0.000000E+0	0.000000E+0	2.457823E-2	1.817419E-2	8.547680E-3
0.000000E+0	0.000000E+0	0.000000E+0	0.000000E+0	2.537982E-2	1.608167E-2	7.207953E-3
0.000000E+0	0.000000E+0	0.000000E+0	0.000000E+0	2.315734E-2	1.545508E-2	4.943067E-3
0.000000E+0	0.000000E+0	0.000000E+0	0.000000E+0	2.288391E-2	1.765281E-2	5.821384E-3
0.000000E+0	0.000000E+0	0.000000E+0	0.000000E+0	2.494514E-2	1.806430E-2	1.267928E-2
0.000000E+0	0.000000E+0	0.000000E+0	0.000000E+0	2.353593E-2	1.526804E-2	1.001388E-2
0.000000E+0	0.000000E+0	0.000000E+0	0.000000E+0	2.150976E-2	1.577773E-2	9.362758E-3
0.000000E+0	0.000000E+0	0.000000E+0	0.000000E+0	2.250298E-2	1.716884E-2	5.198364E-3
0.000000E+0	0.000000E+0	0.000000E+0	0.000000E+0	2.124100E-2	1.656564E-2	6.830863E-3
0.000000E+0	0.000000E+0	0.000000E+0	0.000000E+0	2.344245E-2	1.726003E-2	5.247551E-3
0.000000E+0	0.000000E+0	0.000000E+0	0.000000E+0	2.309891E-2	1.307499E-2	7.275877E-3
0.000000E+0	0.000000E+0	0.000000E+0	0.000000E+0	1.894841E-2	1.361040E-2	6.121183E-3
0.000000E+0	0.000000E+0	0.000000E+0	0.000000E+0	2.366213E-2	1.630612E-2	5.069545E-3
0.000000E+0	0.000000E+0	0.000000E+0	0.000000E+0	1.939244E-2	1.986223E-2	5.549692E-3
0.000000E+0	0.000000E+0	0.000000E+0	0.000000E+0	1.513912E-2	1.599049E-2	7.088503E-3
0.000000E+0	0.000000E+0	0.000000E+0	0.000000E+0	1.870069E-2	1.314046E-2	6.976078E-3
0.000000E+0	0.000000E+0	0.000000E+0	0.000000E+0	2.197014E-2	1.230579E-2	4.305995E-3
0.000000E+0	0.000000E+0	0.000000E+0	0.000000E+0	1.881287E-2	1.904626E-2	8.585154E-3
0.000000E+0	0.000000E+0	0.000000E+0	0.000000E+0	1.713024E-2	1.124901E-2	6.481878E-3
0.000000E+0	0.000000E+0	0.000000E+0	0.000000E+0	2.033659E-2	1.749383E-2	5.015675E-3
0.000000E+0	0.000000E+0	0.000000E+0	0.000000E+0	1.944853E-2	1.183585E-2	7.013552E-3
0.000000E+0	0.000000E+0	0.000000E+0	0.000000E+0	1.745741E-2	1.058969E-2	5.938493E-3
0.000000E+0	0.000000E+0	0.000000E+0	0.000000E+0	1.816786E-2	1.037927E-2	5.807330E-3
0.000000E+0	0.000000E+0	0.000000E+0	0.000000E+0	2.040436E-2	1.260973E-2	9.772639E-3
0.000000E+0	0.000000E+0	0.000000E+0	0.000000E+0	1.739665E-2	1.150619E-2	8.821714E-3
0.000000E+0	0.000000E+0	0.000000E+0	0.000000E+0	1.778693E-2	1.046812E-2	9.041880E-3
0.000000E+0	0.000000E+0	0.000000E+0	0.000000E+0	1.694094E-2	1.297914E-2	6.568539E-3
0.000000E+0	0.000000E+0	0.000000E+0	0.000000E+0	1.511107E-2	1.134721E-2	8.271303E-3
0.000000E+0	0.000000E+0	0.000000E+0	0.000000E+0	1.506901E-2	1.191534E-2	3.547129E-3
0.000000E+0	0.000000E+0	0.000000E+0	0.000000E+0	1.712790E-2	8.331179E-3	1.905262E-3
0.000000E+0	0.000000E+0	0.000000E+0	0.000000E+0	1.694094E-2	1.446377E-2	8.545337E-3
0.000000E+0	0.000000E+0	0.000000E+0	0.000000E+0	1.932233E-2	1.176571E-2	7.254797E-3
0.000000E+0	0.000000E+0	0.000000E+0	0.000000E+0	1.992761E-2	1.238762E-2	2.479096E-3
0.000000E+0	0.000000E+0	0.000000E+0	0.000000E+0	1.815851E-2	1.359403E-2	5.512217E-3
0.000000E+0	0.000000E+0	0.000000E+0	0.000000E+0	2.087877E-2	1.123031E-2	6.767624E-3
0.000000E+0	0.000000E+0	0.000000E+0	0.000000E+0	1.813514E-2	1.139631E-2	-2.378312E-4
0.000000E+0	0.000000E+0	0.000000E+0	0.000000E+0	1.216647E-2	7.215951E-3	3.774320E-3
0.000000E+0	0.000000E+0	0.000000E+0	0.000000E+0	1.243756E-2	1.244373E-2	6.463140E-3
0.000000E+0	0.000000E+0	0.000000E+0	0.000000E+0	2.024311E-2	8.702923E-3	6.029838E-3
0.000000E+0	0.000000E+0	0.000000E+0	0.000000E+0	1.892271E-2	8.237660E-3	4.676059E-3
0.000000E+0	0.000000E+0	0.000000E+0	0.000000E+0	1.452683E-2	7.435724E-3	7.983215E-3
0.000000E+0	0.000000E+0	0.000000E+0	0.000000E+0	1.570000E-2	1.012209E-2	4.783799E-3
0.000000E+0	0.000000E+0	0.000000E+0	0.000000E+0	1.627022E-2	8.616416E-3	-1.151281E-3
0.000000E+0	0.000000E+0	0.000000E+0	0.000000E+0	1.400334E-2	7.248683E-3	5.111705E-3
0.000000E+0	0.000000E+0	0.000000E+0	0.000000E+0	1.539151E-2	8.391968E-3	4.978200E-3
0.000000E+0	0.000000E+0	0.000000E+0	0.000000E+0	1.953734E-2	1.098248E-2	1.282242E-3
0.000000E+0	0.000000E+0	0.000000E+0	0.000000E+0	1.423470E-2	1.379276E-2	6.320268E-3
0.000000E+0	0.000000E+0	0.000000E+0	0.000000E+0	1.234174E-2	1.343972E-2	2.673496E-3
0.000000E+0	0.000000E+0	0.000000E+0	0.000000E+0	2.019169E-2	1.364781E-2	4.371575E-3
0.000000E+0	0.000000E+0	0.000000E+0	0.000000E+0	1.068248E-2	1.445442E-2	1.308007E-3
0.000000E+0	0.000000E+0	0.000000E+0	0.000000E+0	1.545929E-2	1.105496E-2	3.884403E-3
0.000000E+0	0.000000E+0	0.000000E+0	0.000000E+0	1.717931E-2	7.194909E-3	4.315364E-3
0.000000E+0	0.000000E+0	0.000000E+0	0.000000E+0	1.422535E-2	1.102223E-2	6.264056E-3
0.000000E+0	0.000000E+0	0.000000E+0	0.000000E+0	1.464835E-2	7.180881E-3	3.701713E-3
0.000000E+0	0.000000E+0	0.000000E+0	0.000000E+0	1.454786E-2	1.015716E-2	2.462701E-3
0.000000E+0	0.000000E+0	0.000000E+0	0.000000E+0	1.673295E-2	1.533351E-2	7.842683E-3
0.000000E+0	0.000000E+0	0.000000E+0	0.000000E+0	1.214076E-2	7.826170E-3	4.975858E-3
0.000000E+0	0.000000E+0	0.000000E+0	0.000000E+0	1.413421E-2	8.665515E-3	8.817302E-4
0.000000E+0	0.000000E+0	0.000000E+0	0.000000E+0	1.492645E-2	5.004197E-3	7.948082E-3
0.000000E+0	0.000000E+0	0.000000E+0	0.000000E+0	1.434454E-2	1.298849E-2	3.725134E-3
0.000000E+0	0.000000E+0	0.000000E+0	0.000000E+0	1.106341E-2	9.857898E-3	1.209636E-3
0.000000E+0	0.000000E+0	0.000000E+0	0.000000E+0	1.088579E-2	5.408672E-3	-1.392524E-3
0.000000E+0	0.000000E+0	0.000000E+0	0.000000E+0	1.146303E-2	7.749016E-3	5.477084E-3
0.000000E+0	0.000000E+0	0.000000E+0	0.000000E+0	1.211038E-2	9.848546E-3	3.793057E-3
0.000000E+0	0.000000E+0	0.000000E+0	0.000000E+0	1.606457E-2	9.055962E-3	5.163503E-4
0.000000E+0	0.000000E+0	0.000000E+0	0.000000E+0	1.371589E-2	1.037693E-2	5.847148E-3
0.000000E+0	0.000000E+0	0.000000E+0	0.000000E+0	8.534780E-3	7.014883E-3	2.739078E-3
0.000000E+0	0.000000E+0	0.000000E+0	0.000000E+0	1.504564E-2	5.509207E-3	1.858419E-3
0.000000E+0	0.000000E+0	0.000000E+0	0.000000E+0	1.507368E-2	1.264246E-2	1.399351E-3
0.000000E+0	0.000000E+0	0.000000E+0	0.000000E+0	1.143732E-2	8.057633E-3	6.784019E-3
0.000000E+0	0.000000E+0	0.000000E+0	0.000000E+0	9.733656E-3	7.713947E-3	3.280120E-3
0.000000E+0	0.000000E+0	0.000000E+0	0.000000E+0	1.315969E-2	6.449085E-3	4.390313E-3
0.000000E+0	0.000000E+0	0.000000E+0	0.000000E+0	1.512977E-2	6.912011E-3	3.196069E-4
0.000000E+0	0.000000E+0	0.000000E+0	0.000000E+0	9.560719E-3	9.067652E-3	6.762940E-3
0.000000E+0	0.000000E+0	0.000000E+0	0.000000E+0	8.380538E-3	6.308804E-3	3.858639E-3
0.000000E+0	0.000000E+0	0.000000E+0	0.000000E+0	1.040671E-2	4.931719E-3	4.842354E-3
0.000000E+0	0.000000E+0	0.000000E+0	0.000000E+0	1.095123E-2	3.395650E-3	4.556608E-3
0.000000E+0	0.000000E+0	0.000000E+0	0.000000E+0	1.108210E-2	8.899316E-3	1.600779E-3
0.000000E+0	0.000000E+0	0.000000E+0	0.000000E+0	1.304751E-2	5.644811E-3	6.313241E-3
0.000000E+0	0.000000E+0	0.000000E+0	0.000000E+0	1.179488E-2	1.016651E-2	-1.254065E-4
0.000000E+0	0.000000E+0	0.000000E+0	0.000000E+0	1.598978E-2	1.085389E-2	-1.006066E-3
0.000000E+0	0.000000E+0	0.000000E+0	0.000000E+0	8.478693E-3	6.872264E-3	6.451703E-4
0.000000E+0	0.000000E+0	0.000000E+0	0.000000E+0	1.303816E-2	5.946414E-3	4.226360E-3
0.000000E+0	0.000000E+0	0.000000E+0	0.000000E+0	9.298976E-3	6.530915E-3	3.668922E-3
0.000000E+0	0.000000E+0	0.000000E+0	0.000000E+0	8.448311E-3	5.815486E-3	4.010881E-3
0.000000E+0	0.000000E+0	0.000000E+0	0.000000E+0	1.608326E-2	6.743674E-3	2.359644E-3
0.000000E+0	0.000000E+0	0.000000E+0	0.000000E+0	2.161804E-3	9.843870E-3	4.317706E-3
0.000000E+0	0.000000E+0	0.000000E+0	0.000000E+0	1.043475E-2	6.991503E-3	3.605683E-3
0.000000E+0	0.000000E+0	0.000000E+0	0.000000E+0	1.212674E-2	2.607742E-3	4.521475E-3
0.000000E+0	0.000000E+0	0.000000E+0	0.000000E+0	9.958008E-3	4.985493E-3	1.097211E-3
0.000000E+0	0.000000E+0	0.000000E+0	0.000000E+0	1.542423E-2	7.844874E-3	7.425777E-3
0.000000E+0	0.000000E+0	0.000000E+0	0.000000E+0	6.368389E-3	3.477480E-3	-3.315184E-4
0.000000E+0	0.000000E+0	0.000000E+0	0.000000E+0	6.599751E-3	3.493846E-3	3.514338E-3
0.000000E+0	0.000000E+0	0.000000E+0	0.000000E+0	1.506901E-2	7.791101E-3	2.799974E-3
0.000000E+0	0.000000E+0	0.000000E+0	0.000000E+0	9.214844E-3	5.684557E-3	-4.228633E-4
0.000000E+0	0.000000E+0	0.000000E+0	0.000000E+0	7.233075E-3	3.037934E-3	4.097541E-3
0.000000E+0	0.000000E+0	0.000000E+0	0.000000E+0	1.433987E-2	6.399987E-3	-1.760247E-3
0.000000E+0	0.000000E+0	0.000000E+0	0.000000E+0	1.445204E-2	4.272401E-3	4.695064E-4
0.000000E+0	0.000000E+0	0.000000E+0	0.000000E+0	8.102437E-3	6.790434E-3	3.282463E-3
0.000000E+0	0.000000E+0	0.000000E+0	0.000000E+0	1.278810E-2	6.963446E-3	1.736625E-3
0.000000E+0	0.000000E+0	0.000000E+0	0.000000E+0	5.943056E-3	7.052290E-3	1.052709E-3
0.000000E+0	0.000000E+0	0.000000E+0	0.000000E+0	5.945393E-3	7.405330E-3	1.486012E-3
0.000000E+0	0.000000E+0	0.000000E+0	0.000000E+0	9.210170E-3	3.945081E-3	1.987238E-3
0.000000E+0	0.000000E+0	0.000000E+0	0.000000E+0	1.447541E-2	4.983156E-3	4.195912E-3
0.000000E+0	0.000000E+0	0.000000E+0	0.000000E+0	4.989564E-3	3.961447E-3	2.750788E-3
0.000000E+0	0.000000E+0	0.000000E+0	0.000000E+0	1.085541E-2	8.413010E-3	5.420871E-3
0.000000E+0	0.000000E+0	0.000000E+0	0.000000E+0	8.840926E-3	7.148149E-3	-1.928884E-3
0.000000E+0	0.000000E+0	0.000000E+0	0.000000E+0	1.018470E-2	7.417019E-3	2.614942E-3
0.000000E+0	0.000000E+0	0.000000E+0	0.000000E+0	6.375400E-3	4.569329E-3	-7.622075E-5
0.000000E+0	0.000000E+0	0.000000E+0	0.000000E+0	7.962217E-3	4.330852E-3	7.271462E-4
0.000000E+0	0.000000E+0	0.000000E+0	0.000000E+0	4.706788E-3	1.062243E-2	2.699260E-3
0.000000E+0	0.000000E+0	0.000000E+0	0.000000E+0	1.127373E-2	2.979485E-3	3.776662E-3
0.000000E+0	0.000000E+0	0.000000E+0	0.000000E+0	7.721507E-3	6.231651E-3	2.188666E-3
0.000000E+0	0.000000E+0	0.000000E+0	0.000000E+0	7.962217E-3	7.426372E-3	-1.769342E-4
0.000000E+0	0.000000E+0	0.000000E+0	0.000000E+0	4.131888E-3	7.667186E-3	6.404863E-4
0.000000E+0	0.000000E+0	0.000000E+0	0.000000E+0	1.358502E-2	6.692238E-3	1.809232E-3
0.000000E+0	0.000000E+0	0.000000E+0	0.000000E+0	9.764037E-3	1.462118E-3	-1.786011E-3
0.000000E+0	0.000000E+0	0.000000E+0	0.000000E+0	8.922720E-3	6.086695E-3	1.966159E-3
0.000000E+0	0.000000E+0	0.000000E+0	0.000000E+0	1.137422E-2	2.296787E-3	1.516460E-3
0.000000E+0	0.000000E+0	0.000000E+0	0.000000E+0	8.163198E-3	4.139136E-3	2.200376E-3
0.000000E+0	0.000000E+0	0.000000E+0	0.000000E+0	9.373760E-3	9.951418E-3	-1.254064E-4
0.000000E+0	0.000000E+0	0.000000E+0	0.000000E+0	7.424709E-3	5.380617E-3	3.092747E-3
0.000000E+0	0.000000E+0	0.000000E+0	0.000000E+0	5.059673E-3	2.981822E-3	2.788264E-3
0.000000E+0	0.000000E+0	0.000000E+0	0.000000E+0	8.616574E-3	5.432052E-3	3.038876E-3
0.000000E+0	0.000000E+0	0.000000E+0	0.000000E+0	1.152847E-2	6.563647E-3	-2.123284E-3
0.000000E+0	0.000000E+0	0.000000E+0	0.000000E+0	1.191173E-2	8.179209E-3	-1.575215E-3
0.000000E+0	0.000000E+0	0.000000E+0	0.000000E+0	7.656071E-3	2.130789E-3	8.278598E-4
0.000000E+0	0.000000E+0	0.000000E+0	0.000000E+0	5.564463E-3	4.838199E-3	4.612820E-3
0.000000E+0	0.000000E+0	0.000000E+0	0.000000E+0	6.401106E-3	5.064986E-3	9.426271E-4
0.000000E+0	0.000000E+0	0.000000E+0	0.000000E+0	6.912908E-3	1.062243E-2	4.722902E-3
0.000000E+0	0.000000E+0	0.000000E+0	0.000000E+0	9.156420E-3	3.891307E-3	3.024823E-3
0.000000E+0	0.000000E+0	0.000000E+0	0.000000E+0	5.508376E-3	-9.507033E-4	4.149069E-3
0.000000E+0	0.000000E+0	0.000000E+0	0.000000E+0	5.851913E-3	1.520569E-3	3.357413E-3
0.000000E+0	0.000000E+0	0.000000E+0	0.000000E+0	5.092392E-3	3.561649E-3	1.076131E-3
0.000000E+0	0.000000E+0	0.000000E+0	0.000000E+0	8.181894E-3	5.152265E-4	3.181749E-3
0.000000E+0	0.000000E+0	0.000000E+0	0.000000E+0	1.046747E-2	4.284092E-3	1.849049E-3
0.000000E+0	0.000000E+0	0.000000E+0	0.000000E+0	6.204799E-3	1.038940E-3	2.767183E-3
0.000000E+0	0.000000E+0	0.000000E+0	0.000000E+0	6.293605E-3	-8.010705E-4	7.505679E-4
0.000000E+0	0.000000E+0	0.000000E+0	0.000000E+0	6.569370E-3	4.183558E-3	4.219334E-3
0.000000E+0	0.000000E+0	0.000000E+0	0.000000E+0	1.729461E-3	6.783420E-3	-4.577232E-5
0.000000E+0	0.000000E+0	0.000000E+0	0.000000E+0	3.063883E-3	8.380278E-3	2.605573E-3
0.000000E+0	0.000000E+0	0.000000E+0	0.000000E+0	1.113118E-2	1.518231E-3	2.059846E-3
0.000000E+0	0.000000E+0	0.000000E+0	0.000000E+0	8.408582E-3	4.990170E-3	-1.842223E-3
0.000000E+0	0.000000E+0	0.000000E+0	0.000000E+0	6.550674E-3	3.341876E-3	-4.636441E-3
0.000000E+0	0.000000E+0	0.000000E+0	0.000000E+0	9.577079E-3	5.062647E-3	5.341237E-3
0.000000E+0	0.000000E+0	0.000000E+0	0.000000E+0	8.700706E-3	1.759046E-3	4.929286E-4
0.000000E+0	0.000000E+0	0.000000E+0	0.000000E+0	6.031862E-3	4.541272E-3	3.540103E-3
0.000000E+0	0.000000E+0	0.000000E+0	0.000000E+0	5.024619E-3	-5.953265E-4	-2.685406E-3
0.000000E+0	0.000000E+0	0.000000E+0	0.000000E+0	9.450881E-3	2.224308E-3	-2.235709E-3
0.000000E+0	0.000000E+0	0.000000E+0	0.000000E+0	6.321649E-3	6.692238E-3	3.055272E-3
0.000000E+0	0.000000E+0	0.000000E+0	0.000000E+0	3.229809E-3	2.691910E-3	3.034192E-3
0.000000E+0	0.000000E+0	0.000000E+0	0.000000E+0	9.577078E-3	4.761045E-3	2.893662E-3
0.000000E+0	0.000000E+0	0.000000E+0	0.000000E+0	7.025083E-3	2.357575E-3	1.598437E-3
0.000000E+0	0.000000E+0	0.000000E+0	0.000000E+0	9.284954E-3	7.295443E-3	2.146506E-3
0.000000E+0	0.000000E+0	0.000000E+0	0.000000E+0	6.702579E-3	4.957438E-3	4.718218E-3
0.000000E+0	0.000000E+0	0.000000E+0	0.000000E+0	6.003818E-3	6.944742E-3	-1.446394E-3
0.000000E+0	0.000000E+0	0.000000E+0	0.000000E+0	4.388957E-3	1.244684E-3	-9.966968E-4
0.000000E+0	0.000000E+0	0.000000E+0	0.000000E+0	5.943056E-3	1.658511E-3	-2.471990E-4
0.000000E+0	0.000000E+0	0.000000E+0	0.000000E+0	4.800268E-3	-3.186698E-5	3.940615E-3
0.000000E+0	0.000000E+0	0.000000E+0	0.000000E+0	5.968763E-3	4.520231E-3	3.188776E-3
0.000000E+0	0.000000E+0	0.000000E+0	0.000000E+0	4.183302E-3	-8.564106E-5	-6.477120E-4
0.000000E+0	0.000000E+0	0.000000E+0	0.000000E+0	7.078834E-3	1.824510E-3	6.100373E-4
0.000000E+0	0.000000E+0	0.000000E+0	0.000000E+0	5.162501E-3	2.921034E-3	1.066762E-3
0.000000E+0	0.000000E+0	0.000000E+0	0.000000E+0	3.491552E-3	-1.316299E-5	-8.678766E-4
0.000000E+0	0.000000E+0	0.000000E+0	0.000000E+0	8.577633E-4	6.820829E-3	-1.821143E-3
0.000000E+0	0.000000E+0	0.000000E+0	0.000000E+0	9.934637E-3	-2.259220E-4	9.964973E-4
0.000000E+0	0.000000E+0	0.000000E+0	0.000000E+0	3.624761E-3	-2.867095E-4	1.610147E-3
0.000000E+0	0.000000E+0	0.000000E+0	0.000000E+0	-3.434507E-4	-2.633298E-4	5.983271E-4
0.000000E+0	0.000000E+0	0.000000E+0	0.000000E+0	1.493425E-3	2.769063E-3	3.734778E-4
0.000000E+0	0.000000E+0	0.000000E+0	0.000000E+0	1.011926E-2	2.549292E-3	2.956900E-3
0.000000E+0	0.000000E+0	0.000000E+0	0.000000E+0	4.216019E-3	6.629112E-3	2.879608E-3
0.000000E+0	0.000000E+0	0.000000E+0	0.000000E+0	7.567265E-3	1.006207E-3	1.642938E-3
0.000000E+0	0.000000E+0	0.000000E+0	0.000000E+0	4.379609E-3	3.669196E-3	7.646216E-4
0.000000E+0	0.000000E+0	0.000000E+0	0.000000E+0	6.359041E-3	2.666192E-3	2.261273E-3
0.000000E+0	0.000000E+0	0.000000E+0	0.000000E+0	5.323754E-3	1.906340E-3	9.801013E-4
0.000000E+0	0.000000E+0	0.000000E+0	0.000000E+0	1.526143E-3	3.872604E-3	-4.299168E-3
0.000000E+0	0.000000E+0	0.000000E+0	0.000000E+0	6.158059E-3	6.659506E-3	-2.718197E-3
0.000000E+0	0.000000E+0	0.000000E+0	0.000000E+0	8.027652E-3	5.235660E-3	1.851392E-3
0.000000E+0	0.000000E+0	0.000000E+0	0.000000E+0	3.832753E-3	4.959776E-3	3.331649E-3
0.000000E+0	0.000000E+0	0.000000E+0	0.000000E+0	9.004515E-3	1.066995E-3	-9.662487E-4
0.000000E+0	0.000000E+0	0.000000E+0	0.000000E+0	5.106413E-3	1.006207E-3	2.568098E-3
0.000000E+0	0.000000E+0	0.000000E+0	0.000000E+0	3.757969E-3	4.936395E-3	5.350876E-4
0.000000E+0	0.000000E+0	0.000000E+0	0.000000E+0	8.694482E-4	2.136241E-4	9.918130E-4
0.000000E+0	0.000000E+0	0.000000E+0	0.000000E+0	2.809151E-3	5.760144E-4	2.551704E-3
0.000000E+0	0.000000E+0	0.000000E+0	0.000000E+0	4.106181E-3	2.720738E-4	-2.589378E-3
0.000000E+0	0.000000E+0	0.000000E+0	0.000000E+0	2.467951E-3	1.667863E-3	1.914631E-3
0.000000E+0	0.000000E+0	0.000000E+0	0.000000E+0	8.485703E-3	5.315920E-4	3.788374E-3
0.000000E+0	0.000000E+0	0.000000E+0	0.000000E+0	4.531514E-3	5.738331E-3	-9.849855E-4
0.000000E+0	0.000000E+0	0.000000E+0	0.000000E+0	2.493657E-3	-6.444249E-4	2.518913E-3
0.000000E+0	0.000000E+0	0.000000E+0	0.000000E+0	-5.584534E-4	3.063653E-3	-3.160869E-3
0.000000E+0	0.000000E+0	0.000000E+0	0.000000E+0	3.732262E-3	4.300458E-3	5.494135E-5
0.000000E+0	0.000000E+0	0.000000E+0	0.000000E+0	5.384515E-3	7.176205E-3	-4.032159E-3
0.000000E+0	0.000000E+0	0.000000E+0	0.000000E+0	5.522398E-3	1.822172E-3	-6.318125E-3
0.000000E+0	0.000000E+0	0.000000E+0	0.000000E+0	2.778770E-3	-1.439346E-3	-3.235819E-3
0.000000E+0	0.000000E+0	0.000000E+0	0.000000E+0	1.381249E-3	3.498522E-3	8.184911E-4
0.000000E+0	0.000000E+0	0.000000E+0	0.000000E+0	3.821068E-3	3.217961E-3	2.600889E-3
0.000000E+0	0.000000E+0	0.000000E+0	0.000000E+0	6.029525E-3	-1.603007E-3	-6.851871E-4
0.000000E+0	0.000000E+0	0.000000E+0	0.000000E+0	7.202695E-3	3.484494E-3	-2.416056E-3
0.000000E+0	0.000000E+0	0.000000E+0	0.000000E+0	3.928570E-3	-2.516393E-4	1.682756E-3
0.000000E+0	0.000000E+0	0.000000E+0	0.000000E+0	9.956460E-4	1.971804E-3	2.797632E-3
0.000000E+0	0.000000E+0	0.000000E+0	0.000000E+0	2.645562E-3	1.551735E-4	1.144055E-3
0.000000E+0	0.000000E+0	0.000000E+0	0.000000E+0	3.463510E-3	4.569328E-3	1.607806E-3
0.000000E+0	0.000000E+0	0.000000E+0	0.000000E+0	3.902862E-3	-7.449585E-4	-7.952692E-4
0.000000E+0	0.000000E+0	0.000000E+0	0.000000E+0	4.910107E-3	5.152269E-4	-2.186523E-3
0.000000E+0	0.000000E+0	0.000000E+0	0.000000E+0	1.895387E-3	1.084131E-4	-5.024973E-4
0.000000E+0	0.000000E+0	0.000000E+0	0.000000E+0	6.078602E-3	1.172206E-3	-2.357502E-3
0.000000E+0	0.000000E+0	0.000000E+0	0.000000E+0	5.087718E-3	7.513648E-4	2.706287E-3
0.000000E+0	0.000000E+0	0.000000E+0	0.000000E+0	-9.370466E-4	3.213285E-3	7.880436E-4
0.000000E+0	0.000000E+0	0.000000E+0	0.000000E+0	2.400177E-3	3.375379E-4	7.505686E-4
0.000000E+0	0.000000E+0	0.000000E+0	0.000000E+0	1.900062E-3	4.814819E-3	2.317485E-3
0.000000E+0	0.000000E+0	0.000000E+0	0.000000E+0	2.250610E-3	8.986597E-4	-2.223998E-3
0.000000E+0	0.000000E+0	0.000000E+0	0.000000E+0	6.452520E-3	9.571097E-4	-1.715745E-3
0.000000E+0	0.000000E+0	0.000000E+0	0.000000E+0	3.512585E-3	2.424548E-5	-4.392855E-3
0.000000E+0	0.000000E+0	0.000000E+0	0.000000E+0	6.947962E-3	2.121436E-3	1.638254E-3
0.000000E+0	0.000000E+0	0.000000E+0	0.000000E+0	5.211578E-3	2.271069E-3	9.475812E-5
0.000000E+0	0.000000E+0	0.000000E+0	0.000000E+0	6.197788E-3	2.769065E-3	1.052709E-3
0.000000E+0	0.000000E+0	0.000000E+0	0.000000E+0	5.737401E-3	-2.282588E-4	-3.968920E-3
0.000000E+0	0.000000E+0	0.000000E+0	0.000000E+0	3.391062E-3	4.333190E-3	3.830532E-3
0.000000E+0	0.000000E+0	0.000000E+0	0.000000E+0	1.865006E-3	-8.057467E-4	-4.814173E-4
0.000000E+0	0.000000E+0	0.000000E+0	0.000000E+0	2.727356E-3	3.858574E-3	5.917413E-3
0.000000E+0	0.000000E+0	0.000000E+0	0.000000E+0	5.470984E-3	3.726082E-4	3.109141E-3
0.000000E+0	0.000000E+0	0.000000E+0	0.000000E+0	3.944928E-3	-9.031723E-5	2.443963E-3
0.000000E+0	0.000000E+0	0.000000E+0	0.000000E+0	4.540861E-3	7.103727E-3	2.345591E-3
0.000000E+0	0.000000E+0	0.000000E+0	0.000000E+0	4.933476E-3	2.285097E-3	1.261163E-3
0.000000E+0	0.000000E+0	0.000000E+0	0.000000E+0	1.755168E-3	1.649159E-3	-1.565846E-3
0.000000E+0	0.000000E+0	0.000000E+0	0.000000E+0	6.786028E-5	1.209614E-3	-4.884444E-4
0.000000E+0	0.000000E+0	0.000000E+0	0.000000E+0	5.938383E-3	-5.322006E-4	8.864143E-4
0.000000E+0	0.000000E+0	0.000000E+0	0.000000E+0	1.334509E-3	1.113756E-3	-4.884443E-4
0.000000E+0	0.000000E+0	0.000000E+0	0.000000E+0	3.975310E-3	-9.390133E-4	1.469617E-3
0.000000E+0	0.000000E+0	0.000000E+0	0.000000E+0	3.129319E-3	1.197924E-3	3.291831E-3
0.000000E+0	0.000000E+0	0.000000E+0	0.000000E+0	4.914780E-3	-2.843718E-4	-1.132543E-3
0.000000E+0	0.000000E+0	0.000000E+0	0.000000E+0	7.952869E-3	1.197924E-3	-3.144474E-3
0.000000E+0	0.000000E+0	0.000000E+0	0.000000E+0	1.304128E-3	3.902996E-3	-1.254336E-3
0.000000E+0	0.000000E+0	0.000000E+0	0.000000E+0	2.654909E-3	1.204938E-3	4.273474E-4
0.000000E+0	0.000000E+0	0.000000E+0	0.000000E+0	-4.135605E-4	1.165192E-3	-6.282993E-3
0.000000E+0	0.000000E+0	0.000000E+0	0.000000E+0	5.176523E-3	3.505536E-3	-1.111463E-3
0.000000E+0	0.000000E+0	0.000000E+0	0.000000E+0	2.276317E-3	-4.106239E-4	-7.153618E-5
0.000000E+0	0.000000E+0	0.000000E+0	0.000000E+0	1.722450E-3	3.056638E-3	5.444293E-3
0.000000E+0	0.000000E+0	0.000000E+0	0.000000E+0	2.785781E-3	-5.360182E-3	4.645610E-3
0.000000E+0	0.000000E+0	0.000000E+0	0.000000E+0	6.310750E-4	-1.624048E-3	1.776442E-3
0.000000E+0	0.000000E+0	0.000000E+0	0.000000E+0	1.444348E-3	-5.602564E-4	1.134955E-4
0.000000E+0	0.000000E+0	0.000000E+0	0.000000E+0	4.370261E-3	-2.790714E-3	-2.910256E-3
0.000000E+0	0.000000E+0	0.000000E+0	0.000000E+0	3.846775E-3	3.168862E-3	-1.483870E-3
0.000000E+0	0.000000E+0	0.000000E+0	0.000000E+0	2.972740E-3	-2.703436E-4	-1.444052E-3
0.000000E+0	0.000000E+0	0.000000E+0	0.000000E+0	5.812185E-3	1.010884E-3	2.970953E-3
0.000000E+0	0.000000E+0	0.000000E+0	0.000000E+0	-1.570371E-3	3.860913E-3	-1.504949E-3
0.000000E+0	0.000000E+0	0.000000E+0	0.000000E+0	2.888608E-3	-1.654443E-3	-1.673586E-3
0.000000E+0	0.000000E+0	0.000000E+0	0.000000E+0	2.545071E-3	3.556972E-3	-3.090603E-3
0.000000E+0	0.000000E+0	0.000000E+0	0.000000E+0	5.814522E-3	-4.672808E-3	-2.879807E-3
0.000000E+0	0.000000E+0	0.000000E+0	0.000000E+0	1.893050E-3	4.848321E-4	1.856076E-3
0.000000E+0	0.000000E+0	0.000000E+0	0.000000E+0	1.505109E-3	7.443507E-4	-1.441440E-4
0.000000E+0	0.000000E+0	0.000000E+0	0.000000E+0	6.801518E-4	1.506540E-3	-1.673586E-3
0.000000E+0	0.000000E+0	0.000000E+0	0.000000E+0	-1.081939E-3	7.583788E-4	-1.254066E-4
0.000000E+0	0.000000E+0	0.000000E+0	0.000000E+0	5.120435E-3	1.695919E-3	1.638254E-3
0.000000E+0	0.000000E+0	0.000000E+0	0.000000E+0	-3.108111E-3	-1.261658E-3	5.069819E-4
0.000000E+0	0.000000E+0	0.000000E+0	0.000000E+0	3.159699E-3	-8.548451E-4	-1.397209E-3
0.000000E+0	0.000000E+0	0.000000E+0	0.000000E+0	2.942360E-3	1.946086E-3	-4.252325E-3
0.000000E+0	0.000000E+0	0.000000E+0	0.000000E+0	1.647666E-3	3.851561E-3	1.059737E-3
0.000000E+0	0.000000E+0	0.000000E+0	0.000000E+0	-1.656839E-3	-1.719907E-3	7.786741E-4
0.000000E+0	0.000000E+0	0.000000E+0	0.000000E+0	5.069021E-3	2.654502E-3	-1.136960E-4
0.000000E+0	0.000000E+0	0.000000E+0	0.000000E+0	5.321417E-3	1.003870E-3	2.985282E-4
0.000000E+0	0.000000E+0	0.000000E+0	0.000000E+0	-9.954707E-4	3.983261E-4	1.097210E-3
0.000000E+0	0.000000E+0	0.000000E+0	0.000000E+0	2.217892E-3	6.668858E-3	-2.338764E-3
0.000000E+0	0.000000E+0	0.000000E+0	0.000000E+0	8.741220E-4	9.828272E-4	-5.959771E-3
0.000000E+0	0.000000E+0	0.000000E+0	0.000000E+0	-4.187800E-3	-3.777353E-3	4.877486E-3
0.000000E+0	0.000000E+0	0.000000E+0	0.000000E+0	2.421211E-3	2.726979E-3	-2.633879E-3
0.000000E+0	0.000000E+0	0.000000E+0	0.000000E+0	1.514458E-3	2.832190E-3	2.066872E-3
0.000000E+0	0.000000E+0	0.000000E+0	0.000000E+0	4.991901E-3	9.828277E-4	1.230715E-3
0.000000E+0	0.000000E+0	0.000000E+0	0.000000E+0	2.612843E-3	-2.435337E-3	-5.254776E-3
0.000000E+0	0.000000E+0	0.000000E+0	0.000000E+0	2.080792E-4	-1.801738E-3	-7.622061E-5
0.000000E+0	0.000000E+0	0.000000E+0	0.000000E+0	3.620087E-3	1.169868E-3	1.286927E-3
0.000000E+0	0.000000E+0	0.000000E+0	0.000000E+0	-3.317657E-4	-1.967735E-3	-3.816679E-3
0.000000E+0	0.000000E+0	0.000000E+0	0.000000E+0	-7.757939E-4	3.540606E-3	-3.922077E-3
0.000000E+0	0.000000E+0	0.000000E+0	0.000000E+0	3.040513E-3	4.473470E-3	-8.116650E-4
0.000000E+0	0.000000E+0	0.000000E+0	0.000000E+0	4.489447E-3	-1.175152E-3	2.659443E-3
0.000000E+0	0.000000E+0	0.000000E+0	0.000000E+0	-7.828049E-4	1.480822E-3	2.265958E-3
0.000000E+0	0.000000E+0	0.000000E+0	0.000000E+0	3.042849E-3	3.666859E-3	6.896718E-4
0.000000E+0	0.000000E+0	0.000000E+0	0.000000E+0	-1.236182E-3	2.963118E-3	1.275491E-4
0.000000E+0	0.000000E+0	0.000000E+0	0.000000E+0	-6.924631E-6	2.016226E-3	1.888867E-3
0.000000E+0	0.000000E+0	0.000000E+0	0.000000E+0	-2.044780E-3	-1.440909E-4	1.411062E-3
0.000000E+0	0.000000E+0	0.000000E+0	0.000000E+0	-4.112229E-4	-2.309085E-3	-4.908134E-3
0.000000E+0	0.000000E+0	0.000000E+0	0.000000E+0	-2.928163E-3	1.817496E-3	7.693056E-4
0.000000E+0	0.000000E+0	0.000000E+0	0.000000E+0	2.105716E-3	-1.892919E-3	-1.043540E-3
0.000000E+0	0.000000E+0	0.000000E+0	0.000000E+0	1.797233E-3	2.836867E-3	-1.139569E-3
0.000000E+0	0.000000E+0	0.000000E+0	0.000000E+0	-2.133586E-3	4.076779E-4	-2.781436E-3
0.000000E+0	0.000000E+0	0.000000E+0	0.000000E+0	2.369796E-3	-8.431552E-4	2.158217E-3
0.000000E+0	0.000000E+0	0.000000E+0	0.000000E+0	-1.860865E-5	-3.337807E-3	-4.205208E-4
0.000000E+0	0.000000E+0	0.000000E+0	0.000000E+0	3.823406E-3	-7.496346E-4	-1.427658E-3
0.000000E+0	0.000000E+0	0.000000E+0	0.000000E+0	5.375956E-4	2.697351E-4	2.055161E-3
0.000000E+0	0.000000E+0	0.000000E+0	0.000000E+0	-2.145271E-3	1.427048E-3	9.238896E-4
0.000000E+0	0.000000E+0	0.000000E+0	0.000000E+0	1.192742E-4	-1.591317E-3	-1.027145E-3
0.000000E+0	0.000000E+0	0.000000E+0	0.000000E+0	-9.861227E-4	-2.320775E-3	1.680413E-3
0.000000E+0	0.000000E+0	0.000000E+0	0.000000E+0	1.853321E-3	-1.177489E-3	-1.849249E-3
0.000000E+0	0.000000E+0	0.000000E+0	0.000000E+0	-1.494801E-4	-1.942017E-3	-1.418021E-4
0.000000E+0	0.000000E+0	0.000000E+0	0.000000E+0	2.238925E-3	-1.813427E-3	-1.678270E-3
0.000000E+0	0.000000E+0	0.000000E+0	0.000000E+0	5.234948E-3	8.846313E-4	2.888976E-3
0.000000E+0	0.000000E+0	0.000000E+0	0.000000E+0	2.594148E-3	6.859009E-4	2.326854E-3
0.000000E+0	0.000000E+0	0.000000E+0	0.000000E+0	9.979824E-4	-1.814991E-4	8.489401E-4
0.000000E+0	0.000000E+0	0.000000E+0	0.000000E+0	1.367227E-3	-2.194523E-3	2.539992E-3
0.000000E+0	0.000000E+0	0.000000E+0	0.000000E+0	6.092623E-3	5.479582E-4	3.212197E-3
0.000000E+0	0.000000E+0	0.000000E+0	0.000000E+0	-1.388085E-3	-9.857731E-4	-2.083467E-3
0.000000E+0	0.000000E+0	0.000000E+0	0.000000E+0	2.126750E-3	-1.041885E-3	8.184916E-4
0.000000E+0	0.000000E+0	0.000000E+0	0.000000E+0	5.174186E-3	2.939738E-3	2.493149E-3
0.000000E+0	0.000000E+0	0.000000E+0	0.000000E+0	1.778537E-3	-1.032533E-3	2.980322E-3
0.000000E+0	0.000000E+0	0.000000E+0	0.000000E+0	-3.379202E-3	-1.327122E-3	8.138073E-4
0.000000E+0	0.000000E+0	0.000000E+0	0.000000E+0	-1.163734E-3	-2.215565E-3	2.301090E-3
0.000000E+0	0.000000E+0	0.000000E+0	0.000000E+0	8.951549E-4	-1.013830E-3	-7.203199E-4
0.000000E+0	0.000000E+0	0.000000E+0	0.000000E+0	-4.696479E-4	2.846218E-3	-4.338984E-3
0.000000E+0	0.000000E+0	0.000000E+0	0.000000E+0	7.175434E-4	1.041278E-3	-1.298837E-3
0.000000E+0	0.000000E+0	0.000000E+0	0.000000E+0	2.122075E-3	2.011550E-3	-2.811885E-3
0.000000E+0	0.000000E+0	0.000000E+0	0.000000E+0	4.987227E-3	-3.849062E-4	-4.744181E-3
0.000000E+0	0.000000E+0	0.000000E+0	0.000000E+0	-2.026084E-3	6.472465E-3	1.450880E-3
0.000000E+0	0.000000E+0	0.000000E+0	0.000000E+0	2.302024E-3	-1.140082E-3	-2.903229E-3
0.000000E+0	0.000000E+0	0.000000E+0	0.000000E+0	-3.540454E-3	2.577348E-3	-2.987274E-4
0.000000E+0	0.000000E+0	0.000000E+0	0.000000E+0	1.935116E-3	-1.738611E-3	-1.282442E-3
0.000000E+0	0.000000E+0	0.000000E+0	0.000000E+0	1.776986E-4	1.808143E-3	7.575947E-4
0.000000E+0	0.000000E+0	0.000000E+0	0.000000E+0	3.246168E-3	-1.712893E-3	1.343139E-3
0.000000E+0	0.000000E+0	0.000000E+0	0.000000E+0	2.830184E-3	-6.935221E-4	-4.556538E-4
0.000000E+0	0.000000E+0	0.000000E+0	0.000000E+0	-1.322650E-3	-1.231264E-3	3.968989E-4
0.000000E+0	0.000000E+0	0.000000E+0	0.000000E+0	-7.547608E-4	-1.427656E-3	-5.402333E-3
0.000000E+0	0.000000E+0	0.000000E+0	0.000000E+0	2.832521E-3	-5.785699E-3	-1.277488E-4
0.000000E+0	0.000000E+0	0.000000E+0	0.000000E+0	1.783212E-3	7.560410E-4	1.518803E-3
0.000000E+0	0.000000E+0	0.000000E+0	0.000000E+0	1.121844E-3	5.058739E-4	6.006689E-4
0.000000E+0	0.000000E+0	0.000000E+0	0.000000E+0	1.051733E-3	3.281865E-4	1.478986E-3
0.000000E+0	0.000000E+0	0.000000E+0	0.000000E+0	8.764594E-4	-8.034082E-4	-1.750878E-3
0.000000E+0	0.000000E+0	0.000000E+0	0.000000E+0	-4.369303E-4	-2.673814E-3	-6.421181E-3
0.000000E+0	0.000000E+0	0.000000E+0	0.000000E+0	4.052430E-3	5.152264E-4	-3.188975E-3
0.000000E+0	0.000000E+0	0.000000E+0	0.000000E+0	-2.262121E-3	-2.154775E-3	3.523982E-4
0.000000E+0	0.000000E+0	0.000000E+0	0.000000E+0	1.988867E-3	-5.161451E-3	1.094868E-3
0.000000E+0	0.000000E+0	0.000000E+0	0.000000E+0	7.970013E-4	-3.459383E-3	-1.521345E-3
0.000000E+0	0.000000E+0	0.000000E+0	0.000000E+0	3.638783E-3	1.341321E-4	3.090404E-3
0.000000E+0	0.000000E+0	0.000000E+0	0.000000E+0	-2.040106E-3	2.682558E-3	-4.108791E-5
0.000000E+0	0.000000E+0	0.000000E+0	0.000000E+0	-2.481798E-3	-3.531862E-3	-3.153843E-3
0.000000E+0	0.000000E+0	0.000000E+0	0.000000E+0	4.036071E-3	-8.478312E-4	-1.725114E-3
0.000000E+0	0.000000E+0	0.000000E+0	0.000000E+0	-1.869506E-3	9.500955E-4	-2.940704E-3
0.000000E+0	0.000000E+0	0.000000E+0	0.000000E+0	3.872482E-3	1.270402E-3	1.996607E-3
0.000000E+0	0.000000E+0	0.000000E+0	0.000000E+0	5.048772E-4	2.493179E-3	-8.585085E-4
0.000000E+0	0.000000E+0	0.000000E+0	0.000000E+0	-1.658388E-4	-3.381453E-4	-2.448576E-4
0.000000E+0	0.000000E+0	0.000000E+0	0.000000E+0	-2.079835E-3	-1.156448E-3	1.509704E-4
0.000000E+0	0.000000E+0	0.000000E+0	0.000000E+0	-2.390655E-3	9.430816E-4	-2.013202E-3
0.000000E+0	0.000000E+0	0.000000E+0	0.000000E+0	4.117866E-3	2.841542E-3	-2.476953E-3
0.000000E+0	0.000000E+0	0.000000E+0	0.000000E+0	2.250610E-3	1.403669E-3	-3.099972E-3
0.000000E+0	0.000000E+0	0.000000E+0	0.000000E+0	-1.401322E-4	7.113079E-3	3.125537E-3
0.000000E+0	0.000000E+0	0.000000E+0	0.000000E+0	1.946801E-3	-2.613025E-3	2.465043E-3
0.000000E+0	0.000000E+0	0.000000E+0	0.000000E+0	-8.716102E-4	1.389640E-3	-5.962114E-3
0.000000E+0	0.000000E+0	0.000000E+0	0.000000E+0	-5.921848E-3	1.714623E-3	-2.591720E-3
0.000000E+0	0.000000E+0	0.000000E+0	0.000000E+0	-9.206869E-4	1.621103E-3	1.172160E-3
0.000000E+0	0.000000E+0	0.000000E+0	0.000000E+0	-5.066509E-3	-3.071274E-3	-4.292141E-3
0.000000E+0	0.000000E+0	0.000000E+0	0.000000E+0	9.933081E-4	-4.176381E-4	1.394668E-3
0.000000E+0	0.000000E+0	0.000000E+0	0.000000E+0	-1.266562E-3	1.017898E-3	2.338565E-3
0.000000E+0	0.000000E+0	0.000000E+0	0.000000E+0	1.535490E-3	2.109746E-3	-3.441931E-3
0.000000E+0	0.000000E+0	0.000000E+0	0.000000E+0	-1.353030E-3	-2.332464E-3	-1.849249E-3
0.000000E+0	0.000000E+0	0.000000E+0	0.000000E+0	-2.255109E-3	-1.897595E-3	-2.038966E-3
0.000000E+0	0.000000E+0	0.000000E+0	0.000000E+0	-1.868723E-4	-3.604339E-3	-4.301510E-3
0.000000E+0	0.000000E+0	0.000000E+0	0.000000E+0	1.435000E-3	-2.853840E-3	2.844742E-4
0.000000E+0	0.000000E+0	0.000000E+0	0.000000E+0	-2.818324E-3	-5.228487E-4	-9.261563E-5
0.000000E+0	0.000000E+0	0.000000E+0	0.000000E+0	1.262062E-3	-1.773681E-3	-3.244916E-4
0.000000E+0	0.000000E+0	0.000000E+0	0.000000E+0	1.299454E-3	-2.916966E-3	5.962615E-5
0.000000E+0	0.000000E+0	0.000000E+0	0.000000E+0	-2.086846E-3	-1.791616E-4	2.179296E-3
0.000000E+0	0.000000E+0	0.000000E+0	0.000000E+0	1.262850E-4	5.082123E-4	1.884454E-4
0.000000E+0	0.000000E+0	0.000000E+0	0.000000E+0	4.020499E-4	-1.523515E-3	-1.581973E-4
0.000000E+0	0.000000E+0	0.000000E+0	0.000000E+0	2.431340E-4	6.578453E-4	1.406378E-3
0.000000E+0	0.000000E+0	0.000000E+0	0.000000E+0	4.207454E-4	-7.223572E-3	-6.945558E-4
0.000000E+0	0.000000E+0	0.000000E+0	0.000000E+0	1.857995E-3	-1.009153E-3	2.338565E-3
0.000000E+0	0.000000E+0	0.000000E+0	0.000000E+0	3.669946E-4	-6.865085E-4	5.936422E-4
0.000000E+0	0.000000E+0	0.000000E+0	0.000000E+0	3.360680E-3	4.006639E-4	-1.362077E-3
0.000000E+0	0.000000E+0	0.000000E+0	0.000000E+0	1.458369E-3	-3.334701E-4	-5.835636E-3
0.000000E+0	0.000000E+0	0.000000E+0	0.000000E+0	-1.780700E-3	-3.725916E-3	2.741420E-3
0.000000E+0	0.000000E+0	0.000000E+0	0.000000E+0	-4.486151E-4	2.229760E-4	2.125426E-3
0.000000E+0	0.000000E+0	0.000000E+0	0.000000E+0	5.305836E-4	-9.132955E-4	-9.756165E-4
0.000000E+0	0.000000E+0	0.000000E+0	0.000000E+0	-4.182336E-4	1.955438E-3	2.821327E-4
0.000000E+0	0.000000E+0	0.000000E+0	0.000000E+0	2.682953E-3	-9.694074E-4	-1.134886E-3
0.000000E+0	0.000000E+0	0.000000E+0	0.000000E+0	3.199429E-3	-2.587307E-3	4.362207E-3
0.000000E+0	0.000000E+0	0.000000E+0	0.000000E+0	7.409138E-4	-5.701531E-3	-4.177374E-3
0.000000E+0	0.000000E+0	0.000000E+0	0.000000E+0	-2.452968E-4	-9.296614E-4	1.497723E-3
0.000000E+0	0.000000E+0	0.000000E+0	0.000000E+0	-1.666188E-3	3.702694E-4	-1.453422E-3
0.000000E+0	0.000000E+0	0.000000E+0	0.000000E+0	3.017143E-3	-6.019500E-3	7.646208E-4
0.000000E+0	0.000000E+0	0.000000E+0	0.000000E+0	1.107821E-3	6.180215E-3	-1.479186E-3
0.000000E+0	0.000000E+0	0.000000E+0	0.000000E+0	4.344554E-3	-4.901158E-4	2.825739E-3
0.000000E+0	0.000000E+0	0.000000E+0	0.000000E+0	-6.542701E-4	2.963118E-3	1.085499E-3
0.000000E+0	0.000000E+0	0.000000E+0	0.000000E+0	-7.360651E-4	-1.546895E-3	-1.364418E-3
0.000000E+0	0.000000E+0	0.000000E+0	0.000000E+0	-5.940544E-3	-3.192850E-3	-8.538241E-4
0.000000E+0	0.000000E+0	0.000000E+0	0.000000E+0	-1.677872E-3	1.609413E-3	-2.413715E-3
0.000000E+0	0.000000E+0	0.000000E+0	0.000000E+0	3.837427E-3	-5.028185E-3	1.270532E-3
0.000000E+0	0.000000E+0	0.000000E+0	0.000000E+0	-4.182343E-4	-2.493787E-3	-3.896313E-3
0.000000E+0	0.000000E+0	0.000000E+0	0.000000E+0	-1.638143E-3	2.383293E-3	-2.252104E-3
0.000000E+0	0.000000E+0	0.000000E+0	0.000000E+0	6.684662E-4	-1.490783E-3	3.032122E-4
0.000000E+0	0.000000E+0	0.000000E+0	0.000000E+0	1.467718E-3	-3.662016E-4	-4.177374E-3
0.000000E+0	0.000000E+0	0.000000E+0	0.000000E+0	3.921559E-3	-1.112026E-3	-3.069524E-3
0.000000E+0	0.000000E+0	0.000000E+0	0.000000E+0	-1.815755E-3	-3.778918E-4	-2.685407E-3
0.000000E+0	0.000000E+0	0.000000E+0	0.000000E+0	-2.502830E-3	2.135465E-3	-5.071806E-4
0.000000E+0	0.000000E+0	0.000000E+0	0.000000E+0	8.156975E-4	-3.824112E-3	-4.751208E-3
0.000000E+0	0.000000E+0	0.000000E+0	0.000000E+0	-3.432953E-3	2.114423E-3	-1.294153E-3
0.000000E+0	0.000000E+0	0.000000E+0	0.000000E+0	1.995878E-3	2.044282E-3	4.132946E-4
0.000000E+0	0.000000E+0	0.000000E+0	0.000000E+0	-6.192156E-4	-1.093322E-3	-1.308207E-3
0.000000E+0	0.000000E+0	0.000000E+0	0.000000E+0	1.117169E-3	-1.778357E-3	1.668703E-3
0.000000E+0	0.000000E+0	0.000000E+0	0.000000E+0	-2.091520E-3	1.740341E-3	-2.406688E-3
0.000000E+0	0.000000E+0	0.000000E+0	0.000000E+0	-2.523081E-4	-5.961050E-3	-1.753221E-3
0.000000E+0	0.000000E+0	0.000000E+0	0.000000E+0	-1.938828E-4	-4.410180E-4	2.059846E-3
0.000000E+0	0.000000E+0	0.000000E+0	0.000000E+0	3.342770E-4	-1.546895E-3	-3.837759E-3
0.000000E+0	0.000000E+0	0.000000E+0	0.000000E+0	1.928105E-3	-1.231263E-3	1.486012E-3
0.000000E+0	0.000000E+0	0.000000E+0	0.000000E+0	-1.050772E-4	-1.317771E-3	-1.661875E-3
0.000000E+0	0.000000E+0	0.000000E+0	0.000000E+0	4.379609E-3	-8.080849E-4	8.161491E-4
0.000000E+0	0.000000E+0	0.000000E+0	0.000000E+0	-3.912036E-3	-3.697860E-3	-3.057538E-4
0.000000E+0	0.000000E+0	0.000000E+0	0.000000E+0	3.973757E-4	9.672312E-5	-4.830843E-3
0.000000E+0	0.000000E+0	0.000000E+0	0.000000E+0	6.941734E-4	-4.316659E-4	1.345752E-4
0.000000E+0	0.000000E+0	0.000000E+0	0.000000E+0	-3.808425E-4	1.777749E-3	8.070551E-5
0.000000E+0	0.000000E+0	0.000000E+0	0.000000E+0	-2.149945E-3	-9.600554E-4	-5.425755E-3
0.000000E+0	0.000000E+0	0.000000E+0	0.000000E+0	-5.573637E-3	-2.636406E-3	-2.427767E-3
0.000000E+0	0.000000E+0	0.000000E+0	0.000000E+0	-1.138027E-3	2.694248E-3	-2.354889E-4
0.000000E+0	0.000000E+0	0.000000E+0	0.000000E+0	1.841637E-3	-3.545123E-4	3.620343E-5
0.000000E+0	0.000000E+0	0.000000E+0	0.000000E+0	1.769190E-3	1.006208E-3	-4.142242E-3
0.000000E+0	0.000000E+0	0.000000E+0	0.000000E+0	-1.465206E-3	1.291444E-3	4.250052E-4
0.000000E+0	0.000000E+0	0.000000E+0	0.000000E+0	-4.711287E-3	1.130122E-3	1.221346E-3
0.000000E+0	0.000000E+0	0.000000E+0	0.000000E+0	-2.499706E-4	-6.911847E-4	-1.343339E-3
0.000000E+0	0.000000E+0	0.000000E+0	0.000000E+0	4.604744E-4	3.005202E-3	3.045903E-3
0.000000E+0	0.000000E+0	0.000000E+0	0.000000E+0	2.103380E-3	-4.906609E-3	2.287037E-3
0.000000E+0	0.000000E+0	0.000000E+0	0.000000E+0	7.666204E-4	-2.187508E-3	1.900578E-3
0.000000E+0	0.000000E+0	0.000000E+0	0.000000E+0	1.544838E-3	2.020902E-3	-2.235709E-3
0.000000E+0	0.000000E+0	0.000000E+0	0.000000E+0	2.197648E-4	1.497189E-3	-3.130421E-3
0.000000E+0	0.000000E+0	0.000000E+0	0.000000E+0	8.577632E-4	-1.252306E-3	2.078583E-3
0.000000E+0	0.000000E+0	0.000000E+0	0.000000E+0	4.550209E-3	-5.532425E-4	-2.401732E-4
0.000000E+0	0.000000E+0	0.000000E+0	0.000000E+0	-3.690022E-3	2.627215E-4	-4.966688E-3
0.000000E+0	0.000000E+0	0.000000E+0	0.000000E+0	1.458369E-3	3.061315E-3	-3.212397E-3
0.000000E+0	0.000000E+0	0.000000E+0	0.000000E+0	-2.460764E-3	9.571090E-4	1.603396E-4
0.000000E+0	0.000000E+0	0.000000E+0	0.000000E+0	-2.359490E-4	-1.689513E-3	-2.205260E-3
0.000000E+0	0.000000E+0	0.000000E+0	0.000000E+0	-1.278246E-3	-2.804742E-3	-4.273403E-3
0.000000E+0	0.000000E+0	0.000000E+0	0.000000E+0	-7.360653E-4	-4.219236E-3	-2.856386E-3
0.000000E+0	0.000000E+0	0.000000E+0	0.000000E+0	-3.638607E-3	-3.662017E-4	-2.500375E-3
0.000000E+0	0.000000E+0	0.000000E+0	0.000000E+0	2.087021E-3	-8.735493E-4	-1.521344E-3
0.000000E+0	0.000000E+0	0.000000E+0	0.000000E+0	1.981856E-3	2.591376E-3	-2.961783E-3
0.000000E+0	0.000000E+0	0.000000E+0	0.000000E+0	8.320561E-4	-2.531195E-3	-4.322316E-4
0.000000E+0	0.000000E+0	0.000000E+0	0.000000E+0	-2.287827E-3	6.718723E-4	-2.472269E-3
0.000000E+0	0.000000E+0	0.000000E+0	0.000000E+0	1.327498E-3	5.053296E-3	-2.092836E-3
0.000000E+0	0.000000E+0	0.000000E+0	0.000000E+0	-3.867633E-3	-1.791611E-4	-2.027255E-3
0.000000E+0	0.000000E+0	0.000000E+0	0.000000E+0	4.277567E-4	-2.016834E-3	-5.849690E-3
0.000000E+0	0.000000E+0	0.000000E+0	0.000000E+0	6.287385E-4	-2.126720E-3	1.275216E-3
0.000000E+0	0.000000E+0	0.000000E+0	0.000000E+0	8.858067E-4	2.801796E-3	-3.186634E-3
0.000000E+0	0.000000E+0	0.000000E+0	0.000000E+0	1.806582E-3	-2.259216E-4	-5.763029E-3
0.000000E+0	0.000000E+0	0.000000E+0	0.000000E+0	3.059210E-3	6.021230E-3	8.465980E-4
0.000000E+0	0.000000E+0	0.000000E+0	0.000000E+0	2.094032E-3	1.892312E-3	4.554540E-4
0.000000E+0	0.000000E+0	0.000000E+0	0.000000E+0	-3.154064E-4	7.537026E-4	-1.532403E-5
0.000000E+0	0.000000E+0	0.000000E+0	0.000000E+0	8.904816E-4	-4.946355E-3	1.928684E-3
0.000000E+0	0.000000E+0	0.000000E+0	0.000000E+0	4.501133E-3	5.958104E-3	2.048401E-4
0.000000E+0	0.000000E+0	0.000000E+0	0.000000E+0	-1.860157E-3	-3.372877E-3	-1.430000E-3
0.000000E+0	0.000000E+0	0.000000E+0	0.000000E+0	3.979984E-3	-2.332465E-3	-2.099863E-3
0.000000E+0	0.000000E+0	0.000000E+0	0.000000E+0	3.085698E-4	-2.898262E-3	-1.366761E-3
0.000000E+0	0.000000E+0	0.000000E+0	0.000000E+0	1.019016E-3	-3.253639E-3	-3.905682E-3
0.000000E+0	0.000000E+0	0.000000E+0	0.000000E+0	9.605903E-4	-3.307413E-3	8.138068E-4
0.000000E+0	0.000000E+0	0.000000E+0	0.000000E+0	3.360681E-3	4.146921E-4	-3.615252E-3
0.000000E+0	0.000000E+0	0.000000E+0	0.000000E+0	3.150352E-3	1.499527E-3	-1.638454E-3
0.000000E+0	0.000000E+0	0.000000E+0	0.000000E+0	1.364890E-3	2.553967E-3	-3.252214E-3
0.000000E+0	0.000000E+0	0.000000E+0	0.000000E+0	-1.724613E-3	-5.088204E-4	-1.338655E-3
0.000000E+0	0.000000E+0	0.000000E+0	0.000000E+0	-9.884600E-4	3.751026E-3	-1.111463E-3
0.000000E+0	0.000000E+0	0.000000E+0	0.000000E+0	1.486413E-3	3.231989E-3	-2.481638E-3
0.000000E+0	0.000000E+0	0.000000E+0	0.000000E+0	1.056408E-3	-8.735497E-4	-2.109231E-3
0.000000E+0	0.000000E+0	0.000000E+0	0.000000E+0	-2.452967E-4	-1.133067E-3	-4.108783E-5
0.000000E+0	0.000000E+0	0.000000E+0	0.000000E+0	-2.582288E-3	-3.786705E-3	-2.123285E-3
0.000000E+0	0.000000E+0	0.000000E+0	0.000000E+0	1.224671E-3	1.307810E-3	-1.497922E-3
0.000000E+0	0.000000E+0	0.000000E+0	0.000000E+0	-4.379434E-3	2.296786E-3	-1.247310E-3
0.000000E+0	0.000000E+0	0.000000E+0	0.000000E+0	-4.789966E-4	1.754369E-3	1.991923E-3
0.000000E+0	0.000000E+0	0.000000E+0	0.000000E+0	-3.893340E-3	5.696246E-3	-5.374227E-3
0.000000E+0	0.000000E+0	0.000000E+0	0.000000E+0	3.366135E-4	-2.891248E-3	5.608524E-4
0.000000E+0	0.000000E+0	0.000000E+0	0.000000E+0	4.531513E-3	-3.428216E-4	-1.533055E-3
0.000000E+0	0.000000E+0	0.000000E+0	0.000000E+0	-1.126343E-3	-7.169019E-4	1.179187E-3
0.000000E+0	0.000000E+0	0.000000E+0	0.000000E+0	1.121843E-3	-4.107011E-3	-1.310549E-3
0.000000E+0	0.000000E+0	0.000000E+0	0.000000E+0	-4.182343E-4	-5.021171E-3	-2.989890E-3
0.000000E+0	0.000000E+0	0.000000E+0	0.000000E+0	1.783212E-3	-3.190513E-3	-1.371172E-4
0.000000E+0	0.000000E+0	0.000000E+0	0.000000E+0	2.087020E-3	-7.169030E-4	-3.455983E-3
0.000000E+0	0.000000E+0	0.000000E+0	0.000000E+0	-1.238518E-3	3.024675E-4	1.350166E-3
0.000000E+0	0.000000E+0	0.000000E+0	0.000000E+0	3.047525E-3	5.697708E-5	9.944231E-5
0.000000E+0	0.000000E+0	0.000000E+0	0.000000E+0	-2.554244E-3	1.041278E-3	-5.854373E-3
0.000000E+0	0.000000E+0	0.000000E+0	0.000000E+0	-4.129377E-3	-9.062804E-4	-9.428271E-4
0.000000E+0	0.000000E+0	0.000000E+0	0.000000E+0	-1.163735E-3	7.209706E-4	-7.226622E-4
0.000000E+0	0.000000E+0	0.000000E+0	0.000000E+0	-3.014631E-3	-3.742282E-3	1.258821E-3
0.000000E+0	0.000000E+0	0.000000E+0	0.000000E+0	2.453928E-3	-2.601336E-3	4.310680E-3
0.000000E+0	0.000000E+0	0.000000E+0	0.000000E+0	1.285432E-3	1.855676E-4	-1.863302E-3
0.000000E+0	0.000000E+0	0.000000E+0	0.000000E+0	3.669952E-4	-3.410285E-3	-5.676368E-3
0.000000E+0	0.000000E+0	0.000000E+0	0.000000E+0	-1.747982E-3	-3.358080E-4	-5.587098E-4
0.000000E+0	0.000000E+0	0.000000E+0	0.000000E+0	6.334117E-4	2.084028E-3	-7.943597E-3
0.000000E+0	0.000000E+0	0.000000E+0	0.000000E+0	-2.196684E-3	8.402088E-4	-1.001381E-3
0.000000E+0	0.000000E+0	0.000000E+0	0.000000E+0	8.133598E-4	4.564652E-3	-2.228682E-3
0.000000E+0	0.000000E+0	0.000000E+0	0.000000E+0	-7.703326E-5	-2.147762E-3	-2.933678E-3
0.000000E+0	0.000000E+0	0.000000E+0	0.000000E+0	-1.273573E-3	-1.228926E-3	-7.531095E-4
0.000000E+0	0.000000E+0	0.000000E+0	0.000000E+0	1.236355E-3	-2.348831E-3	-8.467971E-4
0.000000E+0	0.000000E+0	0.000000E+0	0.000000E+0	-4.719849E-4	-2.344155E-3	1.598437E-3
0.000000E+0	0.000000E+0	0.000000E+0	0.000000E+0	-1.652166E-3	1.244684E-3	-1.889066E-3
0.000000E+0	0.000000E+0	0.000000E+0	0.000000E+0	3.274212E-3	1.092713E-3	-2.994574E-3
0.000000E+0	0.000000E+0	0.000000E+0	0.000000E+0	-1.086614E-3	-5.275246E-4	-3.409140E-3
0.000000E+0	0.000000E+0	0.000000E+0	0.000000E+0	-2.474786E-3	-3.697860E-3	-2.741619E-3
0.000000E+0	0.000000E+0	0.000000E+0	0.000000E+0	1.264399E-3	-2.365197E-3	1.111535E-4
0.000000E+0	0.000000E+0	0.000000E+0	0.000000E+0	7.970011E-4	6.835627E-4	1.624201E-3
0.000000E+0	0.000000E+0	0.000000E+0	0.000000E+0	-2.582288E-3	1.798792E-3	-3.982973E-3
0.000000E+0	0.000000E+0	0.000000E+0	0.000000E+0	-2.600984E-3	5.947187E-4	-5.966798E-3
0.000000E+0	0.000000E+0	0.000000E+0	0.000000E+0	2.493657E-3	-3.716564E-3	-2.666670E-3
0.000000E+0	0.000000E+0	0.000000E+0	0.000000E+0	7.128698E-4	-1.885906E-3	-1.188755E-3
0.000000E+0	0.000000E+0	0.000000E+0	0.000000E+0	-2.547233E-3	-4.738272E-3	-2.690092E-3
0.000000E+0	0.000000E+0	0.000000E+0	0.000000E+0	1.002656E-3	3.199257E-3	-9.147208E-4
0.000000E+0	0.000000E+0	0.000000E+0	0.000000E+0	1.495762E-3	-1.441685E-3	-3.900997E-3
0.000000E+0	0.000000E+0	0.000000E+0	0.000000E+0	-2.135923E-3	-4.053237E-3	-1.467474E-3
0.000000E+0	0.000000E+0	0.000000E+0	0.000000E+0	-7.235959E-5	-4.242615E-3	1.978137E-4
0.000000E+0	0.000000E+0	0.000000E+0	0.000000E+0	6.988482E-4	2.254702E-3	-5.847347E-3
0.000000E+0	0.000000E+0	0.000000E+0	0.000000E+0	4.511263E-4	-1.556247E-3	3.151926E-5
0.000000E+0	0.000000E+0	0.000000E+0	0.000000E+0	2.922116E-4	-1.814996E-4	5.259261E-3
0.000000E+0	0.000000E+0	0.000000E+0	0.000000E+0	2.416537E-3	1.116094E-3	-3.842443E-3
0.000000E+0	0.000000E+0	0.000000E+0	0.000000E+0	-7.594349E-4	-2.631730E-3	-4.505280E-3
0.000000E+0	0.000000E+0	0.000000E+0	0.000000E+0	-1.086614E-3	-4.768666E-3	3.968991E-4
0.000000E+0	0.000000E+0	0.000000E+0	0.000000E+0	9.512429E-4	-2.933332E-3	-1.214519E-3
0.000000E+0	0.000000E+0	0.000000E+0	0.000000E+0	2.834857E-3	1.478484E-3	-3.043760E-3
0.000000E+0	0.000000E+0	0.000000E+0	0.000000E+0	1.306466E-3	-1.897595E-3	-8.186909E-4
0.000000E+0	0.000000E+0	0.000000E+0	0.000000E+0	-5.981828E-4	-6.484763E-3	-3.252215E-3
0.000000E+0	0.000000E+0	0.000000E+0	0.000000E+0	-2.549570E-3	-2.498463E-3	4.048355E-3
0.000000E+0	0.000000E+0	0.000000E+0	0.000000E+0	-1.299280E-3	-3.802297E-4	-4.177375E-3
0.000000E+0	0.000000E+0	0.000000E+0	0.000000E+0	-2.280816E-3	3.982489E-3	-4.774630E-3
0.000000E+0	0.000000E+0	0.000000E+0	0.000000E+0	4.511266E-4	2.712952E-3	6.358013E-4
0.000000E+0	0.000000E+0	0.000000E+0	0.000000E+0	-1.839125E-3	-3.420479E-5	-2.879808E-3
0.000000E+0	0.000000E+0	0.000000E+0	0.000000E+0	-2.028421E-3	-2.556914E-3	1.462866E-4
0.000000E+0	0.000000E+0	0.000000E+0	0.000000E+0	2.173489E-3	2.066093E-4	-2.237781E-4
0.000000E+0	0.000000E+0	0.000000E+0	0.000000E+0	-2.311196E-3	-5.397590E-3	-4.474831E-3
0.000000E+0	0.000000E+0	0.000000E+0	0.000000E+0	-6.403269E-3	-3.377553E-3	-5.648262E-3
0.000000E+0	0.000000E+0	0.000000E+0	0.000000E+0	-2.481798E-3	-4.317432E-3	-1.062278E-3
0.000000E+0	0.000000E+0	0.000000E+0	0.000000E+0	1.993541E-3	-1.511057E-4	-2.451190E-3
0.000000E+0	0.000000E+0	0.000000E+0	0.000000E+0	-3.019306E-3	-3.147659E-4	1.978140E-4
0.000000E+0	0.000000E+0	0.000000E+0	0.000000E+0	-6.145418E-4	-5.696855E-3	-1.031829E-3
0.000000E+0	0.000000E+0	0.000000E+0	0.000000E+0	-4.818789E-3	-1.095660E-3	5.093244E-4
0.000000E+0	0.000000E+0	0.000000E+0	0.000000E+0	3.722914E-3	-1.411290E-3	2.570440E-3
0.000000E+0	0.000000E+0	0.000000E+0	0.000000E+0	-1.341345E-3	-2.068270E-3	-3.116368E-3
0.000000E+0	0.000000E+0	0.000000E+0	0.000000E+0	6.287378E-4	2.364589E-3	3.366782E-3
0.000000E+0	0.000000E+0	0.000000E+0	0.000000E+0	1.808918E-3	1.097390E-3	-8.796150E-3
0.000000E+0	0.000000E+0	0.000000E+0	0.000000E+0	2.002889E-3	-2.234268E-3	3.458126E-3
0.000000E+0	0.000000E+0	0.000000E+0	0.000000E+0	2.423947E-6	-5.205099E-4	-5.587096E-4
0.000000E+0	0.000000E+0	0.000000E+0	0.000000E+0	-3.369854E-3	-4.960383E-3	-1.896093E-3
0.000000E+0	0.000000E+0	0.000000E+0	0.000000E+0	-3.194580E-3	-2.257649E-3	-5.671684E-3
0.000000E+0	0.000000E+0	0.000000E+0	0.000000E+0	2.117402E-3	1.564991E-3	-8.233752E-4
0.000000E+0	0.000000E+0	0.000000E+0	0.000000E+0	-2.907130E-3	-1.857850E-3	-8.866145E-4
0.000000E+0	0.000000E+0	0.000000E+0	0.000000E+0	-8.716105E-4	-7.402829E-4	-3.179606E-3
0.000000E+0	0.000000E+0	0.000000E+0	0.000000E+0	3.061545E-3	-1.761991E-3	-2.373897E-3
0.000000E+0	0.000000E+0	0.000000E+0	0.000000E+0	8.437413E-4	-6.046780E-4	-4.641126E-3
0.000000E+0	0.000000E+0	0.000000E+0	0.000000E+0	2.072999E-3	-2.421309E-3	-1.111463E-3
0.000000E+0	0.000000E+0	0.000000E+0	0.000000E+0	2.171152E-3	1.022574E-3	-1.532407E-5
0.000000E+0	0.000000E+0	0.000000E+0	0.000000E+0	-3.101100E-3	-1.184504E-3	4.531115E-4
0.000000E+0	0.000000E+0	0.000000E+0	0.000000E+0	1.273748E-3	3.235099E-4	-1.277487E-4
0.000000E+0	0.000000E+0	0.000000E+0	0.000000E+0	-1.462869E-3	-1.605345E-3	-9.381421E-4
0.000000E+0	0.000000E+0	0.000000E+0	0.000000E+0	-3.220286E-3	-1.399600E-3	-2.821253E-3
0.000000E+0	0.000000E+0	0.000000E+0	0.000000E+0	2.344090E-3	9.384054E-4	-4.566176E-3
0.000000E+0	0.000000E+0	0.000000E+0	0.000000E+0	-4.197888E-5	-2.966064E-3	-8.257180E-4
0.000000E+0	0.000000E+0	0.000000E+0	0.000000E+0	-9.019913E-4	1.279754E-3	1.125317E-3
0.000000E+0	0.000000E+0	0.000000E+0	0.000000E+0	-1.135690E-3	2.364589E-3	-4.083688E-3
0.000000E+0	0.000000E+0	0.000000E+0	0.000000E+0	-2.561962E-5	-1.878891E-3	-1.371445E-3
0.000000E+0	0.000000E+0	0.000000E+0	0.000000E+0	-9.230245E-4	2.424504E-5	4.198255E-3
0.000000E+0	0.000000E+0	0.000000E+0	0.000000E+0	3.631771E-3	-1.472766E-6	-3.877309E-4
0.000000E+0	0.000000E+0	0.000000E+0	0.000000E+0	4.533850E-3	-2.561589E-3	4.624799E-4
0.000000E+0	0.000000E+0	0.000000E+0	0.000000E+0	1.860332E-3	-1.754977E-3	-2.242736E-3
0.000000E+0	0.000000E+0	0.000000E+0	0.000000E+0	-8.529145E-4	-8.330299E-5	9.356002E-4
0.000000E+0	0.000000E+0	0.000000E+0	0.000000E+0	-2.184999E-3	-5.100664E-3	1.434485E-3
0.000000E+0	0.000000E+0	0.000000E+0	0.000000E+0	-3.472681E-3	3.671534E-3	-7.273463E-4
0.000000E+0	0.000000E+0	0.000000E+0	0.000000E+0	-3.574718E-4	-1.652106E-3	1.219004E-3
0.000000E+0	0.000000E+0	0.000000E+0	0.000000E+0	-1.860157E-3	6.742104E-4	-2.074098E-3
0.000000E+0	0.000000E+0	0.000000E+0	0.000000E+0	-4.559383E-3	-2.566265E-3	-4.439430E-4
0.000000E+0	0.000000E+0	0.000000E+0	0.000000E+0	-1.210474E-3	-3.571607E-3	2.900687E-3
0.000000E+0	0.000000E+0	0.000000E+0	0.000000E+0	-9.300356E-4	-1.729259E-3	-1.488554E-3
0.000000E+0	0.000000E+0	0.000000E+0	0.000000E+0	1.381249E-3	3.288101E-3	8.044382E-4
0.000000E+0	0.000000E+0	0.000000E+0	0.000000E+0	3.288234E-3	4.263823E-4	-3.055471E-3
0.000000E+0	0.000000E+0	0.000000E+0	0.000000E+0	-6.706293E-4	-1.322446E-3	-1.205151E-3
0.000000E+0	0.000000E+0	0.000000E+0	0.000000E+0	-7.804680E-4	-5.224578E-3	-3.699569E-3
0.000000E+0	0.000000E+0	0.000000E+0	0.000000E+0	-3.925274E-4	-1.642753E-3	-1.127859E-3
0.000000E+0	0.000000E+0	0.000000E+0	0.000000E+0	7.098309E-6	-3.330793E-3	2.587111E-4
0.000000E+0	0.000000E+0	0.000000E+0	0.000000E+0	-3.608227E-3	2.322505E-3	2.486122E-3
0.000000E+0	0.000000E+0	0.000000E+0	0.000000E+0	-1.951300E-3	-2.482097E-3	2.055162E-3
0.000000E+0	0.000000E+0	0.000000E+0	0.000000E+0	1.381249E-3	-2.390914E-3	7.622790E-4
0.000000E+0	0.000000E+0	0.000000E+0	0.000000E+0	1.033037E-3	-1.300631E-4	1.244768E-3
0.000000E+0	0.000000E+0	0.000000E+0	0.000000E+0	-1.902224E-3	-1.617035E-3	1.172160E-3
0.000000E+0	0.000000E+0	0.000000E+0	0.000000E+0	1.402282E-3	-4.667360E-4	1.652306E-3
0.000000E+0	0.000000E+0	0.000000E+0	0.000000E+0	5.851171E-5	-1.362192E-3	-9.100361E-4
0.000000E+0	0.000000E+0	0.000000E+0	0.000000E+0	-3.180558E-3	-1.829793E-3	-1.626742E-3
0.000000E+0	0.000000E+0	0.000000E+0	0.000000E+0	-2.292502E-3	-3.965961E-4	2.917757E-5
0.000000E+0	0.000000E+0	0.000000E+0	0.000000E+0	-4.073288E-3	-4.254305E-3	-3.266267E-3
0.000000E+0	0.000000E+0	0.000000E+0	0.000000E+0	-9.791122E-4	-3.400933E-3	-2.589104E-4
0.000000E+0	0.000000E+0	0.000000E+0	0.000000E+0	-5.755922E-3	-9.717458E-4	-4.924529E-3
0.000000E+0	0.000000E+0	0.000000E+0	0.000000E+0	-8.435671E-4	9.056733E-4	-9.311153E-4
0.000000E+0	0.000000E+0	0.000000E+0	0.000000E+0	2.493658E-3	-3.471073E-3	-2.045992E-3
0.000000E+0	0.000000E+0	0.000000E+0	0.000000E+0	-4.898950E-5	1.422372E-3	3.144274E-3
0.000000E+0	0.000000E+0	0.000000E+0	0.000000E+0	-4.582752E-3	1.286768E-3	-3.847127E-3
0.000000E+0	0.000000E+0	0.000000E+0	0.000000E+0	8.460782E-4	1.298458E-3	3.172654E-4
0.000000E+0	0.000000E+0	0.000000E+0	0.000000E+0	-3.830241E-3	-2.033201E-3	-1.755562E-3
0.000000E+0	0.000000E+0	0.000000E+0	0.000000E+0	-2.442069E-3	-1.570275E-3	-5.001821E-3
0.000000E+0	0.000000E+0	0.000000E+0	0.000000E+0	-7.407390E-4	2.060648E-3	6.803033E-4
0.000000E+0	0.000000E+0	0.000000E+0	0.000000E+0	-3.961113E-3	1.364698E-4	-3.200686E-3
0.000000E+0	0.000000E+0	0.000000E+0	0.000000E+0	5.889305E-3	7.209705E-4	-7.999530E-4
0.000000E+0	0.000000E+0	0.000000E+0	0.000000E+0	-8.599250E-4	3.445514E-4	1.279900E-3
0.000000E+0	0.000000E+0	0.000000E+0	0.000000E+0	-6.728110E-3	-1.417535E-4	-2.523797E-3
0.000000E+0	0.000000E+0	0.000000E+0	0.000000E+0	-2.437395E-3	-2.199198E-3	-8.912984E-4
0.000000E+0	0.000000E+0	0.000000E+0	0.000000E+0	-9.370461E-4	-4.518500E-3	-7.191757E-3
0.000000E+0	0.000000E+0	0.000000E+0	0.000000E+0	-1.278247E-3	7.092806E-4	-3.687859E-3
0.000000E+0	0.000000E+0	0.000000E+0	0.000000E+0	3.260190E-3	-9.249854E-4	-2.678380E-3
0.000000E+0	0.000000E+0	0.000000E+0	0.000000E+0	-2.206032E-3	2.136237E-4	1.315033E-3
0.000000E+0	0.000000E+0	0.000000E+0	0.000000E+0	1.766853E-3	-1.610021E-3	-1.326944E-3
0.000000E+0	0.000000E+0	0.000000E+0	0.000000E+0	-1.324987E-3	-3.775014E-3	-2.191207E-3
0.000000E+0	0.000000E+0	0.000000E+0	0.000000E+0	-3.131481E-3	-3.821774E-3	-3.498143E-3
0.000000E+0	0.000000E+0	0.000000E+0	0.000000E+0	-1.038083E-2	1.247790E-4	-1.413604E-3
0.000000E+0	0.000000E+0	0.000000E+0	0.000000E+0	-5.150642E-3	-7.963947E-4	-2.308317E-3
0.000000E+0	0.000000E+0	0.000000E+0	0.000000E+0	-2.472450E-3	9.407435E-4	3.453721E-4
0.000000E+0	0.000000E+0	0.000000E+0	0.000000E+0	3.482988E-4	-2.505477E-3	6.779608E-4
0.000000E+0	0.000000E+0	0.000000E+0	0.000000E+0	-1.072591E-3	9.828275E-4	-5.203248E-3
0.000000E+0	0.000000E+0	0.000000E+0	0.000000E+0	-3.395561E-3	-3.344821E-3	1.088116E-4
0.000000E+0	0.000000E+0	0.000000E+0	0.000000E+0	-2.021410E-3	-2.351169E-3	-2.488665E-3
0.000000E+0	0.000000E+0	0.000000E+0	0.000000E+0	-2.035432E-3	-7.098886E-4	-3.533275E-3
