This is a C(T) experiment being done in Physics 350.
It records the decay response of an RC circuit where the capacitance is a strong function of temperature.

2/27/2006
3:22 PM

Start temp = 40.0
Temp step = 10.0
End temp = 60.0
Num temps = 3
Num avg cycles = 100
Num points per meas = 1000
Meas time interval = 1.00E-5

DDD

1.000000E+2	3.000000E+0	4.000000E+1	1.025295E-8	1.000000E+0	1.000000E+0	1.000000E+0
1.000000E+3	0.000000E+0	5.000000E+1	8.794693E-9	9.899315E-1	9.882903E-1	9.863014E-1
1.000000E-5	0.000000E+0	6.000000E+1	7.400673E-9	9.804869E-1	9.775563E-1	9.735812E-1
0.000000E+0	0.000000E+0	0.000000E+0	0.000000E+0	9.706816E-1	9.648708E-1	9.589041E-1
0.000000E+0	0.000000E+0	0.000000E+0	0.000000E+0	9.608861E-1	9.541368E-1	9.461840E-1
0.000000E+0	0.000000E+0	0.000000E+0	0.000000E+0	9.511490E-1	9.434029E-1	9.334638E-1
0.000000E+0	0.000000E+0	0.000000E+0	0.000000E+0	9.415387E-1	9.316932E-1	9.207436E-1
0.000000E+0	0.000000E+0	0.000000E+0	0.000000E+0	9.321232E-1	9.219351E-1	9.080235E-1
0.000000E+0	0.000000E+0	0.000000E+0	0.000000E+0	9.230393E-1	9.112012E-1	8.953033E-1
0.000000E+0	0.000000E+0	0.000000E+0	0.000000E+0	9.140137E-1	9.004673E-1	8.835617E-1
0.000000E+0	0.000000E+0	0.000000E+0	0.000000E+0	9.047250E-1	8.897333E-1	8.718200E-1
0.000000E+0	0.000000E+0	0.000000E+0	0.000000E+0	8.957482E-1	8.789994E-1	8.590998E-1
0.000000E+0	0.000000E+0	0.000000E+0	0.000000E+0	8.868981E-1	8.692413E-1	8.483366E-1
0.000000E+0	0.000000E+0	0.000000E+0	0.000000E+0	8.781357E-1	8.594832E-1	8.356164E-1
0.000000E+0	0.000000E+0	0.000000E+0	0.000000E+0	8.693733E-1	8.487493E-1	8.248532E-1
0.000000E+0	0.000000E+0	0.000000E+0	0.000000E+0	8.606889E-1	8.399670E-1	8.140900E-1
0.000000E+0	0.000000E+0	0.000000E+0	0.000000E+0	8.522677E-1	8.302088E-1	8.023483E-1
0.000000E+0	0.000000E+0	0.000000E+0	0.000000E+0	8.438952E-1	8.204507E-1	7.915851E-1
0.000000E+0	0.000000E+0	0.000000E+0	0.000000E+0	8.353570E-1	8.106926E-1	7.808219E-1
0.000000E+0	0.000000E+0	0.000000E+0	0.000000E+0	8.272574E-1	8.019103E-1	7.700587E-1
0.000000E+0	0.000000E+0	0.000000E+0	0.000000E+0	8.189434E-1	7.931280E-1	7.602740E-1
0.000000E+0	0.000000E+0	0.000000E+0	0.000000E+0	8.109120E-1	7.833699E-1	7.495108E-1
0.000000E+0	0.000000E+0	0.000000E+0	0.000000E+0	8.029879E-1	7.745876E-1	7.397260E-1
0.000000E+0	0.000000E+0	0.000000E+0	0.000000E+0	7.952879E-1	7.658053E-1	7.289628E-1
0.000000E+0	0.000000E+0	0.000000E+0	0.000000E+0	7.874709E-1	7.570230E-1	7.191781E-1
0.000000E+0	0.000000E+0	0.000000E+0	0.000000E+0	7.797027E-1	7.482407E-1	7.103718E-1
0.000000E+0	0.000000E+0	0.000000E+0	0.000000E+0	7.719345E-1	7.404342E-1	7.005871E-1
0.000000E+0	0.000000E+0	0.000000E+0	0.000000E+0	7.642540E-1	7.316519E-1	6.908023E-1
0.000000E+0	0.000000E+0	0.000000E+0	0.000000E+0	7.567880E-1	7.228696E-1	6.819961E-1
0.000000E+0	0.000000E+0	0.000000E+0	0.000000E+0	7.493707E-1	7.150632E-1	6.722113E-1
0.000000E+0	0.000000E+0	0.000000E+0	0.000000E+0	7.418461E-1	7.062808E-1	6.634051E-1
0.000000E+0	0.000000E+0	0.000000E+0	0.000000E+0	7.349356E-1	6.984743E-1	6.545988E-1
0.000000E+0	0.000000E+0	0.000000E+0	0.000000E+0	7.279472E-1	6.906679E-1	6.457925E-1
0.000000E+0	0.000000E+0	0.000000E+0	0.000000E+0	7.207541E-1	6.828614E-1	6.369863E-1
0.000000E+0	0.000000E+0	0.000000E+0	0.000000E+0	7.135609E-1	6.750548E-1	6.281800E-1
0.000000E+0	0.000000E+0	0.000000E+0	0.000000E+0	7.065725E-1	6.672484E-1	6.193738E-1
0.000000E+0	0.000000E+0	0.000000E+0	0.000000E+0	6.997107E-1	6.604177E-1	6.115460E-1
0.000000E+0	0.000000E+0	0.000000E+0	0.000000E+0	6.928880E-1	6.526112E-1	6.037182E-1
0.000000E+0	0.000000E+0	0.000000E+0	0.000000E+0	6.860945E-1	6.448047E-1	5.958904E-1
0.000000E+0	0.000000E+0	0.000000E+0	0.000000E+0	6.793399E-1	6.379740E-1	5.880626E-1
0.000000E+0	0.000000E+0	0.000000E+0	0.000000E+0	6.729460E-1	6.301675E-1	5.792564E-1
0.000000E+0	0.000000E+0	0.000000E+0	0.000000E+0	6.664839E-1	6.233369E-1	5.724071E-1
0.000000E+0	0.000000E+0	0.000000E+0	0.000000E+0	6.598658E-1	6.165062E-1	5.645792E-1
0.000000E+0	0.000000E+0	0.000000E+0	0.000000E+0	6.534231E-1	6.086997E-1	5.567515E-1
0.000000E+0	0.000000E+0	0.000000E+0	0.000000E+0	6.470975E-1	6.028448E-1	5.499021E-1
0.000000E+0	0.000000E+0	0.000000E+0	0.000000E+0	6.406256E-1	5.960141E-1	5.420744E-1
0.000000E+0	0.000000E+0	0.000000E+0	0.000000E+0	6.344559E-1	5.891835E-1	5.342466E-1
0.000000E+0	0.000000E+0	0.000000E+0	0.000000E+0	6.283251E-1	5.823528E-1	5.273973E-1
0.000000E+0	0.000000E+0	0.000000E+0	0.000000E+0	6.221457E-1	5.755221E-1	5.205479E-1
0.000000E+0	0.000000E+0	0.000000E+0	0.000000E+0	6.160344E-1	5.696673E-1	5.136986E-1
0.000000E+0	0.000000E+0	0.000000E+0	0.000000E+0	6.101766E-1	5.628366E-1	5.068493E-1
0.000000E+0	0.000000E+0	0.000000E+0	0.000000E+0	6.042895E-1	5.560059E-1	5.000000E-1
0.000000E+0	0.000000E+0	0.000000E+0	0.000000E+0	5.984414E-1	5.501511E-1	4.931507E-1
0.000000E+0	0.000000E+0	0.000000E+0	0.000000E+0	5.926129E-1	5.442962E-1	4.872798E-1
0.000000E+0	0.000000E+0	0.000000E+0	0.000000E+0	5.868232E-1	5.384413E-1	4.814090E-1
0.000000E+0	0.000000E+0	0.000000E+0	0.000000E+0	5.810434E-1	5.316106E-1	4.745597E-1
0.000000E+0	0.000000E+0	0.000000E+0	0.000000E+0	5.755364E-1	5.267316E-1	4.686888E-1
0.000000E+0	0.000000E+0	0.000000E+0	0.000000E+0	5.699515E-1	5.199009E-1	4.618395E-1
0.000000E+0	0.000000E+0	0.000000E+0	0.000000E+0	5.643569E-1	5.140460E-1	4.559687E-1
0.000000E+0	0.000000E+0	0.000000E+0	0.000000E+0	5.589279E-1	5.081912E-1	4.500979E-1
0.000000E+0	0.000000E+0	0.000000E+0	0.000000E+0	5.535477E-1	5.023363E-1	4.432485E-1
0.000000E+0	0.000000E+0	0.000000E+0	0.000000E+0	5.484988E-1	4.964814E-1	4.373777E-1
0.000000E+0	0.000000E+0	0.000000E+0	0.000000E+0	5.430796E-1	4.916024E-1	4.324853E-1
0.000000E+0	0.000000E+0	0.000000E+0	0.000000E+0	5.379235E-1	4.867233E-1	4.266145E-1
0.000000E+0	0.000000E+0	0.000000E+0	0.000000E+0	5.327967E-1	4.808685E-1	4.207436E-1
0.000000E+0	0.000000E+0	0.000000E+0	0.000000E+0	5.275139E-1	4.750136E-1	4.158513E-1
0.000000E+0	0.000000E+0	0.000000E+0	0.000000E+0	5.224261E-1	4.701345E-1	4.090019E-1
0.000000E+0	0.000000E+0	0.000000E+0	0.000000E+0	5.173578E-1	4.642797E-1	4.041096E-1
0.000000E+0	0.000000E+0	0.000000E+0	0.000000E+0	5.123966E-1	4.594006E-1	3.992172E-1
0.000000E+0	0.000000E+0	0.000000E+0	0.000000E+0	5.075037E-1	4.545215E-1	3.943248E-1
0.000000E+0	0.000000E+0	0.000000E+0	0.000000E+0	5.025719E-1	4.496425E-1	3.884540E-1
0.000000E+0	0.000000E+0	0.000000E+0	0.000000E+0	4.977179E-1	4.437876E-1	3.835616E-1
0.000000E+0	0.000000E+0	0.000000E+0	0.000000E+0	4.929128E-1	4.398844E-1	3.786693E-1
0.000000E+0	0.000000E+0	0.000000E+0	0.000000E+0	4.883610E-1	4.340295E-1	3.737769E-1
0.000000E+0	0.000000E+0	0.000000E+0	0.000000E+0	4.836826E-1	4.301263E-1	3.679061E-1
0.000000E+0	0.000000E+0	0.000000E+0	0.000000E+0	4.790626E-1	4.252472E-1	3.639922E-1
0.000000E+0	0.000000E+0	0.000000E+0	0.000000E+0	4.744913E-1	4.203682E-1	3.590998E-1
0.000000E+0	0.000000E+0	0.000000E+0	0.000000E+0	4.698031E-1	4.154891E-1	3.551859E-1
0.000000E+0	0.000000E+0	0.000000E+0	0.000000E+0	4.653586E-1	4.106100E-1	3.502935E-1
0.000000E+0	0.000000E+0	0.000000E+0	0.000000E+0	4.608945E-1	4.067068E-1	3.454012E-1
0.000000E+0	0.000000E+0	0.000000E+0	0.000000E+0	4.563720E-1	4.018278E-1	3.405088E-1
0.000000E+0	0.000000E+0	0.000000E+0	0.000000E+0	4.520347E-1	3.969487E-1	3.356164E-1
0.000000E+0	0.000000E+0	0.000000E+0	0.000000E+0	4.476584E-1	3.930455E-1	3.317025E-1
0.000000E+0	0.000000E+0	0.000000E+0	0.000000E+0	4.434088E-1	3.881664E-1	3.277887E-1
0.000000E+0	0.000000E+0	0.000000E+0	0.000000E+0	4.392664E-1	3.842632E-1	3.228963E-1
0.000000E+0	0.000000E+0	0.000000E+0	0.000000E+0	4.349096E-1	3.793841E-1	3.189824E-1
0.000000E+0	0.000000E+0	0.000000E+0	0.000000E+0	4.307672E-1	3.754808E-1	3.150685E-1
0.000000E+0	0.000000E+0	0.000000E+0	0.000000E+0	4.268879E-1	3.715776E-1	3.101761E-1
0.000000E+0	0.000000E+0	0.000000E+0	0.000000E+0	4.228333E-1	3.676744E-1	3.062622E-1
0.000000E+0	0.000000E+0	0.000000E+0	0.000000E+0	4.188761E-1	3.637711E-1	3.023483E-1
0.000000E+0	0.000000E+0	0.000000E+0	0.000000E+0	4.148311E-1	3.598679E-1	2.984344E-1
0.000000E+0	0.000000E+0	0.000000E+0	0.000000E+0	4.108642E-1	3.559646E-1	2.945206E-1
0.000000E+0	0.000000E+0	0.000000E+0	0.000000E+0	4.069362E-1	3.510856E-1	2.906066E-1
0.000000E+0	0.000000E+0	0.000000E+0	0.000000E+0	4.030278E-1	3.481581E-1	2.866928E-1
0.000000E+0	0.000000E+0	0.000000E+0	0.000000E+0	3.991875E-1	3.442549E-1	2.837573E-1
0.000000E+0	0.000000E+0	0.000000E+0	0.000000E+0	3.954058E-1	3.393758E-1	2.798434E-1
0.000000E+0	0.000000E+0	0.000000E+0	0.000000E+0	3.915168E-1	3.354726E-1	2.759295E-1
0.000000E+0	0.000000E+0	0.000000E+0	0.000000E+0	3.878130E-1	3.325452E-1	2.720157E-1
0.000000E+0	0.000000E+0	0.000000E+0	0.000000E+0	3.841190E-1	3.286419E-1	2.690802E-1
0.000000E+0	0.000000E+0	0.000000E+0	0.000000E+0	3.805224E-1	3.257145E-1	2.651663E-1
0.000000E+0	0.000000E+0	0.000000E+0	0.000000E+0	3.768771E-1	3.218112E-1	2.622309E-1
0.000000E+0	0.000000E+0	0.000000E+0	0.000000E+0	3.732805E-1	3.179080E-1	2.592955E-1
0.000000E+0	0.000000E+0	0.000000E+0	0.000000E+0	3.697717E-1	3.140047E-1	2.553816E-1
0.000000E+0	0.000000E+0	0.000000E+0	0.000000E+0	3.662141E-1	3.110773E-1	2.514677E-1
0.000000E+0	0.000000E+0	0.000000E+0	0.000000E+0	3.628125E-1	3.071741E-1	2.485323E-1
0.000000E+0	0.000000E+0	0.000000E+0	0.000000E+0	3.594498E-1	3.042466E-1	2.455969E-1
0.000000E+0	0.000000E+0	0.000000E+0	0.000000E+0	3.559702E-1	3.013192E-1	2.426614E-1
0.000000E+0	0.000000E+0	0.000000E+0	0.000000E+0	3.526173E-1	2.974159E-1	2.397260E-1
0.000000E+0	0.000000E+0	0.000000E+0	0.000000E+0	3.492546E-1	2.944885E-1	2.358121E-1
0.000000E+0	0.000000E+0	0.000000E+0	0.000000E+0	3.459310E-1	2.915611E-1	2.338552E-1
0.000000E+0	0.000000E+0	0.000000E+0	0.000000E+0	3.427730E-1	2.886336E-1	2.309198E-1
0.000000E+0	0.000000E+0	0.000000E+0	0.000000E+0	3.394104E-1	2.847304E-1	2.270059E-1
0.000000E+0	0.000000E+0	0.000000E+0	0.000000E+0	3.361842E-1	2.818030E-1	2.250489E-1
0.000000E+0	0.000000E+0	0.000000E+0	0.000000E+0	3.329970E-1	2.788755E-1	2.211350E-1
0.000000E+0	0.000000E+0	0.000000E+0	0.000000E+0	3.298585E-1	2.759481E-1	2.191781E-1
0.000000E+0	0.000000E+0	0.000000E+0	0.000000E+0	3.266031E-1	2.720449E-1	2.152642E-1
0.000000E+0	0.000000E+0	0.000000E+0	0.000000E+0	3.236011E-1	2.691174E-1	2.133072E-1
0.000000E+0	0.000000E+0	0.000000E+0	0.000000E+0	3.205601E-1	2.671658E-1	2.103718E-1
0.000000E+0	0.000000E+0	0.000000E+0	0.000000E+0	3.175386E-1	2.632626E-1	2.074364E-1
0.000000E+0	0.000000E+0	0.000000E+0	0.000000E+0	3.146340E-1	2.603351E-1	2.054795E-1
0.000000E+0	0.000000E+0	0.000000E+0	0.000000E+0	3.116027E-1	2.574077E-1	2.025440E-1
0.000000E+0	0.000000E+0	0.000000E+0	0.000000E+0	3.086592E-1	2.554561E-1	1.996086E-1
0.000000E+0	0.000000E+0	0.000000E+0	0.000000E+0	3.057547E-1	2.525286E-1	1.976517E-1
0.000000E+0	0.000000E+0	0.000000E+0	0.000000E+0	3.030840E-1	2.496012E-1	1.947162E-1
0.000000E+0	0.000000E+0	0.000000E+0	0.000000E+0	3.002185E-1	2.466738E-1	1.927593E-1
0.000000E+0	0.000000E+0	0.000000E+0	0.000000E+0	2.973334E-1	2.437463E-1	1.898239E-1
0.000000E+0	0.000000E+0	0.000000E+0	0.000000E+0	2.946141E-1	2.417947E-1	1.878669E-1
0.000000E+0	0.000000E+0	0.000000E+0	0.000000E+0	2.918460E-1	2.388673E-1	1.849315E-1
0.000000E+0	0.000000E+0	0.000000E+0	0.000000E+0	2.891266E-1	2.369157E-1	1.829746E-1
0.000000E+0	0.000000E+0	0.000000E+0	0.000000E+0	2.863878E-1	2.339882E-1	1.800391E-1
0.000000E+0	0.000000E+0	0.000000E+0	0.000000E+0	2.836294E-1	2.310608E-1	1.780822E-1
0.000000E+0	0.000000E+0	0.000000E+0	0.000000E+0	2.809198E-1	2.291092E-1	1.761252E-1
0.000000E+0	0.000000E+0	0.000000E+0	0.000000E+0	2.784441E-1	2.261817E-1	1.731898E-1
0.000000E+0	0.000000E+0	0.000000E+0	0.000000E+0	2.757443E-1	2.242301E-1	1.712329E-1
0.000000E+0	0.000000E+0	0.000000E+0	0.000000E+0	2.730736E-1	2.213027E-1	1.692759E-1
0.000000E+0	0.000000E+0	0.000000E+0	0.000000E+0	2.706077E-1	2.193511E-1	1.673190E-1
0.000000E+0	0.000000E+0	0.000000E+0	0.000000E+0	2.679663E-1	2.164236E-1	1.643836E-1
0.000000E+0	0.000000E+0	0.000000E+0	0.000000E+0	2.654809E-1	2.144720E-1	1.624266E-1
0.000000E+0	0.000000E+0	0.000000E+0	0.000000E+0	2.630442E-1	2.125204E-1	1.614481E-1
0.000000E+0	0.000000E+0	0.000000E+0	0.000000E+0	2.604905E-1	2.095929E-1	1.594912E-1
0.000000E+0	0.000000E+0	0.000000E+0	0.000000E+0	2.581025E-1	2.076413E-1	1.565558E-1
0.000000E+0	0.000000E+0	0.000000E+0	0.000000E+0	2.556951E-1	2.056897E-1	1.545988E-1
0.000000E+0	0.000000E+0	0.000000E+0	0.000000E+0	2.532974E-1	2.027623E-1	1.526419E-1
0.000000E+0	0.000000E+0	0.000000E+0	0.000000E+0	2.508314E-1	2.008106E-1	1.506849E-1
0.000000E+0	0.000000E+0	0.000000E+0	0.000000E+0	2.485604E-1	1.988590E-1	1.487280E-1
0.000000E+0	0.000000E+0	0.000000E+0	0.000000E+0	2.463187E-1	1.969074E-1	1.467710E-1
0.000000E+0	0.000000E+0	0.000000E+0	0.000000E+0	2.438430E-1	1.939800E-1	1.448141E-1
0.000000E+0	0.000000E+0	0.000000E+0	0.000000E+0	2.417279E-1	1.920283E-1	1.428571E-1
0.000000E+0	0.000000E+0	0.000000E+0	0.000000E+0	2.397493E-1	1.900767E-1	1.418787E-1
0.000000E+0	0.000000E+0	0.000000E+0	0.000000E+0	2.375855E-1	1.881251E-1	1.399217E-1
0.000000E+0	0.000000E+0	0.000000E+0	0.000000E+0	2.353535E-1	1.861735E-1	1.379648E-1
0.000000E+0	0.000000E+0	0.000000E+0	0.000000E+0	2.330825E-1	1.842218E-1	1.360078E-1
0.000000E+0	0.000000E+0	0.000000E+0	0.000000E+0	2.309382E-1	1.822702E-1	1.340509E-1
0.000000E+0	0.000000E+0	0.000000E+0	0.000000E+0	2.288816E-1	1.803186E-1	1.330724E-1
0.000000E+0	0.000000E+0	0.000000E+0	0.000000E+0	2.266886E-1	1.783670E-1	1.311155E-1
0.000000E+0	0.000000E+0	0.000000E+0	0.000000E+0	2.245930E-1	1.764154E-1	1.291585E-1
0.000000E+0	0.000000E+0	0.000000E+0	0.000000E+0	2.224390E-1	1.744637E-1	1.281800E-1
0.000000E+0	0.000000E+0	0.000000E+0	0.000000E+0	2.204019E-1	1.734879E-1	1.262231E-1
0.000000E+0	0.000000E+0	0.000000E+0	0.000000E+0	2.183453E-1	1.715363E-1	1.252446E-1
0.000000E+0	0.000000E+0	0.000000E+0	0.000000E+0	2.163472E-1	1.695847E-1	1.232877E-1
0.000000E+0	0.000000E+0	0.000000E+0	0.000000E+0	2.143784E-1	1.676331E-1	1.213307E-1
0.000000E+0	0.000000E+0	0.000000E+0	0.000000E+0	2.123803E-1	1.656814E-1	1.193738E-1
0.000000E+0	0.000000E+0	0.000000E+0	0.000000E+0	2.103724E-1	1.637298E-1	1.183953E-1
0.000000E+0	0.000000E+0	0.000000E+0	0.000000E+0	2.084426E-1	1.617782E-1	1.174168E-1
0.000000E+0	0.000000E+0	0.000000E+0	0.000000E+0	2.064835E-1	1.608024E-1	1.164384E-1
0.000000E+0	0.000000E+0	0.000000E+0	0.000000E+0	2.045341E-1	1.578750E-1	1.144814E-1
0.000000E+0	0.000000E+0	0.000000E+0	0.000000E+0	2.026335E-1	1.568991E-1	1.125245E-1
0.000000E+0	0.000000E+0	0.000000E+0	0.000000E+0	2.007621E-1	1.559233E-1	1.115460E-1
0.000000E+0	0.000000E+0	0.000000E+0	0.000000E+0	1.988420E-1	1.539717E-1	1.105675E-1
0.000000E+0	0.000000E+0	0.000000E+0	0.000000E+0	1.970583E-1	1.520201E-1	1.095890E-1
0.000000E+0	0.000000E+0	0.000000E+0	0.000000E+0	1.953136E-1	1.510443E-1	1.076321E-1
0.000000E+0	0.000000E+0	0.000000E+0	0.000000E+0	1.934520E-1	1.490926E-1	1.056751E-1
0.000000E+0	0.000000E+0	0.000000E+0	0.000000E+0	1.917853E-1	1.471410E-1	1.046967E-1
0.000000E+0	0.000000E+0	0.000000E+0	0.000000E+0	1.899724E-1	1.451894E-1	1.037182E-1
0.000000E+0	0.000000E+0	0.000000E+0	0.000000E+0	1.881595E-1	1.442136E-1	1.027397E-1
0.000000E+0	0.000000E+0	0.000000E+0	0.000000E+0	1.863271E-1	1.422620E-1	1.007828E-1
0.000000E+0	0.000000E+0	0.000000E+0	0.000000E+0	1.847773E-1	1.412862E-1	9.882583E-2
0.000000E+0	0.000000E+0	0.000000E+0	0.000000E+0	1.830619E-1	1.393345E-1	9.882583E-2
0.000000E+0	0.000000E+0	0.000000E+0	0.000000E+0	1.812392E-1	1.373829E-1	9.686889E-2
0.000000E+0	0.000000E+0	0.000000E+0	0.000000E+0	1.796895E-1	1.364071E-1	9.589041E-2
0.000000E+0	0.000000E+0	0.000000E+0	0.000000E+0	1.782665E-1	1.354313E-1	9.491194E-2
0.000000E+0	0.000000E+0	0.000000E+0	0.000000E+0	1.764925E-1	1.334797E-1	9.393346E-2
0.000000E+0	0.000000E+0	0.000000E+0	0.000000E+0	1.750208E-1	1.325039E-1	9.295499E-2
0.000000E+0	0.000000E+0	0.000000E+0	0.000000E+0	1.733541E-1	1.305522E-1	9.099805E-2
0.000000E+0	0.000000E+0	0.000000E+0	0.000000E+0	1.718531E-1	1.295764E-1	9.001957E-2
0.000000E+0	0.000000E+0	0.000000E+0	0.000000E+0	1.702643E-1	1.276248E-1	8.904110E-2
0.000000E+0	0.000000E+0	0.000000E+0	0.000000E+0	1.686269E-1	1.266490E-1	8.806262E-2
0.000000E+0	0.000000E+0	0.000000E+0	0.000000E+0	1.671649E-1	1.256732E-1	8.708415E-2
0.000000E+0	0.000000E+0	0.000000E+0	0.000000E+0	1.656541E-1	1.246974E-1	8.610567E-2
0.000000E+0	0.000000E+0	0.000000E+0	0.000000E+0	1.640556E-1	1.227457E-1	8.512720E-2
0.000000E+0	0.000000E+0	0.000000E+0	0.000000E+0	1.627008E-1	1.207941E-1	8.414873E-2
0.000000E+0	0.000000E+0	0.000000E+0	0.000000E+0	1.610828E-1	1.207941E-1	8.219178E-2
0.000000E+0	0.000000E+0	0.000000E+0	0.000000E+0	1.597378E-1	1.188425E-1	8.219178E-2
0.000000E+0	0.000000E+0	0.000000E+0	0.000000E+0	1.581588E-1	1.178667E-1	8.023483E-2
0.000000E+0	0.000000E+0	0.000000E+0	0.000000E+0	1.568040E-1	1.159151E-1	7.925636E-2
0.000000E+0	0.000000E+0	0.000000E+0	0.000000E+0	1.553322E-1	1.159151E-1	7.925636E-2
0.000000E+0	0.000000E+0	0.000000E+0	0.000000E+0	1.538800E-1	1.139634E-1	7.827789E-2
0.000000E+0	0.000000E+0	0.000000E+0	0.000000E+0	1.525446E-1	1.129876E-1	7.729942E-2
0.000000E+0	0.000000E+0	0.000000E+0	0.000000E+0	1.510826E-1	1.120118E-1	7.632094E-2
0.000000E+0	0.000000E+0	0.000000E+0	0.000000E+0	1.497571E-1	1.110360E-1	7.534247E-2
0.000000E+0	0.000000E+0	0.000000E+0	0.000000E+0	1.483340E-1	1.090844E-1	7.436399E-2
0.000000E+0	0.000000E+0	0.000000E+0	0.000000E+0	1.469987E-1	1.081086E-1	7.338552E-2
0.000000E+0	0.000000E+0	0.000000E+0	0.000000E+0	1.455269E-1	1.071328E-1	7.240704E-2
0.000000E+0	0.000000E+0	0.000000E+0	0.000000E+0	1.442599E-1	1.061570E-1	7.142857E-2
0.000000E+0	0.000000E+0	0.000000E+0	0.000000E+0	1.430415E-1	1.051812E-1	7.045010E-2
0.000000E+0	0.000000E+0	0.000000E+0	0.000000E+0	1.416282E-1	1.042053E-1	6.947163E-2
0.000000E+0	0.000000E+0	0.000000E+0	0.000000E+0	1.403709E-1	1.032295E-1	6.947163E-2
0.000000E+0	0.000000E+0	0.000000E+0	0.000000E+0	1.391623E-1	1.012779E-1	6.849315E-2
0.000000E+0	0.000000E+0	0.000000E+0	0.000000E+0	1.379050E-1	1.003021E-1	6.751468E-2
0.000000E+0	0.000000E+0	0.000000E+0	0.000000E+0	1.365307E-1	9.932628E-2	6.653620E-2
0.000000E+0	0.000000E+0	0.000000E+0	0.000000E+0	1.354195E-1	9.835047E-2	6.555773E-2
0.000000E+0	0.000000E+0	0.000000E+0	0.000000E+0	1.342207E-1	9.737466E-2	6.457926E-2
0.000000E+0	0.000000E+0	0.000000E+0	0.000000E+0	1.329828E-1	9.639885E-2	6.360079E-2
0.000000E+0	0.000000E+0	0.000000E+0	0.000000E+0	1.317060E-1	9.639885E-2	6.360079E-2
0.000000E+0	0.000000E+0	0.000000E+0	0.000000E+0	1.305364E-1	9.444723E-2	6.262231E-2
0.000000E+0	0.000000E+0	0.000000E+0	0.000000E+0	1.294447E-1	9.347142E-2	6.164384E-2
0.000000E+0	0.000000E+0	0.000000E+0	0.000000E+0	1.283043E-1	9.249560E-2	6.066536E-2
0.000000E+0	0.000000E+0	0.000000E+0	0.000000E+0	1.270568E-1	9.151979E-2	6.066536E-2
0.000000E+0	0.000000E+0	0.000000E+0	0.000000E+0	1.258676E-1	9.151979E-2	5.968689E-2
0.000000E+0	0.000000E+0	0.000000E+0	0.000000E+0	1.247760E-1	8.956817E-2	5.870841E-2
0.000000E+0	0.000000E+0	0.000000E+0	0.000000E+0	1.237136E-1	8.859236E-2	5.870841E-2
0.000000E+0	0.000000E+0	0.000000E+0	0.000000E+0	1.226415E-1	8.761655E-2	5.772994E-2
0.000000E+0	0.000000E+0	0.000000E+0	0.000000E+0	1.215498E-1	8.664073E-2	5.675147E-2
0.000000E+0	0.000000E+0	0.000000E+0	0.000000E+0	1.203120E-1	8.566492E-2	5.577299E-2
0.000000E+0	0.000000E+0	0.000000E+0	0.000000E+0	1.192203E-1	8.468911E-2	5.577299E-2
0.000000E+0	0.000000E+0	0.000000E+0	0.000000E+0	1.181287E-1	8.468911E-2	5.479452E-2
0.000000E+0	0.000000E+0	0.000000E+0	0.000000E+0	1.170955E-1	8.371330E-2	5.479452E-2
0.000000E+0	0.000000E+0	0.000000E+0	0.000000E+0	1.160234E-1	8.273749E-2	5.381605E-2
0.000000E+0	0.000000E+0	0.000000E+0	0.000000E+0	1.151169E-1	8.176168E-2	5.283757E-2
0.000000E+0	0.000000E+0	0.000000E+0	0.000000E+0	1.141130E-1	8.078587E-2	5.283757E-2
0.000000E+0	0.000000E+0	0.000000E+0	0.000000E+0	1.130701E-1	7.981005E-2	5.185910E-2
0.000000E+0	0.000000E+0	0.000000E+0	0.000000E+0	1.121539E-1	7.981005E-2	5.185910E-2
0.000000E+0	0.000000E+0	0.000000E+0	0.000000E+0	1.111305E-1	7.785843E-2	5.088063E-2
0.000000E+0	0.000000E+0	0.000000E+0	0.000000E+0	1.101071E-1	7.785843E-2	4.990215E-2
0.000000E+0	0.000000E+0	0.000000E+0	0.000000E+0	1.091421E-1	7.688262E-2	4.990215E-2
0.000000E+0	0.000000E+0	0.000000E+0	0.000000E+0	1.081675E-1	7.590681E-2	4.892368E-2
0.000000E+0	0.000000E+0	0.000000E+0	0.000000E+0	1.071733E-1	7.493100E-2	4.794521E-2
0.000000E+0	0.000000E+0	0.000000E+0	0.000000E+0	1.062181E-1	7.493100E-2	4.794521E-2
0.000000E+0	0.000000E+0	0.000000E+0	0.000000E+0	1.052727E-1	7.395519E-2	4.696673E-2
0.000000E+0	0.000000E+0	0.000000E+0	0.000000E+0	1.043175E-1	7.297938E-2	4.696673E-2
0.000000E+0	0.000000E+0	0.000000E+0	0.000000E+0	1.033525E-1	7.200357E-2	4.696673E-2
0.000000E+0	0.000000E+0	0.000000E+0	0.000000E+0	1.024461E-1	7.200357E-2	4.598826E-2
0.000000E+0	0.000000E+0	0.000000E+0	0.000000E+0	1.015884E-1	7.102776E-2	4.500978E-2
0.000000E+0	0.000000E+0	0.000000E+0	0.000000E+0	1.007014E-1	7.005195E-2	4.500978E-2
0.000000E+0	0.000000E+0	0.000000E+0	0.000000E+0	9.988267E-2	6.907614E-2	4.403131E-2
0.000000E+0	0.000000E+0	0.000000E+0	0.000000E+0	9.897622E-2	6.907614E-2	4.403131E-2
0.000000E+0	0.000000E+0	0.000000E+0	0.000000E+0	9.816723E-2	6.810032E-2	4.305284E-2
0.000000E+0	0.000000E+0	0.000000E+0	0.000000E+0	9.729977E-2	6.712451E-2	4.305284E-2
0.000000E+0	0.000000E+0	0.000000E+0	0.000000E+0	9.635433E-2	6.614870E-2	4.207436E-2
0.000000E+0	0.000000E+0	0.000000E+0	0.000000E+0	9.548686E-2	6.614870E-2	4.207436E-2
0.000000E+0	0.000000E+0	0.000000E+0	0.000000E+0	9.456091E-2	6.517289E-2	4.109589E-2
0.000000E+0	0.000000E+0	0.000000E+0	0.000000E+0	9.371294E-2	6.419708E-2	4.011742E-2
0.000000E+0	0.000000E+0	0.000000E+0	0.000000E+0	9.291370E-2	6.419708E-2	4.109589E-2
0.000000E+0	0.000000E+0	0.000000E+0	0.000000E+0	9.220219E-2	6.322127E-2	4.011742E-2
0.000000E+0	0.000000E+0	0.000000E+0	0.000000E+0	9.139320E-2	6.322127E-2	3.913894E-2
0.000000E+0	0.000000E+0	0.000000E+0	0.000000E+0	9.058422E-2	6.224545E-2	3.913894E-2
0.000000E+0	0.000000E+0	0.000000E+0	0.000000E+0	8.968751E-2	6.126964E-2	3.816047E-2
0.000000E+0	0.000000E+0	0.000000E+0	0.000000E+0	8.887853E-2	6.029383E-2	3.816047E-2
0.000000E+0	0.000000E+0	0.000000E+0	0.000000E+0	8.819626E-2	6.029383E-2	3.718200E-2
0.000000E+0	0.000000E+0	0.000000E+0	0.000000E+0	8.748473E-2	5.931802E-2	3.718200E-2
0.000000E+0	0.000000E+0	0.000000E+0	0.000000E+0	8.670499E-2	5.931802E-2	3.718200E-2
0.000000E+0	0.000000E+0	0.000000E+0	0.000000E+0	8.583753E-2	5.834221E-2	3.620352E-2
0.000000E+0	0.000000E+0	0.000000E+0	0.000000E+0	8.502854E-2	5.834221E-2	3.620352E-2
0.000000E+0	0.000000E+0	0.000000E+0	0.000000E+0	8.436576E-2	5.736640E-2	3.522505E-2
0.000000E+0	0.000000E+0	0.000000E+0	0.000000E+0	8.363475E-2	5.639059E-2	3.522505E-2
0.000000E+0	0.000000E+0	0.000000E+0	0.000000E+0	8.282577E-2	5.639059E-2	3.522505E-2
0.000000E+0	0.000000E+0	0.000000E+0	0.000000E+0	8.202653E-2	5.541478E-2	3.424658E-2
0.000000E+0	0.000000E+0	0.000000E+0	0.000000E+0	8.143197E-2	5.541478E-2	3.424658E-2
0.000000E+0	0.000000E+0	0.000000E+0	0.000000E+0	8.073995E-2	5.443896E-2	3.326810E-2
0.000000E+0	0.000000E+0	0.000000E+0	0.000000E+0	7.994071E-2	5.443896E-2	3.326810E-2
0.000000E+0	0.000000E+0	0.000000E+0	0.000000E+0	7.920970E-2	5.346315E-2	3.228963E-2
0.000000E+0	0.000000E+0	0.000000E+0	0.000000E+0	7.869312E-2	5.346315E-2	3.228963E-2
0.000000E+0	0.000000E+0	0.000000E+0	0.000000E+0	7.792312E-2	5.248734E-2	3.228963E-2
0.000000E+0	0.000000E+0	0.000000E+0	0.000000E+0	7.718237E-2	5.151153E-2	3.228963E-2
0.000000E+0	0.000000E+0	0.000000E+0	0.000000E+0	7.656831E-2	5.151153E-2	3.131115E-2
0.000000E+0	0.000000E+0	0.000000E+0	0.000000E+0	7.594452E-2	5.151153E-2	3.131115E-2
0.000000E+0	0.000000E+0	0.000000E+0	0.000000E+0	7.512579E-2	5.053572E-2	3.131115E-2
0.000000E+0	0.000000E+0	0.000000E+0	0.000000E+0	7.451174E-2	4.955991E-2	3.033268E-2
0.000000E+0	0.000000E+0	0.000000E+0	0.000000E+0	7.399516E-2	4.955991E-2	3.033268E-2
0.000000E+0	0.000000E+0	0.000000E+0	0.000000E+0	7.326415E-2	4.955991E-2	2.935421E-2
0.000000E+0	0.000000E+0	0.000000E+0	0.000000E+0	7.264035E-2	4.858410E-2	2.935421E-2
0.000000E+0	0.000000E+0	0.000000E+0	0.000000E+0	7.209453E-2	4.858410E-2	2.935421E-2
0.000000E+0	0.000000E+0	0.000000E+0	0.000000E+0	7.132453E-2	4.760829E-2	2.935421E-2
0.000000E+0	0.000000E+0	0.000000E+0	0.000000E+0	7.077871E-2	4.760829E-2	2.837573E-2
0.000000E+0	0.000000E+0	0.000000E+0	0.000000E+0	7.012568E-2	4.663248E-2	2.837573E-2
0.000000E+0	0.000000E+0	0.000000E+0	0.000000E+0	6.951163E-2	4.663248E-2	2.739726E-2
0.000000E+0	0.000000E+0	0.000000E+0	0.000000E+0	6.907302E-2	4.565667E-2	2.739726E-2
0.000000E+0	0.000000E+0	0.000000E+0	0.000000E+0	6.828354E-2	4.565667E-2	2.739726E-2
0.000000E+0	0.000000E+0	0.000000E+0	0.000000E+0	6.775720E-2	4.468085E-2	2.739726E-2
0.000000E+0	0.000000E+0	0.000000E+0	0.000000E+0	6.722113E-2	4.468085E-2	2.641879E-2
0.000000E+0	0.000000E+0	0.000000E+0	0.000000E+0	6.656809E-2	4.468085E-2	2.641879E-2
0.000000E+0	0.000000E+0	0.000000E+0	0.000000E+0	6.611975E-2	4.370504E-2	2.641879E-2
0.000000E+0	0.000000E+0	0.000000E+0	0.000000E+0	6.537899E-2	4.272923E-2	2.544031E-2
0.000000E+0	0.000000E+0	0.000000E+0	0.000000E+0	6.495987E-2	4.272923E-2	2.544031E-2
0.000000E+0	0.000000E+0	0.000000E+0	0.000000E+0	6.431659E-2	4.272923E-2	2.446184E-2
0.000000E+0	0.000000E+0	0.000000E+0	0.000000E+0	6.368304E-2	4.175342E-2	2.544031E-2
0.000000E+0	0.000000E+0	0.000000E+0	0.000000E+0	6.329317E-2	4.175342E-2	2.446184E-2
0.000000E+0	0.000000E+0	0.000000E+0	0.000000E+0	6.264013E-2	4.175342E-2	2.446184E-2
0.000000E+0	0.000000E+0	0.000000E+0	0.000000E+0	6.229899E-2	4.077761E-2	2.446184E-2
0.000000E+0	0.000000E+0	0.000000E+0	0.000000E+0	6.153874E-2	4.077761E-2	2.446184E-2
0.000000E+0	0.000000E+0	0.000000E+0	0.000000E+0	6.127558E-2	4.077761E-2	2.348337E-2
0.000000E+0	0.000000E+0	0.000000E+0	0.000000E+0	6.052507E-2	3.980180E-2	2.348337E-2
0.000000E+0	0.000000E+0	0.000000E+0	0.000000E+0	6.013520E-2	3.882599E-2	2.250489E-2
0.000000E+0	0.000000E+0	0.000000E+0	0.000000E+0	5.950166E-2	3.882599E-2	2.250489E-2
0.000000E+0	0.000000E+0	0.000000E+0	0.000000E+0	5.910204E-2	3.882599E-2	2.250489E-2
0.000000E+0	0.000000E+0	0.000000E+0	0.000000E+0	5.848799E-2	3.785018E-2	2.152642E-2
0.000000E+0	0.000000E+0	0.000000E+0	0.000000E+0	5.811762E-2	3.785018E-2	2.152642E-2
0.000000E+0	0.000000E+0	0.000000E+0	0.000000E+0	5.752306E-2	3.785018E-2	2.152642E-2
0.000000E+0	0.000000E+0	0.000000E+0	0.000000E+0	5.710395E-2	3.687437E-2	2.152642E-2
0.000000E+0	0.000000E+0	0.000000E+0	0.000000E+0	5.654838E-2	3.687437E-2	2.152642E-2
0.000000E+0	0.000000E+0	0.000000E+0	0.000000E+0	5.609028E-2	3.687437E-2	2.152642E-2
0.000000E+0	0.000000E+0	0.000000E+0	0.000000E+0	5.556395E-2	3.589855E-2	2.054795E-2
0.000000E+0	0.000000E+0	0.000000E+0	0.000000E+0	5.521307E-2	3.589855E-2	2.054795E-2
0.000000E+0	0.000000E+0	0.000000E+0	0.000000E+0	5.461852E-2	3.492274E-2	2.054795E-2
0.000000E+0	0.000000E+0	0.000000E+0	0.000000E+0	5.433585E-2	3.492274E-2	2.054795E-2
0.000000E+0	0.000000E+0	0.000000E+0	0.000000E+0	5.365358E-2	3.492274E-2	2.054795E-2
0.000000E+0	0.000000E+0	0.000000E+0	0.000000E+0	5.357561E-2	3.492274E-2	2.054795E-2
0.000000E+0	0.000000E+0	0.000000E+0	0.000000E+0	5.308827E-2	3.394693E-2	1.956947E-2
0.000000E+0	0.000000E+0	0.000000E+0	0.000000E+0	5.262042E-2	3.394693E-2	1.956947E-2
0.000000E+0	0.000000E+0	0.000000E+0	0.000000E+0	5.230852E-2	3.394693E-2	1.956947E-2
0.000000E+0	0.000000E+0	0.000000E+0	0.000000E+0	5.173346E-2	3.297112E-2	1.859100E-2
0.000000E+0	0.000000E+0	0.000000E+0	0.000000E+0	5.144105E-2	3.297112E-2	1.859100E-2
0.000000E+0	0.000000E+0	0.000000E+0	0.000000E+0	5.083675E-2	3.297112E-2	1.859100E-2
0.000000E+0	0.000000E+0	0.000000E+0	0.000000E+0	5.061258E-2	3.199531E-2	1.859100E-2
0.000000E+0	0.000000E+0	0.000000E+0	0.000000E+0	5.008625E-2	3.199531E-2	1.859100E-2
0.000000E+0	0.000000E+0	0.000000E+0	0.000000E+0	4.965739E-2	3.199531E-2	1.761252E-2
0.000000E+0	0.000000E+0	0.000000E+0	0.000000E+0	4.923828E-2	3.101950E-2	1.761252E-2
0.000000E+0	0.000000E+0	0.000000E+0	0.000000E+0	4.877043E-2	3.101950E-2	1.761252E-2
0.000000E+0	0.000000E+0	0.000000E+0	0.000000E+0	4.854625E-2	3.101950E-2	1.761252E-2
0.000000E+0	0.000000E+0	0.000000E+0	0.000000E+0	4.787372E-2	3.004369E-2	1.761252E-2
0.000000E+0	0.000000E+0	0.000000E+0	0.000000E+0	4.768854E-2	3.004369E-2	1.761252E-2
0.000000E+0	0.000000E+0	0.000000E+0	0.000000E+0	4.715246E-2	3.004369E-2	1.663405E-2
0.000000E+0	0.000000E+0	0.000000E+0	0.000000E+0	4.682107E-2	3.004369E-2	1.663405E-2
0.000000E+0	0.000000E+0	0.000000E+0	0.000000E+0	4.652867E-2	2.906787E-2	1.663405E-2
0.000000E+0	0.000000E+0	0.000000E+0	0.000000E+0	4.597310E-2	2.906787E-2	1.663405E-2
0.000000E+0	0.000000E+0	0.000000E+0	0.000000E+0	4.577816E-2	2.906787E-2	1.663405E-2
0.000000E+0	0.000000E+0	0.000000E+0	0.000000E+0	4.528107E-2	2.906787E-2	1.663405E-2
0.000000E+0	0.000000E+0	0.000000E+0	0.000000E+0	4.484247E-2	2.809206E-2	1.565558E-2
0.000000E+0	0.000000E+0	0.000000E+0	0.000000E+0	4.467677E-2	2.809206E-2	1.565558E-2
0.000000E+0	0.000000E+0	0.000000E+0	0.000000E+0	4.416019E-2	2.711625E-2	1.565558E-2
0.000000E+0	0.000000E+0	0.000000E+0	0.000000E+0	4.383855E-2	2.711625E-2	1.565558E-2
0.000000E+0	0.000000E+0	0.000000E+0	0.000000E+0	4.353640E-2	2.711625E-2	1.565558E-2
0.000000E+0	0.000000E+0	0.000000E+0	0.000000E+0	4.297108E-2	2.711625E-2	1.565558E-2
0.000000E+0	0.000000E+0	0.000000E+0	0.000000E+0	4.285412E-2	2.711625E-2	1.565558E-2
0.000000E+0	0.000000E+0	0.000000E+0	0.000000E+0	4.252273E-2	2.614044E-2	1.565558E-2
0.000000E+0	0.000000E+0	0.000000E+0	0.000000E+0	4.197691E-2	2.614044E-2	1.467710E-2
0.000000E+0	0.000000E+0	0.000000E+0	0.000000E+0	4.181121E-2	2.614044E-2	1.467710E-2
0.000000E+0	0.000000E+0	0.000000E+0	0.000000E+0	4.135311E-2	2.614044E-2	1.467710E-2
0.000000E+0	0.000000E+0	0.000000E+0	0.000000E+0	4.096324E-2	2.516463E-2	1.467710E-2
0.000000E+0	0.000000E+0	0.000000E+0	0.000000E+0	4.083653E-2	2.516463E-2	1.467710E-2
0.000000E+0	0.000000E+0	0.000000E+0	0.000000E+0	4.038818E-2	2.516463E-2	1.369863E-2
0.000000E+0	0.000000E+0	0.000000E+0	0.000000E+0	3.995932E-2	2.516463E-2	1.467710E-2
0.000000E+0	0.000000E+0	0.000000E+0	0.000000E+0	3.987160E-2	2.516463E-2	1.369863E-2
0.000000E+0	0.000000E+0	0.000000E+0	0.000000E+0	3.937451E-2	2.516463E-2	1.369863E-2
0.000000E+0	0.000000E+0	0.000000E+0	0.000000E+0	3.901388E-2	2.418882E-2	1.369863E-2
0.000000E+0	0.000000E+0	0.000000E+0	0.000000E+0	3.886768E-2	2.418882E-2	1.369863E-2
0.000000E+0	0.000000E+0	0.000000E+0	0.000000E+0	3.848755E-2	2.418882E-2	1.369863E-2
0.000000E+0	0.000000E+0	0.000000E+0	0.000000E+0	3.801971E-2	2.321301E-2	1.272016E-2
0.000000E+0	0.000000E+0	0.000000E+0	0.000000E+0	3.793199E-2	2.321301E-2	1.369863E-2
0.000000E+0	0.000000E+0	0.000000E+0	0.000000E+0	3.757135E-2	2.321301E-2	1.272016E-2
0.000000E+0	0.000000E+0	0.000000E+0	0.000000E+0	3.713275E-2	2.321301E-2	1.272016E-2
0.000000E+0	0.000000E+0	0.000000E+0	0.000000E+0	3.700604E-2	2.321301E-2	1.272016E-2
0.000000E+0	0.000000E+0	0.000000E+0	0.000000E+0	3.665515E-2	2.223720E-2	1.272016E-2
0.000000E+0	0.000000E+0	0.000000E+0	0.000000E+0	3.627503E-2	2.223720E-2	1.272016E-2
0.000000E+0	0.000000E+0	0.000000E+0	0.000000E+0	3.608009E-2	2.223720E-2	1.272016E-2
0.000000E+0	0.000000E+0	0.000000E+0	0.000000E+0	3.581693E-2	2.223720E-2	1.272016E-2
0.000000E+0	0.000000E+0	0.000000E+0	0.000000E+0	3.540756E-2	2.223720E-2	1.174168E-2
0.000000E+0	0.000000E+0	0.000000E+0	0.000000E+0	3.510541E-2	2.223720E-2	1.174168E-2
0.000000E+0	0.000000E+0	0.000000E+0	0.000000E+0	3.501769E-2	2.126138E-2	1.174168E-2
0.000000E+0	0.000000E+0	0.000000E+0	0.000000E+0	3.470579E-2	2.126138E-2	1.174168E-2
0.000000E+0	0.000000E+0	0.000000E+0	0.000000E+0	3.426719E-2	2.126138E-2	1.174168E-2
0.000000E+0	0.000000E+0	0.000000E+0	0.000000E+0	3.407225E-2	2.126138E-2	1.174168E-2
0.000000E+0	0.000000E+0	0.000000E+0	0.000000E+0	3.393580E-2	2.028557E-2	1.174168E-2
0.000000E+0	0.000000E+0	0.000000E+0	0.000000E+0	3.358491E-2	2.028557E-2	1.076321E-2
0.000000E+0	0.000000E+0	0.000000E+0	0.000000E+0	3.317555E-2	2.028557E-2	1.174168E-2
0.000000E+0	0.000000E+0	0.000000E+0	0.000000E+0	3.303909E-2	2.028557E-2	1.174168E-2
0.000000E+0	0.000000E+0	0.000000E+0	0.000000E+0	3.278567E-2	2.028557E-2	1.076321E-2
0.000000E+0	0.000000E+0	0.000000E+0	0.000000E+0	3.246403E-2	1.930976E-2	1.076321E-2
0.000000E+0	0.000000E+0	0.000000E+0	0.000000E+0	3.219112E-2	1.930976E-2	1.076321E-2
0.000000E+0	0.000000E+0	0.000000E+0	0.000000E+0	3.206441E-2	1.930976E-2	1.076321E-2
0.000000E+0	0.000000E+0	0.000000E+0	0.000000E+0	3.177201E-2	1.930976E-2	1.076321E-2
0.000000E+0	0.000000E+0	0.000000E+0	0.000000E+0	3.129441E-2	1.930976E-2	1.076321E-2
0.000000E+0	0.000000E+0	0.000000E+0	0.000000E+0	3.120669E-2	1.930976E-2	1.076321E-2
0.000000E+0	0.000000E+0	0.000000E+0	0.000000E+0	3.106049E-2	1.930976E-2	1.076321E-2
0.000000E+0	0.000000E+0	0.000000E+0	0.000000E+0	3.083631E-2	1.930976E-2	1.076321E-2
0.000000E+0	0.000000E+0	0.000000E+0	0.000000E+0	3.042695E-2	1.833395E-2	1.076321E-2
0.000000E+0	0.000000E+0	0.000000E+0	0.000000E+0	3.024176E-2	1.833395E-2	9.784736E-3
0.000000E+0	0.000000E+0	0.000000E+0	0.000000E+0	3.012479E-2	1.833395E-2	9.784736E-3
0.000000E+0	0.000000E+0	0.000000E+0	0.000000E+0	2.983239E-2	1.833395E-2	9.784736E-3
0.000000E+0	0.000000E+0	0.000000E+0	0.000000E+0	2.950100E-2	1.735814E-2	9.784736E-3
0.000000E+0	0.000000E+0	0.000000E+0	0.000000E+0	2.923784E-2	1.735814E-2	9.784736E-3
0.000000E+0	0.000000E+0	0.000000E+0	0.000000E+0	2.916961E-2	1.735814E-2	9.784736E-3
0.000000E+0	0.000000E+0	0.000000E+0	0.000000E+0	2.903315E-2	1.735814E-2	9.784736E-3
0.000000E+0	0.000000E+0	0.000000E+0	0.000000E+0	2.853607E-2	1.735814E-2	9.784736E-3
0.000000E+0	0.000000E+0	0.000000E+0	0.000000E+0	2.826316E-2	1.735814E-2	9.784736E-3
0.000000E+0	0.000000E+0	0.000000E+0	0.000000E+0	2.824366E-2	1.735814E-2	8.806262E-3
0.000000E+0	0.000000E+0	0.000000E+0	0.000000E+0	2.811695E-2	1.735814E-2	8.806262E-3
0.000000E+0	0.000000E+0	0.000000E+0	0.000000E+0	2.779531E-2	1.735814E-2	8.806262E-3
0.000000E+0	0.000000E+0	0.000000E+0	0.000000E+0	2.738594E-2	1.638233E-2	8.806262E-3
0.000000E+0	0.000000E+0	0.000000E+0	0.000000E+0	2.730797E-2	1.638233E-2	8.806262E-3
0.000000E+0	0.000000E+0	0.000000E+0	0.000000E+0	2.722999E-2	1.638233E-2	8.806262E-3
0.000000E+0	0.000000E+0	0.000000E+0	0.000000E+0	2.697658E-2	1.638233E-2	8.806262E-3
0.000000E+0	0.000000E+0	0.000000E+0	0.000000E+0	2.666468E-2	1.638233E-2	8.806262E-3
0.000000E+0	0.000000E+0	0.000000E+0	0.000000E+0	2.640152E-2	1.540652E-2	8.806262E-3
0.000000E+0	0.000000E+0	0.000000E+0	0.000000E+0	2.632354E-2	1.638233E-2	8.806262E-3
0.000000E+0	0.000000E+0	0.000000E+0	0.000000E+0	2.621633E-2	1.540652E-2	8.806262E-3
0.000000E+0	0.000000E+0	0.000000E+0	0.000000E+0	2.598240E-2	1.540652E-2	8.806262E-3
0.000000E+0	0.000000E+0	0.000000E+0	0.000000E+0	2.567051E-2	1.540652E-2	8.806262E-3
0.000000E+0	0.000000E+0	0.000000E+0	0.000000E+0	2.541709E-2	1.540652E-2	8.806262E-3
0.000000E+0	0.000000E+0	0.000000E+0	0.000000E+0	2.533912E-2	1.443071E-2	8.806262E-3
0.000000E+0	0.000000E+0	0.000000E+0	0.000000E+0	2.522215E-2	1.540652E-2	8.806262E-3
0.000000E+0	0.000000E+0	0.000000E+0	0.000000E+0	2.501747E-2	1.540652E-2	8.806262E-3
0.000000E+0	0.000000E+0	0.000000E+0	0.000000E+0	2.461785E-2	1.540652E-2	7.827789E-3
0.000000E+0	0.000000E+0	0.000000E+0	0.000000E+0	2.441317E-2	1.443071E-2	7.827789E-3
0.000000E+0	0.000000E+0	0.000000E+0	0.000000E+0	2.437418E-2	1.443071E-2	7.827789E-3
0.000000E+0	0.000000E+0	0.000000E+0	0.000000E+0	2.426697E-2	1.443071E-2	7.827789E-3
0.000000E+0	0.000000E+0	0.000000E+0	0.000000E+0	2.407203E-2	1.443071E-2	7.827789E-3
0.000000E+0	0.000000E+0	0.000000E+0	0.000000E+0	2.379912E-2	1.443071E-2	7.827789E-3
0.000000E+0	0.000000E+0	0.000000E+0	0.000000E+0	2.352621E-2	1.443071E-2	7.827789E-3
0.000000E+0	0.000000E+0	0.000000E+0	0.000000E+0	2.338001E-2	1.443071E-2	7.827789E-3
0.000000E+0	0.000000E+0	0.000000E+0	0.000000E+0	2.334102E-2	1.443071E-2	7.827789E-3
0.000000E+0	0.000000E+0	0.000000E+0	0.000000E+0	2.325330E-2	1.345490E-2	7.827789E-3
0.000000E+0	0.000000E+0	0.000000E+0	0.000000E+0	2.292191E-2	1.345490E-2	7.827789E-3
0.000000E+0	0.000000E+0	0.000000E+0	0.000000E+0	2.261001E-2	1.345490E-2	7.827789E-3
0.000000E+0	0.000000E+0	0.000000E+0	0.000000E+0	2.250279E-2	1.345490E-2	7.827789E-3
0.000000E+0	0.000000E+0	0.000000E+0	0.000000E+0	2.242482E-2	1.345490E-2	7.827789E-3
0.000000E+0	0.000000E+0	0.000000E+0	0.000000E+0	2.231761E-2	1.247908E-2	6.849315E-3
0.000000E+0	0.000000E+0	0.000000E+0	0.000000E+0	2.217140E-2	1.247908E-2	6.849315E-3
0.000000E+0	0.000000E+0	0.000000E+0	0.000000E+0	2.174254E-2	1.345490E-2	7.827789E-3
0.000000E+0	0.000000E+0	0.000000E+0	0.000000E+0	2.154761E-2	1.345490E-2	6.849315E-3
0.000000E+0	0.000000E+0	0.000000E+0	0.000000E+0	2.146963E-2	1.247908E-2	6.849315E-3
0.000000E+0	0.000000E+0	0.000000E+0	0.000000E+0	2.143065E-2	1.247908E-2	6.849315E-3
0.000000E+0	0.000000E+0	0.000000E+0	0.000000E+0	2.127470E-2	1.247908E-2	6.849315E-3
0.000000E+0	0.000000E+0	0.000000E+0	0.000000E+0	2.121622E-2	1.247908E-2	6.849315E-3
0.000000E+0	0.000000E+0	0.000000E+0	0.000000E+0	2.094331E-2	1.247908E-2	6.849315E-3
0.000000E+0	0.000000E+0	0.000000E+0	0.000000E+0	2.059242E-2	1.247908E-2	6.849315E-3
0.000000E+0	0.000000E+0	0.000000E+0	0.000000E+0	2.050470E-2	1.247908E-2	6.849315E-3
0.000000E+0	0.000000E+0	0.000000E+0	0.000000E+0	2.045597E-2	1.150327E-2	6.849315E-3
0.000000E+0	0.000000E+0	0.000000E+0	0.000000E+0	2.039748E-2	1.247908E-2	6.849315E-3
0.000000E+0	0.000000E+0	0.000000E+0	0.000000E+0	2.024154E-2	1.150327E-2	6.849315E-3
0.000000E+0	0.000000E+0	0.000000E+0	0.000000E+0	1.993939E-2	1.150327E-2	5.870841E-3
0.000000E+0	0.000000E+0	0.000000E+0	0.000000E+0	1.976394E-2	1.150327E-2	6.849315E-3
0.000000E+0	0.000000E+0	0.000000E+0	0.000000E+0	1.957875E-2	1.247908E-2	5.870841E-3
0.000000E+0	0.000000E+0	0.000000E+0	0.000000E+0	1.948129E-2	1.150327E-2	6.849315E-3
0.000000E+0	0.000000E+0	0.000000E+0	0.000000E+0	1.948129E-2	1.150327E-2	6.849315E-3
0.000000E+0	0.000000E+0	0.000000E+0	0.000000E+0	1.936432E-2	1.150327E-2	5.870841E-3
0.000000E+0	0.000000E+0	0.000000E+0	0.000000E+0	1.917914E-2	1.150327E-2	5.870841E-3
0.000000E+0	0.000000E+0	0.000000E+0	0.000000E+0	1.896470E-2	1.150327E-2	5.870841E-3
0.000000E+0	0.000000E+0	0.000000E+0	0.000000E+0	1.878926E-2	1.150327E-2	5.870841E-3
0.000000E+0	0.000000E+0	0.000000E+0	0.000000E+0	1.855534E-2	1.052746E-2	5.870841E-3
0.000000E+0	0.000000E+0	0.000000E+0	0.000000E+0	1.850661E-2	1.150327E-2	5.870841E-3
0.000000E+0	0.000000E+0	0.000000E+0	0.000000E+0	1.850661E-2	1.052746E-2	5.870841E-3
0.000000E+0	0.000000E+0	0.000000E+0	0.000000E+0	1.843838E-2	1.052746E-2	6.849315E-3
0.000000E+0	0.000000E+0	0.000000E+0	0.000000E+0	1.832142E-2	1.052746E-2	5.870841E-3
0.000000E+0	0.000000E+0	0.000000E+0	0.000000E+0	1.815572E-2	1.052746E-2	6.849315E-3
0.000000E+0	0.000000E+0	0.000000E+0	0.000000E+0	1.784382E-2	1.052746E-2	5.870841E-3
0.000000E+0	0.000000E+0	0.000000E+0	0.000000E+0	1.760990E-2	1.150327E-2	5.870841E-3
0.000000E+0	0.000000E+0	0.000000E+0	0.000000E+0	1.757091E-2	1.052746E-2	5.870841E-3
0.000000E+0	0.000000E+0	0.000000E+0	0.000000E+0	1.753192E-2	1.052746E-2	5.870841E-3
0.000000E+0	0.000000E+0	0.000000E+0	0.000000E+0	1.752218E-2	9.551651E-3	5.870841E-3
0.000000E+0	0.000000E+0	0.000000E+0	0.000000E+0	1.738572E-2	1.052746E-2	5.870841E-3
0.000000E+0	0.000000E+0	0.000000E+0	0.000000E+0	1.722977E-2	9.551651E-3	4.892368E-3
0.000000E+0	0.000000E+0	0.000000E+0	0.000000E+0	1.709332E-2	9.551651E-3	5.870841E-3
0.000000E+0	0.000000E+0	0.000000E+0	0.000000E+0	1.688864E-2	9.551651E-3	4.892368E-3
0.000000E+0	0.000000E+0	0.000000E+0	0.000000E+0	1.672294E-2	9.551651E-3	4.892368E-3
0.000000E+0	0.000000E+0	0.000000E+0	0.000000E+0	1.661573E-2	9.551651E-3	5.870841E-3
0.000000E+0	0.000000E+0	0.000000E+0	0.000000E+0	1.656699E-2	9.551651E-3	4.892368E-3
0.000000E+0	0.000000E+0	0.000000E+0	0.000000E+0	1.651826E-2	9.551651E-3	5.870841E-3
0.000000E+0	0.000000E+0	0.000000E+0	0.000000E+0	1.646952E-2	9.551651E-3	4.892368E-3
0.000000E+0	0.000000E+0	0.000000E+0	0.000000E+0	1.631358E-2	9.551651E-3	4.892368E-3
0.000000E+0	0.000000E+0	0.000000E+0	0.000000E+0	1.610889E-2	9.551651E-3	4.892368E-3
0.000000E+0	0.000000E+0	0.000000E+0	0.000000E+0	1.595294E-2	9.551651E-3	4.892368E-3
0.000000E+0	0.000000E+0	0.000000E+0	0.000000E+0	1.575801E-2	9.551651E-3	4.892368E-3
0.000000E+0	0.000000E+0	0.000000E+0	0.000000E+0	1.566054E-2	9.551651E-3	4.892368E-3
0.000000E+0	0.000000E+0	0.000000E+0	0.000000E+0	1.559231E-2	8.575840E-3	5.870841E-3
0.000000E+0	0.000000E+0	0.000000E+0	0.000000E+0	1.557282E-2	8.575840E-3	4.892368E-3
0.000000E+0	0.000000E+0	0.000000E+0	0.000000E+0	1.553383E-2	8.575840E-3	4.892368E-3
0.000000E+0	0.000000E+0	0.000000E+0	0.000000E+0	1.546560E-2	8.575840E-3	4.892368E-3
0.000000E+0	0.000000E+0	0.000000E+0	0.000000E+0	1.529991E-2	8.575840E-3	4.892368E-3
0.000000E+0	0.000000E+0	0.000000E+0	0.000000E+0	1.517320E-2	8.575840E-3	4.892368E-3
0.000000E+0	0.000000E+0	0.000000E+0	0.000000E+0	1.492953E-2	8.575840E-3	4.892368E-3
0.000000E+0	0.000000E+0	0.000000E+0	0.000000E+0	1.481257E-2	8.575840E-3	5.870841E-3
0.000000E+0	0.000000E+0	0.000000E+0	0.000000E+0	1.473459E-2	8.575840E-3	4.892368E-3
0.000000E+0	0.000000E+0	0.000000E+0	0.000000E+0	1.464687E-2	8.575840E-3	3.913894E-3
0.000000E+0	0.000000E+0	0.000000E+0	0.000000E+0	1.459814E-2	8.575840E-3	4.892368E-3
0.000000E+0	0.000000E+0	0.000000E+0	0.000000E+0	1.457864E-2	8.575840E-3	4.892368E-3
0.000000E+0	0.000000E+0	0.000000E+0	0.000000E+0	1.455915E-2	8.575840E-3	4.892368E-3
0.000000E+0	0.000000E+0	0.000000E+0	0.000000E+0	1.439345E-2	8.575840E-3	4.892368E-3
0.000000E+0	0.000000E+0	0.000000E+0	0.000000E+0	1.433497E-2	8.575840E-3	4.892368E-3
0.000000E+0	0.000000E+0	0.000000E+0	0.000000E+0	1.405232E-2	8.575840E-3	4.892368E-3
0.000000E+0	0.000000E+0	0.000000E+0	0.000000E+0	1.394510E-2	8.575840E-3	3.913894E-3
0.000000E+0	0.000000E+0	0.000000E+0	0.000000E+0	1.379890E-2	7.600029E-3	4.892368E-3
0.000000E+0	0.000000E+0	0.000000E+0	0.000000E+0	1.366244E-2	7.600029E-3	4.892368E-3
0.000000E+0	0.000000E+0	0.000000E+0	0.000000E+0	1.365270E-2	7.600029E-3	4.892368E-3
0.000000E+0	0.000000E+0	0.000000E+0	0.000000E+0	1.364295E-2	7.600029E-3	4.892368E-3
0.000000E+0	0.000000E+0	0.000000E+0	0.000000E+0	1.360396E-2	7.600029E-3	3.913894E-3
0.000000E+0	0.000000E+0	0.000000E+0	0.000000E+0	1.360396E-2	7.600029E-3	3.913894E-3
0.000000E+0	0.000000E+0	0.000000E+0	0.000000E+0	1.345776E-2	7.600029E-3	3.913894E-3
0.000000E+0	0.000000E+0	0.000000E+0	0.000000E+0	1.333105E-2	7.600029E-3	3.913894E-3
0.000000E+0	0.000000E+0	0.000000E+0	0.000000E+0	1.321409E-2	7.600029E-3	3.913894E-3
0.000000E+0	0.000000E+0	0.000000E+0	0.000000E+0	1.305814E-2	7.600029E-3	4.892368E-3
0.000000E+0	0.000000E+0	0.000000E+0	0.000000E+0	1.288270E-2	7.600029E-3	4.892368E-3
0.000000E+0	0.000000E+0	0.000000E+0	0.000000E+0	1.282422E-2	7.600029E-3	3.913894E-3
0.000000E+0	0.000000E+0	0.000000E+0	0.000000E+0	1.277548E-2	7.600029E-3	3.913894E-3
0.000000E+0	0.000000E+0	0.000000E+0	0.000000E+0	1.267802E-2	7.600029E-3	4.892368E-3
0.000000E+0	0.000000E+0	0.000000E+0	0.000000E+0	1.268776E-2	7.600029E-3	3.913894E-3
0.000000E+0	0.000000E+0	0.000000E+0	0.000000E+0	1.264878E-2	7.600029E-3	4.892368E-3
0.000000E+0	0.000000E+0	0.000000E+0	0.000000E+0	1.263903E-2	7.600029E-3	3.913894E-3
0.000000E+0	0.000000E+0	0.000000E+0	0.000000E+0	1.256105E-2	7.600029E-3	3.913894E-3
0.000000E+0	0.000000E+0	0.000000E+0	0.000000E+0	1.248308E-2	7.600029E-3	3.913894E-3
0.000000E+0	0.000000E+0	0.000000E+0	0.000000E+0	1.225890E-2	6.624217E-3	3.913894E-3
0.000000E+0	0.000000E+0	0.000000E+0	0.000000E+0	1.213220E-2	6.624217E-3	3.913894E-3
0.000000E+0	0.000000E+0	0.000000E+0	0.000000E+0	1.211270E-2	6.624217E-3	3.913894E-3
0.000000E+0	0.000000E+0	0.000000E+0	0.000000E+0	1.188853E-2	6.624217E-3	3.913894E-3
0.000000E+0	0.000000E+0	0.000000E+0	0.000000E+0	1.180080E-2	6.624217E-3	3.913894E-3
0.000000E+0	0.000000E+0	0.000000E+0	0.000000E+0	1.173258E-2	7.600029E-3	3.913894E-3
0.000000E+0	0.000000E+0	0.000000E+0	0.000000E+0	1.169359E-2	6.624217E-3	3.913894E-3
0.000000E+0	0.000000E+0	0.000000E+0	0.000000E+0	1.169359E-2	6.624217E-3	3.913894E-3
0.000000E+0	0.000000E+0	0.000000E+0	0.000000E+0	1.169359E-2	6.624217E-3	3.913894E-3
0.000000E+0	0.000000E+0	0.000000E+0	0.000000E+0	1.165460E-2	6.624217E-3	3.913894E-3
0.000000E+0	0.000000E+0	0.000000E+0	0.000000E+0	1.160587E-2	6.624217E-3	3.913894E-3
0.000000E+0	0.000000E+0	0.000000E+0	0.000000E+0	1.156688E-2	6.624217E-3	3.913894E-3
0.000000E+0	0.000000E+0	0.000000E+0	0.000000E+0	1.145967E-2	6.624217E-3	3.913894E-3
0.000000E+0	0.000000E+0	0.000000E+0	0.000000E+0	1.133296E-2	6.624217E-3	3.913894E-3
0.000000E+0	0.000000E+0	0.000000E+0	0.000000E+0	1.114777E-2	6.624217E-3	3.913894E-3
0.000000E+0	0.000000E+0	0.000000E+0	0.000000E+0	1.106979E-2	6.624217E-3	3.913894E-3
0.000000E+0	0.000000E+0	0.000000E+0	0.000000E+0	1.093334E-2	6.624217E-3	3.913894E-3
0.000000E+0	0.000000E+0	0.000000E+0	0.000000E+0	1.089435E-2	6.624217E-3	3.913894E-3
0.000000E+0	0.000000E+0	0.000000E+0	0.000000E+0	1.080663E-2	6.624217E-3	3.913894E-3
0.000000E+0	0.000000E+0	0.000000E+0	0.000000E+0	1.077739E-2	6.624217E-3	3.913894E-3
0.000000E+0	0.000000E+0	0.000000E+0	0.000000E+0	1.070916E-2	5.648406E-3	3.913894E-3
0.000000E+0	0.000000E+0	0.000000E+0	0.000000E+0	1.070916E-2	6.624217E-3	3.913894E-3
0.000000E+0	0.000000E+0	0.000000E+0	0.000000E+0	1.067992E-2	6.624217E-3	3.913894E-3
0.000000E+0	0.000000E+0	0.000000E+0	0.000000E+0	1.065068E-2	6.624217E-3	3.913894E-3
0.000000E+0	0.000000E+0	0.000000E+0	0.000000E+0	1.065068E-2	5.648406E-3	2.935421E-3
0.000000E+0	0.000000E+0	0.000000E+0	0.000000E+0	1.052397E-2	5.648406E-3	3.913894E-3
0.000000E+0	0.000000E+0	0.000000E+0	0.000000E+0	1.055321E-2	6.624217E-3	3.913894E-3
0.000000E+0	0.000000E+0	0.000000E+0	0.000000E+0	1.031929E-2	5.648406E-3	3.913894E-3
0.000000E+0	0.000000E+0	0.000000E+0	0.000000E+0	1.024132E-2	5.648406E-3	3.913894E-3
0.000000E+0	0.000000E+0	0.000000E+0	0.000000E+0	1.010486E-2	5.648406E-3	2.935421E-3
0.000000E+0	0.000000E+0	0.000000E+0	0.000000E+0	1.010486E-2	6.624217E-3	2.935421E-3
0.000000E+0	0.000000E+0	0.000000E+0	0.000000E+0	1.002689E-2	5.648406E-3	3.913894E-3
0.000000E+0	0.000000E+0	0.000000E+0	0.000000E+0	9.851444E-3	5.648406E-3	2.935421E-3
0.000000E+0	0.000000E+0	0.000000E+0	0.000000E+0	9.822203E-3	5.648406E-3	3.913894E-3
0.000000E+0	0.000000E+0	0.000000E+0	0.000000E+0	9.792963E-3	5.648406E-3	2.935421E-3
0.000000E+0	0.000000E+0	0.000000E+0	0.000000E+0	9.744229E-3	5.648406E-3	2.935421E-3
0.000000E+0	0.000000E+0	0.000000E+0	0.000000E+0	9.734482E-3	5.648406E-3	2.935421E-3
0.000000E+0	0.000000E+0	0.000000E+0	0.000000E+0	9.714988E-3	5.648406E-3	3.913894E-3
0.000000E+0	0.000000E+0	0.000000E+0	0.000000E+0	9.685747E-3	5.648406E-3	2.935421E-3
0.000000E+0	0.000000E+0	0.000000E+0	0.000000E+0	9.695495E-3	5.648406E-3	2.935421E-3
0.000000E+0	0.000000E+0	0.000000E+0	0.000000E+0	9.549293E-3	5.648406E-3	2.935421E-3
0.000000E+0	0.000000E+0	0.000000E+0	0.000000E+0	9.627267E-3	5.648406E-3	2.935421E-3
0.000000E+0	0.000000E+0	0.000000E+0	0.000000E+0	9.481065E-3	5.648406E-3	2.935421E-3
0.000000E+0	0.000000E+0	0.000000E+0	0.000000E+0	9.432331E-3	5.648406E-3	2.935421E-3
0.000000E+0	0.000000E+0	0.000000E+0	0.000000E+0	9.393344E-3	4.672595E-3	3.913894E-3
0.000000E+0	0.000000E+0	0.000000E+0	0.000000E+0	9.227648E-3	5.648406E-3	2.935421E-3
0.000000E+0	0.000000E+0	0.000000E+0	0.000000E+0	9.032712E-3	5.648406E-3	2.935421E-3
0.000000E+0	0.000000E+0	0.000000E+0	0.000000E+0	9.100939E-3	5.648406E-3	3.913894E-3
0.000000E+0	0.000000E+0	0.000000E+0	0.000000E+0	8.925497E-3	5.648406E-3	2.935421E-3
0.000000E+0	0.000000E+0	0.000000E+0	0.000000E+0	8.886510E-3	5.648406E-3	2.935421E-3
0.000000E+0	0.000000E+0	0.000000E+0	0.000000E+0	8.779295E-3	5.648406E-3	2.935421E-3
0.000000E+0	0.000000E+0	0.000000E+0	0.000000E+0	8.828029E-3	5.648406E-3	2.935421E-3
0.000000E+0	0.000000E+0	0.000000E+0	0.000000E+0	8.798788E-3	4.672595E-3	2.935421E-3
0.000000E+0	0.000000E+0	0.000000E+0	0.000000E+0	8.769548E-3	5.648406E-3	2.935421E-3
0.000000E+0	0.000000E+0	0.000000E+0	0.000000E+0	8.750055E-3	4.672595E-3	2.935421E-3
0.000000E+0	0.000000E+0	0.000000E+0	0.000000E+0	8.730561E-3	5.648406E-3	2.935421E-3
0.000000E+0	0.000000E+0	0.000000E+0	0.000000E+0	8.720814E-3	4.672595E-3	2.935421E-3
0.000000E+0	0.000000E+0	0.000000E+0	0.000000E+0	8.711067E-3	4.672595E-3	2.935421E-3
0.000000E+0	0.000000E+0	0.000000E+0	0.000000E+0	8.672080E-3	4.672595E-3	2.935421E-3
0.000000E+0	0.000000E+0	0.000000E+0	0.000000E+0	8.633093E-3	5.648406E-3	2.935421E-3
0.000000E+0	0.000000E+0	0.000000E+0	0.000000E+0	8.516131E-3	4.672595E-3	2.935421E-3
0.000000E+0	0.000000E+0	0.000000E+0	0.000000E+0	8.564865E-3	4.672595E-3	2.935421E-3
0.000000E+0	0.000000E+0	0.000000E+0	0.000000E+0	8.418663E-3	5.648406E-3	2.935421E-3
0.000000E+0	0.000000E+0	0.000000E+0	0.000000E+0	8.262714E-3	4.672595E-3	2.935421E-3
0.000000E+0	0.000000E+0	0.000000E+0	0.000000E+0	8.272462E-3	4.672595E-3	2.935421E-3
0.000000E+0	0.000000E+0	0.000000E+0	0.000000E+0	8.058031E-3	4.672595E-3	2.935421E-3
0.000000E+0	0.000000E+0	0.000000E+0	0.000000E+0	8.116513E-3	4.672595E-3	2.935421E-3
0.000000E+0	0.000000E+0	0.000000E+0	0.000000E+0	7.989804E-3	4.672595E-3	2.935421E-3
0.000000E+0	0.000000E+0	0.000000E+0	0.000000E+0	7.892336E-3	4.672595E-3	2.935421E-3
0.000000E+0	0.000000E+0	0.000000E+0	0.000000E+0	7.902083E-3	4.672595E-3	2.935421E-3
0.000000E+0	0.000000E+0	0.000000E+0	0.000000E+0	7.843602E-3	4.672595E-3	2.935421E-3
0.000000E+0	0.000000E+0	0.000000E+0	0.000000E+0	7.824108E-3	4.672595E-3	2.935421E-3
0.000000E+0	0.000000E+0	0.000000E+0	0.000000E+0	7.785121E-3	4.672595E-3	2.935421E-3
0.000000E+0	0.000000E+0	0.000000E+0	0.000000E+0	7.794868E-3	4.672595E-3	2.935421E-3
0.000000E+0	0.000000E+0	0.000000E+0	0.000000E+0	7.785121E-3	4.672595E-3	1.956947E-3
0.000000E+0	0.000000E+0	0.000000E+0	0.000000E+0	7.775374E-3	4.672595E-3	2.935421E-3
0.000000E+0	0.000000E+0	0.000000E+0	0.000000E+0	7.765627E-3	4.672595E-3	2.935421E-3
0.000000E+0	0.000000E+0	0.000000E+0	0.000000E+0	7.746134E-3	4.672595E-3	2.935421E-3
0.000000E+0	0.000000E+0	0.000000E+0	0.000000E+0	7.716893E-3	4.672595E-3	2.935421E-3
0.000000E+0	0.000000E+0	0.000000E+0	0.000000E+0	7.707146E-3	4.672595E-3	2.935421E-3
0.000000E+0	0.000000E+0	0.000000E+0	0.000000E+0	7.658413E-3	4.672595E-3	2.935421E-3
0.000000E+0	0.000000E+0	0.000000E+0	0.000000E+0	7.590185E-3	4.672595E-3	2.935421E-3
0.000000E+0	0.000000E+0	0.000000E+0	0.000000E+0	7.531704E-3	4.672595E-3	2.935421E-3
0.000000E+0	0.000000E+0	0.000000E+0	0.000000E+0	7.502464E-3	4.672595E-3	2.935421E-3
0.000000E+0	0.000000E+0	0.000000E+0	0.000000E+0	7.336768E-3	3.696784E-3	1.956947E-3
0.000000E+0	0.000000E+0	0.000000E+0	0.000000E+0	7.307528E-3	4.672595E-3	2.935421E-3
0.000000E+0	0.000000E+0	0.000000E+0	0.000000E+0	7.239300E-3	3.696784E-3	2.935421E-3
0.000000E+0	0.000000E+0	0.000000E+0	0.000000E+0	7.161326E-3	4.672595E-3	2.935421E-3
0.000000E+0	0.000000E+0	0.000000E+0	0.000000E+0	7.239300E-3	4.672595E-3	2.935421E-3
0.000000E+0	0.000000E+0	0.000000E+0	0.000000E+0	7.034617E-3	4.672595E-3	2.935421E-3
0.000000E+0	0.000000E+0	0.000000E+0	0.000000E+0	7.024870E-3	4.672595E-3	1.956947E-3
0.000000E+0	0.000000E+0	0.000000E+0	0.000000E+0	6.927402E-3	3.696784E-3	1.956947E-3
0.000000E+0	0.000000E+0	0.000000E+0	0.000000E+0	6.946896E-3	4.672595E-3	2.935421E-3
0.000000E+0	0.000000E+0	0.000000E+0	0.000000E+0	6.956642E-3	4.672595E-3	2.935421E-3
0.000000E+0	0.000000E+0	0.000000E+0	0.000000E+0	6.859174E-3	3.696784E-3	2.935421E-3
0.000000E+0	0.000000E+0	0.000000E+0	0.000000E+0	6.839681E-3	4.672595E-3	1.956947E-3
0.000000E+0	0.000000E+0	0.000000E+0	0.000000E+0	6.859174E-3	3.696784E-3	2.935421E-3
0.000000E+0	0.000000E+0	0.000000E+0	0.000000E+0	6.820187E-3	4.672595E-3	1.956947E-3
0.000000E+0	0.000000E+0	0.000000E+0	0.000000E+0	6.781200E-3	4.672595E-3	1.956947E-3
0.000000E+0	0.000000E+0	0.000000E+0	0.000000E+0	6.810441E-3	3.696784E-3	2.935421E-3
0.000000E+0	0.000000E+0	0.000000E+0	0.000000E+0	6.800694E-3	3.696784E-3	1.956947E-3
0.000000E+0	0.000000E+0	0.000000E+0	0.000000E+0	6.800694E-3	3.696784E-3	1.956947E-3
0.000000E+0	0.000000E+0	0.000000E+0	0.000000E+0	6.790947E-3	3.696784E-3	2.935421E-3
0.000000E+0	0.000000E+0	0.000000E+0	0.000000E+0	6.771454E-3	3.696784E-3	1.956947E-3
0.000000E+0	0.000000E+0	0.000000E+0	0.000000E+0	6.761706E-3	3.696784E-3	2.935421E-3
0.000000E+0	0.000000E+0	0.000000E+0	0.000000E+0	6.751960E-3	3.696784E-3	2.935421E-3
0.000000E+0	0.000000E+0	0.000000E+0	0.000000E+0	6.732466E-3	3.696784E-3	2.935421E-3
0.000000E+0	0.000000E+0	0.000000E+0	0.000000E+0	6.547277E-3	3.696784E-3	2.935421E-3
0.000000E+0	0.000000E+0	0.000000E+0	0.000000E+0	6.557024E-3	4.672595E-3	1.956947E-3
0.000000E+0	0.000000E+0	0.000000E+0	0.000000E+0	6.537530E-3	3.696784E-3	2.935421E-3
0.000000E+0	0.000000E+0	0.000000E+0	0.000000E+0	6.459556E-3	3.696784E-3	1.956947E-3
0.000000E+0	0.000000E+0	0.000000E+0	0.000000E+0	6.420569E-3	4.672595E-3	2.935421E-3
0.000000E+0	0.000000E+0	0.000000E+0	0.000000E+0	6.342594E-3	3.696784E-3	1.956947E-3
0.000000E+0	0.000000E+0	0.000000E+0	0.000000E+0	6.284113E-3	3.696784E-3	2.935421E-3
0.000000E+0	0.000000E+0	0.000000E+0	0.000000E+0	6.118418E-3	3.696784E-3	1.956947E-3
0.000000E+0	0.000000E+0	0.000000E+0	0.000000E+0	6.147658E-3	3.696784E-3	2.935421E-3
0.000000E+0	0.000000E+0	0.000000E+0	0.000000E+0	6.108671E-3	3.696784E-3	2.935421E-3
0.000000E+0	0.000000E+0	0.000000E+0	0.000000E+0	6.059937E-3	3.696784E-3	1.956947E-3
0.000000E+0	0.000000E+0	0.000000E+0	0.000000E+0	6.020950E-3	3.696784E-3	1.956947E-3
0.000000E+0	0.000000E+0	0.000000E+0	0.000000E+0	5.933228E-3	3.696784E-3	1.956947E-3
0.000000E+0	0.000000E+0	0.000000E+0	0.000000E+0	5.942975E-3	3.696784E-3	2.935421E-3
0.000000E+0	0.000000E+0	0.000000E+0	0.000000E+0	5.903988E-3	3.696784E-3	1.956947E-3
0.000000E+0	0.000000E+0	0.000000E+0	0.000000E+0	5.933228E-3	3.696784E-3	1.956947E-3
0.000000E+0	0.000000E+0	0.000000E+0	0.000000E+0	5.923482E-3	3.696784E-3	1.956947E-3
0.000000E+0	0.000000E+0	0.000000E+0	0.000000E+0	5.874747E-3	3.696784E-3	1.956947E-3
0.000000E+0	0.000000E+0	0.000000E+0	0.000000E+0	5.855254E-3	3.696784E-3	1.956947E-3
0.000000E+0	0.000000E+0	0.000000E+0	0.000000E+0	5.845507E-3	3.696784E-3	1.956947E-3
0.000000E+0	0.000000E+0	0.000000E+0	0.000000E+0	5.835760E-3	3.696784E-3	1.956947E-3
0.000000E+0	0.000000E+0	0.000000E+0	0.000000E+0	5.826014E-3	3.696784E-3	2.935421E-3
0.000000E+0	0.000000E+0	0.000000E+0	0.000000E+0	5.816267E-3	3.696784E-3	1.956947E-3
0.000000E+0	0.000000E+0	0.000000E+0	0.000000E+0	5.835760E-3	3.696784E-3	1.956947E-3
0.000000E+0	0.000000E+0	0.000000E+0	0.000000E+0	5.835760E-3	3.696784E-3	1.956947E-3
0.000000E+0	0.000000E+0	0.000000E+0	0.000000E+0	5.826014E-3	3.696784E-3	2.935421E-3
0.000000E+0	0.000000E+0	0.000000E+0	0.000000E+0	5.787026E-3	3.696784E-3	1.956947E-3
0.000000E+0	0.000000E+0	0.000000E+0	0.000000E+0	5.748039E-3	3.696784E-3	1.956947E-3
0.000000E+0	0.000000E+0	0.000000E+0	0.000000E+0	5.767533E-3	3.696784E-3	1.956947E-3
0.000000E+0	0.000000E+0	0.000000E+0	0.000000E+0	5.699305E-3	3.696784E-3	1.956947E-3
0.000000E+0	0.000000E+0	0.000000E+0	0.000000E+0	5.709052E-3	2.720973E-3	1.956947E-3
0.000000E+0	0.000000E+0	0.000000E+0	0.000000E+0	5.679811E-3	3.696784E-3	1.956947E-3
0.000000E+0	0.000000E+0	0.000000E+0	0.000000E+0	5.601837E-3	3.696784E-3	1.956947E-3
0.000000E+0	0.000000E+0	0.000000E+0	0.000000E+0	5.621330E-3	3.696784E-3	1.956947E-3
0.000000E+0	0.000000E+0	0.000000E+0	0.000000E+0	5.621330E-3	3.696784E-3	1.956947E-3
0.000000E+0	0.000000E+0	0.000000E+0	0.000000E+0	5.484875E-3	3.696784E-3	1.956947E-3
0.000000E+0	0.000000E+0	0.000000E+0	0.000000E+0	5.455635E-3	2.720973E-3	1.956947E-3
0.000000E+0	0.000000E+0	0.000000E+0	0.000000E+0	5.484875E-3	3.696784E-3	1.956947E-3
0.000000E+0	0.000000E+0	0.000000E+0	0.000000E+0	5.309433E-3	3.696784E-3	1.956947E-3
0.000000E+0	0.000000E+0	0.000000E+0	0.000000E+0	5.348420E-3	3.696784E-3	1.956947E-3
0.000000E+0	0.000000E+0	0.000000E+0	0.000000E+0	5.299686E-3	2.720973E-3	1.956947E-3
0.000000E+0	0.000000E+0	0.000000E+0	0.000000E+0	5.211965E-3	3.696784E-3	1.956947E-3
0.000000E+0	0.000000E+0	0.000000E+0	0.000000E+0	5.231458E-3	2.720973E-3	1.956947E-3
0.000000E+0	0.000000E+0	0.000000E+0	0.000000E+0	5.211965E-3	3.696784E-3	1.956947E-3
0.000000E+0	0.000000E+0	0.000000E+0	0.000000E+0	5.124243E-3	2.720973E-3	1.956947E-3
0.000000E+0	0.000000E+0	0.000000E+0	0.000000E+0	5.143737E-3	3.696784E-3	1.956947E-3
0.000000E+0	0.000000E+0	0.000000E+0	0.000000E+0	4.997535E-3	2.720973E-3	1.956947E-3
0.000000E+0	0.000000E+0	0.000000E+0	0.000000E+0	5.026775E-3	2.720973E-3	1.956947E-3
0.000000E+0	0.000000E+0	0.000000E+0	0.000000E+0	5.046269E-3	2.720973E-3	1.956947E-3
0.000000E+0	0.000000E+0	0.000000E+0	0.000000E+0	4.968295E-3	2.720973E-3	1.956947E-3
0.000000E+0	0.000000E+0	0.000000E+0	0.000000E+0	4.948801E-3	2.720973E-3	1.956947E-3
0.000000E+0	0.000000E+0	0.000000E+0	0.000000E+0	4.919561E-3	2.720973E-3	1.956947E-3
0.000000E+0	0.000000E+0	0.000000E+0	0.000000E+0	4.939054E-3	2.720973E-3	1.956947E-3
0.000000E+0	0.000000E+0	0.000000E+0	0.000000E+0	4.890320E-3	2.720973E-3	1.956947E-3
0.000000E+0	0.000000E+0	0.000000E+0	0.000000E+0	4.909814E-3	3.696784E-3	1.956947E-3
0.000000E+0	0.000000E+0	0.000000E+0	0.000000E+0	4.870827E-3	2.720973E-3	1.956947E-3
0.000000E+0	0.000000E+0	0.000000E+0	0.000000E+0	4.890320E-3	2.720973E-3	1.956947E-3
0.000000E+0	0.000000E+0	0.000000E+0	0.000000E+0	4.861080E-3	2.720973E-3	1.956947E-3
0.000000E+0	0.000000E+0	0.000000E+0	0.000000E+0	4.870827E-3	2.720973E-3	1.956947E-3
0.000000E+0	0.000000E+0	0.000000E+0	0.000000E+0	4.851333E-3	2.720973E-3	1.956947E-3
0.000000E+0	0.000000E+0	0.000000E+0	0.000000E+0	4.861080E-3	2.720973E-3	1.956947E-3
0.000000E+0	0.000000E+0	0.000000E+0	0.000000E+0	4.841586E-3	2.720973E-3	1.956947E-3
0.000000E+0	0.000000E+0	0.000000E+0	0.000000E+0	4.851333E-3	2.720973E-3	1.956947E-3
0.000000E+0	0.000000E+0	0.000000E+0	0.000000E+0	4.831839E-3	2.720973E-3	1.956947E-3
0.000000E+0	0.000000E+0	0.000000E+0	0.000000E+0	4.802599E-3	2.720973E-3	1.956947E-3
0.000000E+0	0.000000E+0	0.000000E+0	0.000000E+0	4.822093E-3	2.720973E-3	1.956947E-3
0.000000E+0	0.000000E+0	0.000000E+0	0.000000E+0	4.773359E-3	2.720973E-3	1.956947E-3
0.000000E+0	0.000000E+0	0.000000E+0	0.000000E+0	4.783106E-3	2.720973E-3	1.956947E-3
0.000000E+0	0.000000E+0	0.000000E+0	0.000000E+0	4.792852E-3	2.720973E-3	1.956947E-3
0.000000E+0	0.000000E+0	0.000000E+0	0.000000E+0	4.773359E-3	2.720973E-3	1.956947E-3
0.000000E+0	0.000000E+0	0.000000E+0	0.000000E+0	4.724625E-3	2.720973E-3	1.956947E-3
0.000000E+0	0.000000E+0	0.000000E+0	0.000000E+0	4.705131E-3	2.720973E-3	1.956947E-3
0.000000E+0	0.000000E+0	0.000000E+0	0.000000E+0	4.607663E-3	2.720973E-3	1.956947E-3
0.000000E+0	0.000000E+0	0.000000E+0	0.000000E+0	4.627157E-3	2.720973E-3	1.956947E-3
0.000000E+0	0.000000E+0	0.000000E+0	0.000000E+0	4.529689E-3	2.720973E-3	1.956947E-3
0.000000E+0	0.000000E+0	0.000000E+0	0.000000E+0	4.627157E-3	2.720973E-3	1.956947E-3
0.000000E+0	0.000000E+0	0.000000E+0	0.000000E+0	4.607663E-3	2.720973E-3	1.956947E-3
0.000000E+0	0.000000E+0	0.000000E+0	0.000000E+0	4.490701E-3	2.720973E-3	1.956947E-3
0.000000E+0	0.000000E+0	0.000000E+0	0.000000E+0	4.480955E-3	2.720973E-3	1.956947E-3
0.000000E+0	0.000000E+0	0.000000E+0	0.000000E+0	4.471208E-3	2.720973E-3	1.956947E-3
0.000000E+0	0.000000E+0	0.000000E+0	0.000000E+0	4.412727E-3	2.720973E-3	1.956947E-3
0.000000E+0	0.000000E+0	0.000000E+0	0.000000E+0	4.393233E-3	3.696784E-3	1.956947E-3
0.000000E+0	0.000000E+0	0.000000E+0	0.000000E+0	4.422474E-3	2.720973E-3	1.956947E-3
0.000000E+0	0.000000E+0	0.000000E+0	0.000000E+0	4.315259E-3	2.720973E-3	1.956947E-3
0.000000E+0	0.000000E+0	0.000000E+0	0.000000E+0	4.344499E-3	2.720973E-3	1.956947E-3
0.000000E+0	0.000000E+0	0.000000E+0	0.000000E+0	4.227538E-3	2.720973E-3	1.956947E-3
0.000000E+0	0.000000E+0	0.000000E+0	0.000000E+0	4.295765E-3	2.720973E-3	1.956947E-3
0.000000E+0	0.000000E+0	0.000000E+0	0.000000E+0	4.217791E-3	2.720973E-3	1.956947E-3
0.000000E+0	0.000000E+0	0.000000E+0	0.000000E+0	4.198297E-3	2.720973E-3	9.784736E-4
0.000000E+0	0.000000E+0	0.000000E+0	0.000000E+0	4.139816E-3	2.720973E-3	1.956947E-3
0.000000E+0	0.000000E+0	0.000000E+0	0.000000E+0	4.110576E-3	2.720973E-3	1.956947E-3
0.000000E+0	0.000000E+0	0.000000E+0	0.000000E+0	4.110576E-3	2.720973E-3	1.956947E-3
0.000000E+0	0.000000E+0	0.000000E+0	0.000000E+0	4.081335E-3	2.720973E-3	1.956947E-3
0.000000E+0	0.000000E+0	0.000000E+0	0.000000E+0	4.061842E-3	2.720973E-3	1.956947E-3
0.000000E+0	0.000000E+0	0.000000E+0	0.000000E+0	4.022855E-3	2.720973E-3	1.956947E-3
0.000000E+0	0.000000E+0	0.000000E+0	0.000000E+0	3.974121E-3	2.720973E-3	1.956947E-3
0.000000E+0	0.000000E+0	0.000000E+0	0.000000E+0	4.013108E-3	2.720973E-3	1.956947E-3
0.000000E+0	0.000000E+0	0.000000E+0	0.000000E+0	4.013108E-3	2.720973E-3	1.956947E-3
0.000000E+0	0.000000E+0	0.000000E+0	0.000000E+0	3.964374E-3	2.720973E-3	1.956947E-3
0.000000E+0	0.000000E+0	0.000000E+0	0.000000E+0	3.935134E-3	2.720973E-3	1.956947E-3
0.000000E+0	0.000000E+0	0.000000E+0	0.000000E+0	3.964374E-3	2.720973E-3	1.956947E-3
0.000000E+0	0.000000E+0	0.000000E+0	0.000000E+0	3.905893E-3	2.720973E-3	1.956947E-3
0.000000E+0	0.000000E+0	0.000000E+0	0.000000E+0	3.974121E-3	2.720973E-3	1.956947E-3
0.000000E+0	0.000000E+0	0.000000E+0	0.000000E+0	3.925387E-3	2.720973E-3	9.784736E-4
0.000000E+0	0.000000E+0	0.000000E+0	0.000000E+0	3.935134E-3	2.720973E-3	1.956947E-3
0.000000E+0	0.000000E+0	0.000000E+0	0.000000E+0	3.886400E-3	2.720973E-3	9.784736E-4
0.000000E+0	0.000000E+0	0.000000E+0	0.000000E+0	3.915640E-3	1.745161E-3	1.956947E-3
0.000000E+0	0.000000E+0	0.000000E+0	0.000000E+0	3.896146E-3	2.720973E-3	1.956947E-3
0.000000E+0	0.000000E+0	0.000000E+0	0.000000E+0	3.886400E-3	2.720973E-3	9.784736E-4
0.000000E+0	0.000000E+0	0.000000E+0	0.000000E+0	3.876653E-3	2.720973E-3	1.956947E-3
0.000000E+0	0.000000E+0	0.000000E+0	0.000000E+0	3.886400E-3	2.720973E-3	1.956947E-3
0.000000E+0	0.000000E+0	0.000000E+0	0.000000E+0	3.896146E-3	2.720973E-3	1.956947E-3
0.000000E+0	0.000000E+0	0.000000E+0	0.000000E+0	3.876653E-3	2.720973E-3	9.784736E-4
0.000000E+0	0.000000E+0	0.000000E+0	0.000000E+0	3.866906E-3	1.745161E-3	9.784736E-4
0.000000E+0	0.000000E+0	0.000000E+0	0.000000E+0	3.886400E-3	2.720973E-3	9.784736E-4
0.000000E+0	0.000000E+0	0.000000E+0	0.000000E+0	3.886400E-3	1.745161E-3	1.956947E-3
0.000000E+0	0.000000E+0	0.000000E+0	0.000000E+0	3.866906E-3	2.720973E-3	1.956947E-3
0.000000E+0	0.000000E+0	0.000000E+0	0.000000E+0	3.857159E-3	2.720973E-3	1.956947E-3
0.000000E+0	0.000000E+0	0.000000E+0	0.000000E+0	3.847412E-3	2.720973E-3	1.956947E-3
0.000000E+0	0.000000E+0	0.000000E+0	0.000000E+0	3.866906E-3	2.720973E-3	1.956947E-3
0.000000E+0	0.000000E+0	0.000000E+0	0.000000E+0	3.866906E-3	2.720973E-3	1.956947E-3
0.000000E+0	0.000000E+0	0.000000E+0	0.000000E+0	3.857159E-3	2.720973E-3	9.784736E-4
0.000000E+0	0.000000E+0	0.000000E+0	0.000000E+0	3.857159E-3	1.745161E-3	1.956947E-3
0.000000E+0	0.000000E+0	0.000000E+0	0.000000E+0	3.827919E-3	1.745161E-3	1.956947E-3
0.000000E+0	0.000000E+0	0.000000E+0	0.000000E+0	3.847412E-3	1.745161E-3	1.956947E-3
0.000000E+0	0.000000E+0	0.000000E+0	0.000000E+0	3.779185E-3	1.745161E-3	1.956947E-3
0.000000E+0	0.000000E+0	0.000000E+0	0.000000E+0	3.740198E-3	2.720973E-3	1.956947E-3
0.000000E+0	0.000000E+0	0.000000E+0	0.000000E+0	3.818172E-3	1.745161E-3	1.956947E-3
0.000000E+0	0.000000E+0	0.000000E+0	0.000000E+0	3.779185E-3	2.720973E-3	1.956947E-3
0.000000E+0	0.000000E+0	0.000000E+0	0.000000E+0	3.759691E-3	1.745161E-3	1.956947E-3
0.000000E+0	0.000000E+0	0.000000E+0	0.000000E+0	3.730451E-3	2.720973E-3	9.784736E-4
0.000000E+0	0.000000E+0	0.000000E+0	0.000000E+0	3.759691E-3	2.720973E-3	1.956947E-3
0.000000E+0	0.000000E+0	0.000000E+0	0.000000E+0	3.710957E-3	1.745161E-3	9.784736E-4
0.000000E+0	0.000000E+0	0.000000E+0	0.000000E+0	3.642729E-3	2.720973E-3	9.784736E-4
0.000000E+0	0.000000E+0	0.000000E+0	0.000000E+0	3.642729E-3	2.720973E-3	1.956947E-3
0.000000E+0	0.000000E+0	0.000000E+0	0.000000E+0	3.681717E-3	2.720973E-3	9.784736E-4
0.000000E+0	0.000000E+0	0.000000E+0	0.000000E+0	3.642729E-3	2.720973E-3	9.784736E-4
0.000000E+0	0.000000E+0	0.000000E+0	0.000000E+0	3.584248E-3	2.720973E-3	9.784736E-4
0.000000E+0	0.000000E+0	0.000000E+0	0.000000E+0	3.564755E-3	1.745161E-3	9.784736E-4
0.000000E+0	0.000000E+0	0.000000E+0	0.000000E+0	3.525768E-3	2.720973E-3	9.784736E-4
0.000000E+0	0.000000E+0	0.000000E+0	0.000000E+0	3.467287E-3	2.720973E-3	9.784736E-4
0.000000E+0	0.000000E+0	0.000000E+0	0.000000E+0	3.496527E-3	2.720973E-3	9.784736E-4
0.000000E+0	0.000000E+0	0.000000E+0	0.000000E+0	3.506274E-3	2.720973E-3	9.784736E-4
0.000000E+0	0.000000E+0	0.000000E+0	0.000000E+0	3.399059E-3	1.745161E-3	9.784736E-4
0.000000E+0	0.000000E+0	0.000000E+0	0.000000E+0	3.477034E-3	1.745161E-3	1.956947E-3
0.000000E+0	0.000000E+0	0.000000E+0	0.000000E+0	3.389312E-3	1.745161E-3	1.956947E-3
0.000000E+0	0.000000E+0	0.000000E+0	0.000000E+0	3.360072E-3	1.745161E-3	1.956947E-3
0.000000E+0	0.000000E+0	0.000000E+0	0.000000E+0	3.301591E-3	1.745161E-3	9.784736E-4
0.000000E+0	0.000000E+0	0.000000E+0	0.000000E+0	3.291844E-3	1.745161E-3	9.784736E-4
0.000000E+0	0.000000E+0	0.000000E+0	0.000000E+0	3.272351E-3	1.745161E-3	9.784736E-4
0.000000E+0	0.000000E+0	0.000000E+0	0.000000E+0	3.223617E-3	1.745161E-3	9.784736E-4
0.000000E+0	0.000000E+0	0.000000E+0	0.000000E+0	3.330832E-3	1.745161E-3	1.956947E-3
0.000000E+0	0.000000E+0	0.000000E+0	0.000000E+0	3.233364E-3	1.745161E-3	9.784736E-4
0.000000E+0	0.000000E+0	0.000000E+0	0.000000E+0	3.174883E-3	1.745161E-3	9.784736E-4
0.000000E+0	0.000000E+0	0.000000E+0	0.000000E+0	3.272351E-3	1.745161E-3	9.784736E-4
0.000000E+0	0.000000E+0	0.000000E+0	0.000000E+0	3.204123E-3	2.720973E-3	1.956947E-3
0.000000E+0	0.000000E+0	0.000000E+0	0.000000E+0	3.184630E-3	2.720973E-3	1.956947E-3
0.000000E+0	0.000000E+0	0.000000E+0	0.000000E+0	3.126149E-3	1.745161E-3	9.784736E-4
0.000000E+0	0.000000E+0	0.000000E+0	0.000000E+0	3.135896E-3	1.745161E-3	9.784736E-4
0.000000E+0	0.000000E+0	0.000000E+0	0.000000E+0	3.096908E-3	1.745161E-3	9.784736E-4
0.000000E+0	0.000000E+0	0.000000E+0	0.000000E+0	3.116402E-3	1.745161E-3	1.956947E-3
0.000000E+0	0.000000E+0	0.000000E+0	0.000000E+0	3.106655E-3	2.720973E-3	1.956947E-3
0.000000E+0	0.000000E+0	0.000000E+0	0.000000E+0	3.057921E-3	1.745161E-3	9.784736E-4
0.000000E+0	0.000000E+0	0.000000E+0	0.000000E+0	2.970200E-3	1.745161E-3	9.784736E-4
0.000000E+0	0.000000E+0	0.000000E+0	0.000000E+0	2.989694E-3	2.720973E-3	9.784736E-4
0.000000E+0	0.000000E+0	0.000000E+0	0.000000E+0	3.009187E-3	1.745161E-3	9.784736E-4
0.000000E+0	0.000000E+0	0.000000E+0	0.000000E+0	3.038428E-3	1.745161E-3	9.784736E-4
0.000000E+0	0.000000E+0	0.000000E+0	0.000000E+0	2.989694E-3	2.720973E-3	1.956947E-3
0.000000E+0	0.000000E+0	0.000000E+0	0.000000E+0	2.970200E-3	1.745161E-3	9.784736E-4
0.000000E+0	0.000000E+0	0.000000E+0	0.000000E+0	2.950706E-3	1.745161E-3	9.784736E-4
0.000000E+0	0.000000E+0	0.000000E+0	0.000000E+0	2.989694E-3	1.745161E-3	9.784736E-4
0.000000E+0	0.000000E+0	0.000000E+0	0.000000E+0	2.970200E-3	1.745161E-3	9.784736E-4
0.000000E+0	0.000000E+0	0.000000E+0	0.000000E+0	2.970200E-3	1.745161E-3	1.956947E-3
0.000000E+0	0.000000E+0	0.000000E+0	0.000000E+0	2.989694E-3	1.745161E-3	1.956947E-3
0.000000E+0	0.000000E+0	0.000000E+0	0.000000E+0	2.970200E-3	1.745161E-3	9.784736E-4
0.000000E+0	0.000000E+0	0.000000E+0	0.000000E+0	2.950706E-3	1.745161E-3	9.784736E-4
0.000000E+0	0.000000E+0	0.000000E+0	0.000000E+0	2.931213E-3	1.745161E-3	9.784736E-4
0.000000E+0	0.000000E+0	0.000000E+0	0.000000E+0	2.911719E-3	1.745161E-3	1.956947E-3
0.000000E+0	0.000000E+0	0.000000E+0	0.000000E+0	2.921466E-3	1.745161E-3	9.784736E-4
0.000000E+0	0.000000E+0	0.000000E+0	0.000000E+0	2.911719E-3	1.745161E-3	9.784736E-4
0.000000E+0	0.000000E+0	0.000000E+0	0.000000E+0	2.921466E-3	1.745161E-3	9.784736E-4
0.000000E+0	0.000000E+0	0.000000E+0	0.000000E+0	2.921466E-3	2.720973E-3	9.784736E-4
0.000000E+0	0.000000E+0	0.000000E+0	0.000000E+0	2.931213E-3	1.745161E-3	9.784736E-4
0.000000E+0	0.000000E+0	0.000000E+0	0.000000E+0	2.931213E-3	1.745161E-3	9.784736E-4
0.000000E+0	0.000000E+0	0.000000E+0	0.000000E+0	2.911719E-3	1.745161E-3	9.784736E-4
0.000000E+0	0.000000E+0	0.000000E+0	0.000000E+0	2.931213E-3	1.745161E-3	9.784736E-4
0.000000E+0	0.000000E+0	0.000000E+0	0.000000E+0	2.921466E-3	1.745161E-3	9.784736E-4
0.000000E+0	0.000000E+0	0.000000E+0	0.000000E+0	2.931213E-3	1.745161E-3	1.956947E-3
0.000000E+0	0.000000E+0	0.000000E+0	0.000000E+0	2.911719E-3	1.745161E-3	9.784736E-4
0.000000E+0	0.000000E+0	0.000000E+0	0.000000E+0	2.911719E-3	1.745161E-3	9.784736E-4
0.000000E+0	0.000000E+0	0.000000E+0	0.000000E+0	2.911719E-3	1.745161E-3	9.784736E-4
0.000000E+0	0.000000E+0	0.000000E+0	0.000000E+0	2.901972E-3	1.745161E-3	9.784736E-4
0.000000E+0	0.000000E+0	0.000000E+0	0.000000E+0	2.901972E-3	1.745161E-3	1.956947E-3
0.000000E+0	0.000000E+0	0.000000E+0	0.000000E+0	2.911719E-3	1.745161E-3	9.784736E-4
0.000000E+0	0.000000E+0	0.000000E+0	0.000000E+0	2.901972E-3	1.745161E-3	1.956947E-3
0.000000E+0	0.000000E+0	0.000000E+0	0.000000E+0	2.901972E-3	1.745161E-3	9.784736E-4
0.000000E+0	0.000000E+0	0.000000E+0	0.000000E+0	2.901972E-3	1.745161E-3	9.784736E-4
0.000000E+0	0.000000E+0	0.000000E+0	0.000000E+0	2.882479E-3	1.745161E-3	9.784736E-4
0.000000E+0	0.000000E+0	0.000000E+0	0.000000E+0	2.892226E-3	1.745161E-3	1.956947E-3
0.000000E+0	0.000000E+0	0.000000E+0	0.000000E+0	2.892226E-3	1.745161E-3	9.784736E-4
0.000000E+0	0.000000E+0	0.000000E+0	0.000000E+0	2.862985E-3	1.745161E-3	9.784736E-4
0.000000E+0	0.000000E+0	0.000000E+0	0.000000E+0	2.862985E-3	1.745161E-3	9.784736E-4
0.000000E+0	0.000000E+0	0.000000E+0	0.000000E+0	2.872732E-3	1.745161E-3	9.784736E-4
0.000000E+0	0.000000E+0	0.000000E+0	0.000000E+0	2.892226E-3	1.745161E-3	9.784736E-4
0.000000E+0	0.000000E+0	0.000000E+0	0.000000E+0	2.872732E-3	1.745161E-3	1.956947E-3
0.000000E+0	0.000000E+0	0.000000E+0	0.000000E+0	2.853238E-3	1.745161E-3	9.784736E-4
0.000000E+0	0.000000E+0	0.000000E+0	0.000000E+0	2.853238E-3	1.745161E-3	1.956947E-3
0.000000E+0	0.000000E+0	0.000000E+0	0.000000E+0	2.882479E-3	1.745161E-3	9.784736E-4
0.000000E+0	0.000000E+0	0.000000E+0	0.000000E+0	2.833745E-3	1.745161E-3	9.784736E-4
0.000000E+0	0.000000E+0	0.000000E+0	0.000000E+0	2.843492E-3	1.745161E-3	9.784736E-4
0.000000E+0	0.000000E+0	0.000000E+0	0.000000E+0	2.814251E-3	1.745161E-3	9.784736E-4
0.000000E+0	0.000000E+0	0.000000E+0	0.000000E+0	2.794757E-3	1.745161E-3	9.784736E-4
0.000000E+0	0.000000E+0	0.000000E+0	0.000000E+0	2.804504E-3	1.745161E-3	9.784736E-4
0.000000E+0	0.000000E+0	0.000000E+0	0.000000E+0	2.823998E-3	1.745161E-3	9.784736E-4
0.000000E+0	0.000000E+0	0.000000E+0	0.000000E+0	2.785011E-3	1.745161E-3	9.784736E-4
0.000000E+0	0.000000E+0	0.000000E+0	0.000000E+0	2.794757E-3	1.745161E-3	9.784736E-4
0.000000E+0	0.000000E+0	0.000000E+0	0.000000E+0	2.716783E-3	1.745161E-3	9.784736E-4
0.000000E+0	0.000000E+0	0.000000E+0	0.000000E+0	2.882479E-3	1.745161E-3	9.784736E-4
0.000000E+0	0.000000E+0	0.000000E+0	0.000000E+0	2.775264E-3	1.745161E-3	9.784736E-4
0.000000E+0	0.000000E+0	0.000000E+0	0.000000E+0	2.755770E-3	1.745161E-3	9.784736E-4
0.000000E+0	0.000000E+0	0.000000E+0	0.000000E+0	2.746023E-3	1.745161E-3	9.784736E-4
0.000000E+0	0.000000E+0	0.000000E+0	0.000000E+0	2.736277E-3	1.745161E-3	9.784736E-4
0.000000E+0	0.000000E+0	0.000000E+0	0.000000E+0	2.677796E-3	1.745161E-3	9.784736E-4
0.000000E+0	0.000000E+0	0.000000E+0	0.000000E+0	2.716783E-3	1.745161E-3	1.956947E-3
0.000000E+0	0.000000E+0	0.000000E+0	0.000000E+0	2.746023E-3	1.745161E-3	9.784736E-4
0.000000E+0	0.000000E+0	0.000000E+0	0.000000E+0	2.707036E-3	1.745161E-3	9.784736E-4
0.000000E+0	0.000000E+0	0.000000E+0	0.000000E+0	2.716783E-3	1.745161E-3	9.784736E-4
0.000000E+0	0.000000E+0	0.000000E+0	0.000000E+0	2.707036E-3	1.745161E-3	9.784736E-4
0.000000E+0	0.000000E+0	0.000000E+0	0.000000E+0	2.648555E-3	1.745161E-3	9.784736E-4
0.000000E+0	0.000000E+0	0.000000E+0	0.000000E+0	2.677796E-3	1.745161E-3	9.784736E-4
0.000000E+0	0.000000E+0	0.000000E+0	0.000000E+0	2.648555E-3	1.745161E-3	9.784736E-4
0.000000E+0	0.000000E+0	0.000000E+0	0.000000E+0	2.638809E-3	1.745161E-3	9.784736E-4
0.000000E+0	0.000000E+0	0.000000E+0	0.000000E+0	2.590075E-3	1.745161E-3	9.784736E-4
0.000000E+0	0.000000E+0	0.000000E+0	0.000000E+0	2.521847E-3	1.745161E-3	9.784736E-4
0.000000E+0	0.000000E+0	0.000000E+0	0.000000E+0	2.560834E-3	1.745161E-3	9.784736E-4
0.000000E+0	0.000000E+0	0.000000E+0	0.000000E+0	2.570581E-3	7.693501E-4	9.784736E-4
0.000000E+0	0.000000E+0	0.000000E+0	0.000000E+0	2.512100E-3	1.745161E-3	9.784736E-4
0.000000E+0	0.000000E+0	0.000000E+0	0.000000E+0	2.531594E-3	1.745161E-3	9.784736E-4
0.000000E+0	0.000000E+0	0.000000E+0	0.000000E+0	2.580328E-3	7.693501E-4	9.784736E-4
0.000000E+0	0.000000E+0	0.000000E+0	0.000000E+0	2.492607E-3	1.745161E-3	9.784736E-4
0.000000E+0	0.000000E+0	0.000000E+0	0.000000E+0	2.492607E-3	1.745161E-3	9.784736E-4
0.000000E+0	0.000000E+0	0.000000E+0	0.000000E+0	2.560834E-3	1.745161E-3	9.784736E-4
0.000000E+0	0.000000E+0	0.000000E+0	0.000000E+0	2.434126E-3	1.745161E-3	9.784736E-4
0.000000E+0	0.000000E+0	0.000000E+0	0.000000E+0	2.473113E-3	1.745161E-3	9.784736E-4
0.000000E+0	0.000000E+0	0.000000E+0	0.000000E+0	2.356151E-3	1.745161E-3	9.784736E-4
0.000000E+0	0.000000E+0	0.000000E+0	0.000000E+0	2.375645E-3	1.745161E-3	9.784736E-4
0.000000E+0	0.000000E+0	0.000000E+0	0.000000E+0	2.365898E-3	1.745161E-3	9.784736E-4
0.000000E+0	0.000000E+0	0.000000E+0	0.000000E+0	2.424379E-3	1.745161E-3	9.784736E-4
0.000000E+0	0.000000E+0	0.000000E+0	0.000000E+0	2.307417E-3	1.745161E-3	9.784736E-4
0.000000E+0	0.000000E+0	0.000000E+0	0.000000E+0	2.365898E-3	1.745161E-3	9.784736E-4
0.000000E+0	0.000000E+0	0.000000E+0	0.000000E+0	2.434126E-3	1.745161E-3	9.784736E-4
0.000000E+0	0.000000E+0	0.000000E+0	0.000000E+0	2.395139E-3	1.745161E-3	9.784736E-4
0.000000E+0	0.000000E+0	0.000000E+0	0.000000E+0	2.297671E-3	1.745161E-3	9.784736E-4
0.000000E+0	0.000000E+0	0.000000E+0	0.000000E+0	2.336658E-3	1.745161E-3	9.784736E-4
0.000000E+0	0.000000E+0	0.000000E+0	0.000000E+0	2.336658E-3	1.745161E-3	9.784736E-4
0.000000E+0	0.000000E+0	0.000000E+0	0.000000E+0	2.317164E-3	1.745161E-3	9.784736E-4
0.000000E+0	0.000000E+0	0.000000E+0	0.000000E+0	2.258683E-3	1.745161E-3	9.784736E-4
0.000000E+0	0.000000E+0	0.000000E+0	0.000000E+0	2.229443E-3	1.745161E-3	9.784736E-4
0.000000E+0	0.000000E+0	0.000000E+0	0.000000E+0	2.239190E-3	1.745161E-3	0.000000E+0
0.000000E+0	0.000000E+0	0.000000E+0	0.000000E+0	2.346405E-3	1.745161E-3	9.784736E-4
0.000000E+0	0.000000E+0	0.000000E+0	0.000000E+0	2.258683E-3	1.745161E-3	9.784736E-4
0.000000E+0	0.000000E+0	0.000000E+0	0.000000E+0	2.209949E-3	1.745161E-3	9.784736E-4
0.000000E+0	0.000000E+0	0.000000E+0	0.000000E+0	2.248937E-3	1.745161E-3	9.784736E-4
0.000000E+0	0.000000E+0	0.000000E+0	0.000000E+0	2.200203E-3	1.745161E-3	9.784736E-4
0.000000E+0	0.000000E+0	0.000000E+0	0.000000E+0	2.200203E-3	1.745161E-3	9.784736E-4
0.000000E+0	0.000000E+0	0.000000E+0	0.000000E+0	2.122228E-3	1.745161E-3	9.784736E-4
0.000000E+0	0.000000E+0	0.000000E+0	0.000000E+0	2.170962E-3	1.745161E-3	9.784736E-4
0.000000E+0	0.000000E+0	0.000000E+0	0.000000E+0	2.161215E-3	1.745161E-3	9.784736E-4
0.000000E+0	0.000000E+0	0.000000E+0	0.000000E+0	2.151469E-3	1.745161E-3	9.784736E-4
0.000000E+0	0.000000E+0	0.000000E+0	0.000000E+0	2.122228E-3	7.693501E-4	9.784736E-4
0.000000E+0	0.000000E+0	0.000000E+0	0.000000E+0	2.170962E-3	1.745161E-3	9.784736E-4
0.000000E+0	0.000000E+0	0.000000E+0	0.000000E+0	2.161215E-3	1.745161E-3	9.784736E-4
0.000000E+0	0.000000E+0	0.000000E+0	0.000000E+0	2.054001E-3	7.693501E-4	9.784736E-4
0.000000E+0	0.000000E+0	0.000000E+0	0.000000E+0	2.073494E-3	1.745161E-3	9.784736E-4
0.000000E+0	0.000000E+0	0.000000E+0	0.000000E+0	2.073494E-3	7.693501E-4	9.784736E-4
0.000000E+0	0.000000E+0	0.000000E+0	0.000000E+0	2.122228E-3	1.745161E-3	9.784736E-4
0.000000E+0	0.000000E+0	0.000000E+0	0.000000E+0	2.044254E-3	1.745161E-3	9.784736E-4
0.000000E+0	0.000000E+0	0.000000E+0	0.000000E+0	2.044254E-3	1.745161E-3	9.784736E-4
0.000000E+0	0.000000E+0	0.000000E+0	0.000000E+0	2.054001E-3	1.745161E-3	9.784736E-4
0.000000E+0	0.000000E+0	0.000000E+0	0.000000E+0	2.083241E-3	1.745161E-3	9.784736E-4
0.000000E+0	0.000000E+0	0.000000E+0	0.000000E+0	2.073494E-3	1.745161E-3	9.784736E-4
0.000000E+0	0.000000E+0	0.000000E+0	0.000000E+0	2.054001E-3	1.745161E-3	9.784736E-4
0.000000E+0	0.000000E+0	0.000000E+0	0.000000E+0	2.015013E-3	1.745161E-3	9.784736E-4
0.000000E+0	0.000000E+0	0.000000E+0	0.000000E+0	2.015013E-3	1.745161E-3	9.784736E-4
0.000000E+0	0.000000E+0	0.000000E+0	0.000000E+0	2.005266E-3	1.745161E-3	9.784736E-4
0.000000E+0	0.000000E+0	0.000000E+0	0.000000E+0	2.024760E-3	1.745161E-3	9.784736E-4
0.000000E+0	0.000000E+0	0.000000E+0	0.000000E+0	2.034507E-3	7.693501E-4	9.784736E-4
0.000000E+0	0.000000E+0	0.000000E+0	0.000000E+0	2.015013E-3	1.745161E-3	9.784736E-4
0.000000E+0	0.000000E+0	0.000000E+0	0.000000E+0	2.005266E-3	1.745161E-3	9.784736E-4
0.000000E+0	0.000000E+0	0.000000E+0	0.000000E+0	1.985773E-3	1.745161E-3	9.784736E-4
0.000000E+0	0.000000E+0	0.000000E+0	0.000000E+0	1.995520E-3	1.745161E-3	9.784736E-4
0.000000E+0	0.000000E+0	0.000000E+0	0.000000E+0	1.995520E-3	1.745161E-3	9.784736E-4
0.000000E+0	0.000000E+0	0.000000E+0	0.000000E+0	1.995520E-3	1.745161E-3	9.784736E-4
0.000000E+0	0.000000E+0	0.000000E+0	0.000000E+0	2.005266E-3	1.745161E-3	9.784736E-4
0.000000E+0	0.000000E+0	0.000000E+0	0.000000E+0	2.005266E-3	1.745161E-3	9.784736E-4
0.000000E+0	0.000000E+0	0.000000E+0	0.000000E+0	1.966279E-3	1.745161E-3	9.784736E-4
0.000000E+0	0.000000E+0	0.000000E+0	0.000000E+0	1.956532E-3	1.745161E-3	9.784736E-4
0.000000E+0	0.000000E+0	0.000000E+0	0.000000E+0	1.966279E-3	1.745161E-3	9.784736E-4
0.000000E+0	0.000000E+0	0.000000E+0	0.000000E+0	1.966279E-3	1.745161E-3	9.784736E-4
0.000000E+0	0.000000E+0	0.000000E+0	0.000000E+0	1.976026E-3	7.693501E-4	9.784736E-4
0.000000E+0	0.000000E+0	0.000000E+0	0.000000E+0	1.966279E-3	1.745161E-3	9.784736E-4
0.000000E+0	0.000000E+0	0.000000E+0	0.000000E+0	1.956532E-3	7.693501E-4	9.784736E-4
0.000000E+0	0.000000E+0	0.000000E+0	0.000000E+0	1.966279E-3	1.745161E-3	9.784736E-4
0.000000E+0	0.000000E+0	0.000000E+0	0.000000E+0	1.985773E-3	1.745161E-3	9.784736E-4
0.000000E+0	0.000000E+0	0.000000E+0	0.000000E+0	1.985773E-3	1.745161E-3	9.784736E-4
0.000000E+0	0.000000E+0	0.000000E+0	0.000000E+0	1.966279E-3	1.745161E-3	9.784736E-4
0.000000E+0	0.000000E+0	0.000000E+0	0.000000E+0	1.966279E-3	1.745161E-3	9.784736E-4
0.000000E+0	0.000000E+0	0.000000E+0	0.000000E+0	1.966279E-3	7.693501E-4	9.784736E-4
0.000000E+0	0.000000E+0	0.000000E+0	0.000000E+0	1.937039E-3	1.745161E-3	0.000000E+0
0.000000E+0	0.000000E+0	0.000000E+0	0.000000E+0	1.976026E-3	1.745161E-3	9.784736E-4
0.000000E+0	0.000000E+0	0.000000E+0	0.000000E+0	1.966279E-3	1.745161E-3	9.784736E-4
0.000000E+0	0.000000E+0	0.000000E+0	0.000000E+0	1.956532E-3	7.693501E-4	9.784736E-4
0.000000E+0	0.000000E+0	0.000000E+0	0.000000E+0	1.966279E-3	1.745161E-3	9.784736E-4
0.000000E+0	0.000000E+0	0.000000E+0	0.000000E+0	1.927292E-3	7.693501E-4	9.784736E-4
0.000000E+0	0.000000E+0	0.000000E+0	0.000000E+0	1.898052E-3	7.693501E-4	9.784736E-4
0.000000E+0	0.000000E+0	0.000000E+0	0.000000E+0	1.946786E-3	7.693501E-4	9.784736E-4
0.000000E+0	0.000000E+0	0.000000E+0	0.000000E+0	1.937039E-3	7.693501E-4	9.784736E-4
0.000000E+0	0.000000E+0	0.000000E+0	0.000000E+0	1.956532E-3	1.745161E-3	9.784736E-4
0.000000E+0	0.000000E+0	0.000000E+0	0.000000E+0	1.946786E-3	7.693501E-4	0.000000E+0
0.000000E+0	0.000000E+0	0.000000E+0	0.000000E+0	1.966279E-3	1.745161E-3	9.784736E-4
0.000000E+0	0.000000E+0	0.000000E+0	0.000000E+0	1.927292E-3	1.745161E-3	9.784736E-4
0.000000E+0	0.000000E+0	0.000000E+0	0.000000E+0	1.937039E-3	1.745161E-3	9.784736E-4
0.000000E+0	0.000000E+0	0.000000E+0	0.000000E+0	1.937039E-3	1.745161E-3	9.784736E-4
0.000000E+0	0.000000E+0	0.000000E+0	0.000000E+0	1.927292E-3	1.745161E-3	9.784736E-4
0.000000E+0	0.000000E+0	0.000000E+0	0.000000E+0	1.927292E-3	7.693501E-4	9.784736E-4
0.000000E+0	0.000000E+0	0.000000E+0	0.000000E+0	1.937039E-3	7.693501E-4	9.784736E-4
0.000000E+0	0.000000E+0	0.000000E+0	0.000000E+0	1.927292E-3	1.745161E-3	9.784736E-4
0.000000E+0	0.000000E+0	0.000000E+0	0.000000E+0	1.917545E-3	1.745161E-3	9.784736E-4
0.000000E+0	0.000000E+0	0.000000E+0	0.000000E+0	1.917545E-3	1.745161E-3	9.784736E-4
0.000000E+0	0.000000E+0	0.000000E+0	0.000000E+0	1.917545E-3	1.745161E-3	9.784736E-4
0.000000E+0	0.000000E+0	0.000000E+0	0.000000E+0	1.917545E-3	7.693501E-4	9.784736E-4
0.000000E+0	0.000000E+0	0.000000E+0	0.000000E+0	1.937039E-3	1.745161E-3	9.784736E-4
0.000000E+0	0.000000E+0	0.000000E+0	0.000000E+0	1.907798E-3	7.693501E-4	9.784736E-4
0.000000E+0	0.000000E+0	0.000000E+0	0.000000E+0	1.927292E-3	1.745161E-3	9.784736E-4
0.000000E+0	0.000000E+0	0.000000E+0	0.000000E+0	1.937039E-3	1.745161E-3	9.784736E-4
0.000000E+0	0.000000E+0	0.000000E+0	0.000000E+0	1.937039E-3	1.745161E-3	0.000000E+0
0.000000E+0	0.000000E+0	0.000000E+0	0.000000E+0	1.927292E-3	1.745161E-3	9.784736E-4
0.000000E+0	0.000000E+0	0.000000E+0	0.000000E+0	1.917545E-3	7.693501E-4	9.784736E-4
0.000000E+0	0.000000E+0	0.000000E+0	0.000000E+0	1.937039E-3	7.693501E-4	9.784736E-4
0.000000E+0	0.000000E+0	0.000000E+0	0.000000E+0	1.907798E-3	1.745161E-3	0.000000E+0
0.000000E+0	0.000000E+0	0.000000E+0	0.000000E+0	1.927292E-3	1.745161E-3	9.784736E-4
0.000000E+0	0.000000E+0	0.000000E+0	0.000000E+0	1.927292E-3	1.745161E-3	9.784736E-4
0.000000E+0	0.000000E+0	0.000000E+0	0.000000E+0	1.898052E-3	7.693501E-4	9.784736E-4
0.000000E+0	0.000000E+0	0.000000E+0	0.000000E+0	1.917545E-3	7.693501E-4	9.784736E-4
0.000000E+0	0.000000E+0	0.000000E+0	0.000000E+0	1.888305E-3	1.745161E-3	9.784736E-4
0.000000E+0	0.000000E+0	0.000000E+0	0.000000E+0	1.888305E-3	1.745161E-3	9.784736E-4
0.000000E+0	0.000000E+0	0.000000E+0	0.000000E+0	1.907798E-3	1.745161E-3	9.784736E-4
0.000000E+0	0.000000E+0	0.000000E+0	0.000000E+0	1.917545E-3	7.693501E-4	9.784736E-4
0.000000E+0	0.000000E+0	0.000000E+0	0.000000E+0	1.888305E-3	7.693501E-4	9.784736E-4
0.000000E+0	0.000000E+0	0.000000E+0	0.000000E+0	1.907798E-3	7.693501E-4	9.784736E-4
0.000000E+0	0.000000E+0	0.000000E+0	0.000000E+0	1.898052E-3	1.745161E-3	9.784736E-4
0.000000E+0	0.000000E+0	0.000000E+0	0.000000E+0	1.888305E-3	7.693501E-4	9.784736E-4
0.000000E+0	0.000000E+0	0.000000E+0	0.000000E+0	1.859064E-3	1.745161E-3	9.784736E-4
0.000000E+0	0.000000E+0	0.000000E+0	0.000000E+0	1.888305E-3	1.745161E-3	9.784736E-4
0.000000E+0	0.000000E+0	0.000000E+0	0.000000E+0	1.829824E-3	1.745161E-3	9.784736E-4
0.000000E+0	0.000000E+0	0.000000E+0	0.000000E+0	1.868811E-3	1.745161E-3	9.784736E-4
0.000000E+0	0.000000E+0	0.000000E+0	0.000000E+0	1.868811E-3	7.693501E-4	0.000000E+0
0.000000E+0	0.000000E+0	0.000000E+0	0.000000E+0	1.868811E-3	7.693501E-4	9.784736E-4
0.000000E+0	0.000000E+0	0.000000E+0	0.000000E+0	1.859064E-3	1.745161E-3	9.784736E-4
0.000000E+0	0.000000E+0	0.000000E+0	0.000000E+0	1.888305E-3	1.745161E-3	0.000000E+0
0.000000E+0	0.000000E+0	0.000000E+0	0.000000E+0	1.859064E-3	7.693501E-4	9.784736E-4
0.000000E+0	0.000000E+0	0.000000E+0	0.000000E+0	1.859064E-3	1.745161E-3	9.784736E-4
0.000000E+0	0.000000E+0	0.000000E+0	0.000000E+0	1.888305E-3	1.745161E-3	9.784736E-4
0.000000E+0	0.000000E+0	0.000000E+0	0.000000E+0	1.859064E-3	7.693501E-4	9.784736E-4
0.000000E+0	0.000000E+0	0.000000E+0	0.000000E+0	1.820077E-3	1.745161E-3	9.784736E-4
0.000000E+0	0.000000E+0	0.000000E+0	0.000000E+0	1.878558E-3	7.693501E-4	9.784736E-4
0.000000E+0	0.000000E+0	0.000000E+0	0.000000E+0	1.829824E-3	1.745161E-3	9.784736E-4
0.000000E+0	0.000000E+0	0.000000E+0	0.000000E+0	1.859064E-3	1.745161E-3	9.784736E-4
0.000000E+0	0.000000E+0	0.000000E+0	0.000000E+0	1.829824E-3	7.693501E-4	9.784736E-4
0.000000E+0	0.000000E+0	0.000000E+0	0.000000E+0	1.888305E-3	7.693501E-4	9.784736E-4
0.000000E+0	0.000000E+0	0.000000E+0	0.000000E+0	1.859064E-3	7.693501E-4	9.784736E-4
0.000000E+0	0.000000E+0	0.000000E+0	0.000000E+0	1.820077E-3	1.745161E-3	9.784736E-4
0.000000E+0	0.000000E+0	0.000000E+0	0.000000E+0	1.810330E-3	1.745161E-3	9.784736E-4
0.000000E+0	0.000000E+0	0.000000E+0	0.000000E+0	1.859064E-3	7.693501E-4	9.784736E-4
0.000000E+0	0.000000E+0	0.000000E+0	0.000000E+0	1.790837E-3	1.745161E-3	9.784736E-4
0.000000E+0	0.000000E+0	0.000000E+0	0.000000E+0	1.839571E-3	1.745161E-3	0.000000E+0
0.000000E+0	0.000000E+0	0.000000E+0	0.000000E+0	1.839571E-3	7.693501E-4	9.784736E-4
0.000000E+0	0.000000E+0	0.000000E+0	0.000000E+0	1.888305E-3	7.693501E-4	9.784736E-4
0.000000E+0	0.000000E+0	0.000000E+0	0.000000E+0	1.781090E-3	7.693501E-4	9.784736E-4
0.000000E+0	0.000000E+0	0.000000E+0	0.000000E+0	1.761596E-3	1.745161E-3	9.784736E-4
0.000000E+0	0.000000E+0	0.000000E+0	0.000000E+0	1.771343E-3	1.745161E-3	0.000000E+0
0.000000E+0	0.000000E+0	0.000000E+0	0.000000E+0	1.781090E-3	7.693501E-4	9.784736E-4
0.000000E+0	0.000000E+0	0.000000E+0	0.000000E+0	1.800583E-3	7.693501E-4	9.784736E-4
