This is a log file of a temperture control run being done in Physics 350. It records the temperature, power, the control bandwidth, and settle bandwidth parameters versus time.

11/10/2014
12:58 PM

DDD

Temp	Power	Setpoint	C. band	S. Band	Settle time
24.010	0.676	30.000	4.000	1.000	30.000
24.011	0.965	30.000	4.000	1.000	30.000
24.054	0.956	30.000	4.000	1.000	30.000
24.153	0.944	30.000	4.000	1.000	30.000
24.297	0.931	30.000	4.000	1.000	30.000
24.473	0.923	30.000	4.000	1.000	30.000
24.675	0.918	30.000	4.000	1.000	30.000
24.897	0.912	30.000	4.000	1.000	30.000
25.137	0.908	30.000	4.000	1.000	30.000
25.392	0.905	30.000	4.000	1.000	30.000
25.659	0.900	30.000	4.000	1.000	30.000
25.936	0.898	30.000	4.000	1.000	30.000
26.221	0.896	30.000	4.000	1.000	30.000
26.515	0.893	30.000	4.000	1.000	30.000
26.817	0.893	30.000	4.000	1.000	30.000
27.124	0.891	30.000	4.000	1.000	30.000
27.439	0.889	30.000	4.000	1.000	30.000
27.758	0.888	30.000	4.000	1.000	30.000
28.079	0.878	30.000	4.000	1.000	30.000
28.403	0.824	30.000	4.000	1.000	30.000
28.733	0.751	30.000	4.000	1.000	30.000
29.052	0.678	30.000	4.000	1.000	30.000
29.373	0.603	30.000	4.000	1.000	30.000
29.682	0.531	30.000	4.000	1.000	30.000
29.978	0.465	30.000	4.000	1.000	30.000
30.261	0.396	30.000	4.000	1.000	30.000
30.530	0.333	30.000	4.000	1.000	30.000
30.779	0.273	30.000	4.000	1.000	30.000
31.008	0.219	30.000	4.000	1.000	30.000
31.221	0.164	30.000	4.000	1.000	30.000
31.411	0.122	30.000	4.000	1.000	30.000
31.581	0.072	30.000	4.000	1.000	30.000
31.729	0.032	30.000	4.000	1.000	30.000
31.858	0.002	30.000	4.000	1.000	30.000
31.970	0.000	30.000	4.000	1.000	30.000
32.065	0.000	30.000	4.000	1.000	30.000
32.142	0.000	30.000	4.000	1.000	30.000
32.205	0.000	30.000	4.000	1.000	30.000
32.256	0.000	30.000	4.000	1.000	30.000
32.297	0.000	30.000	4.000	1.000	30.000
32.327	0.000	30.000	4.000	1.000	30.000
32.347	0.000	30.000	4.000	1.000	30.000
32.359	0.000	30.000	4.000	1.000	30.000
32.364	0.458	40.000	4.000	1.000	30.000
32.364	0.964	40.000	4.000	1.000	30.000
32.392	0.959	40.000	4.000	1.000	30.000
32.469	0.950	40.000	4.000	1.000	30.000
32.583	0.940	40.000	4.000	1.000	30.000
32.726	0.931	40.000	4.000	1.000	30.000
32.889	0.926	40.000	4.000	1.000	30.000
33.070	0.921	40.000	4.000	1.000	30.000
33.265	0.917	40.000	4.000	1.000	30.000
33.473	0.914	40.000	4.000	1.000	30.000
33.692	0.911	40.000	4.000	1.000	30.000
33.919	0.910	40.000	4.000	1.000	30.000
34.157	0.908	40.000	4.000	1.000	30.000
34.402	0.905	40.000	4.000	1.000	30.000
34.654	0.903	40.000	4.000	1.000	30.000
34.910	0.902	40.000	4.000	1.000	30.000
35.169	0.901	40.000	4.000	1.000	30.000
35.432	0.901	40.000	4.000	1.000	30.000
35.697	0.901	40.000	4.000	1.000	30.000
35.966	0.899	40.000	4.000	1.000	30.000
36.237	0.898	40.000	4.000	1.000	30.000
36.511	0.898	40.000	4.000	1.000	30.000
36.786	0.898	40.000	4.000	1.000	30.000
37.062	0.898	40.000	4.000	1.000	30.000
37.340	0.898	40.000	4.000	1.000	30.000
37.618	0.898	40.000	4.000	1.000	30.000
37.896	0.898	40.000	4.000	1.000	30.000
38.172	0.873	40.000	4.000	1.000	30.000
38.449	0.820	40.000	4.000	1.000	30.000
38.727	0.759	40.000	4.000	1.000	30.000
39.000	0.699	40.000	4.000	1.000	30.000
39.265	0.639	40.000	4.000	1.000	30.000
39.520	0.581	40.000	4.000	1.000	30.000
39.765	0.526	40.000	4.000	1.000	30.000
39.996	0.472	40.000	4.000	1.000	30.000
40.211	0.422	40.000	4.000	1.000	30.000
40.406	0.376	40.000	4.000	1.000	30.000
40.580	0.335	40.000	4.000	1.000	30.000
40.732	0.300	40.000	4.000	1.000	30.000
40.870	0.267	40.000	4.000	1.000	30.000
40.994	0.236	40.000	4.000	1.000	30.000
41.103	0.208	40.000	4.000	1.000	30.000
41.193	0.184	40.000	4.000	1.000	30.000
41.263	0.166	40.000	4.000	1.000	30.000
41.317	0.150	40.000	4.000	1.000	30.000
41.361	0.136	40.000	4.000	1.000	30.000
41.393	0.125	40.000	4.000	1.000	30.000
41.414	0.116	40.000	4.000	1.000	30.000
41.424	0.109	40.000	4.000	1.000	30.000
41.424	0.106	40.000	4.000	1.000	30.000
41.415	0.104	40.000	4.000	1.000	30.000
41.397	0.104	40.000	4.000	1.000	30.000
41.373	0.105	40.000	4.000	1.000	30.000
41.341	0.109	40.000	4.000	1.000	30.000
41.303	0.114	40.000	4.000	1.000	30.000
41.260	0.121	40.000	4.000	1.000	30.000
41.211	0.128	40.000	4.000	1.000	30.000
41.158	0.137	40.000	4.000	1.000	30.000
41.103	0.147	40.000	4.000	1.000	30.000
41.045	0.156	40.000	4.000	1.000	30.000
40.982	0.168	40.000	4.000	1.000	30.000
40.915	0.181	40.000	4.000	1.000	30.000
40.838	0.197	40.000	4.000	1.000	30.000
40.761	0.214	40.000	4.000	1.000	30.000
40.685	0.229	40.000	4.000	1.000	30.000
40.612	0.244	40.000	4.000	1.000	30.000
40.543	0.257	40.000	4.000	1.000	30.000
40.476	0.271	40.000	4.000	1.000	30.000
40.413	0.284	40.000	4.000	1.000	30.000
40.357	0.294	40.000	4.000	1.000	30.000
40.308	0.304	40.000	4.000	1.000	30.000
40.265	0.313	40.000	4.000	1.000	30.000
40.226	0.320	40.000	4.000	1.000	30.000
40.190	0.327	40.000	4.000	1.000	30.000
40.157	0.334	40.000	4.000	1.000	30.000
40.128	0.340	40.000	4.000	1.000	30.000
40.102	0.344	40.000	4.000	1.000	30.000
40.080	0.349	40.000	4.000	1.000	30.000
40.061	0.354	40.000	4.000	1.000	30.000
40.043	0.356	40.000	4.000	1.000	30.000
40.027	0.359	40.000	4.000	1.000	30.000
40.013	0.363	40.000	4.000	1.000	30.000
40.005	0.364	40.000	4.000	1.000	30.000
40.002	0.364	40.000	4.000	1.000	30.000
39.999	0.364	40.000	4.000	1.000	30.000
39.997	0.364	40.000	4.000	1.000	30.000
39.994	0.366	40.000	4.000	1.000	30.000
39.992	0.366	40.000	4.000	1.000	30.000
39.992	0.366	40.000	4.000	1.000	30.000
39.996	0.365	40.000	4.000	1.000	30.000
40.003	0.362	40.000	4.000	1.000	30.000
40.009	0.361	40.000	4.000	1.000	30.000
40.017	0.359	40.000	4.000	1.000	30.000
40.027	0.356	40.000	4.000	1.000	30.000
40.040	0.352	40.000	4.000	1.000	30.000
40.053	0.348	40.000	4.000	1.000	30.000
40.067	0.345	40.000	4.000	1.000	30.000
40.082	0.341	40.000	4.000	1.000	30.000
40.095	0.338	40.000	4.000	1.000	30.000
40.107	0.334	40.000	4.000	1.000	30.000
40.111	0.333	40.000	4.000	1.000	30.000
40.112	0.334	40.000	4.000	1.000	30.000
40.114	0.333	40.000	4.000	1.000	30.000
40.121	0.330	40.000	4.000	1.000	30.000
40.130	0.327	40.000	4.000	1.000	30.000
40.140	0.324	40.000	4.000	1.000	30.000
40.149	0.321	40.000	4.000	1.000	30.000
40.157	0.319	40.000	4.000	1.000	30.000
40.165	0.316	40.000	4.000	1.000	30.000
40.173	0.314	40.000	4.000	1.000	30.000
40.180	0.312	40.000	4.000	1.000	30.000
40.185	0.310	40.000	4.000	1.000	30.000
40.191	0.307	40.000	4.000	1.000	30.000
40.196	0.305	40.000	4.000	1.000	30.000
40.199	0.305	40.000	4.000	1.000	30.000
40.201	0.303	40.000	4.000	1.000	30.000
40.203	0.302	40.000	4.000	1.000	30.000
40.200	0.302	40.000	4.000	1.000	30.000
40.194	0.304	40.000	4.000	1.000	30.000
40.189	0.304	40.000	4.000	1.000	30.000
40.184	0.304	40.000	4.000	1.000	30.000
40.178	0.306	40.000	4.000	1.000	30.000
40.173	0.306	40.000	4.000	1.000	30.000
40.167	0.306	40.000	4.000	1.000	30.000
40.160	0.307	40.000	4.000	1.000	30.000
40.151	0.309	40.000	4.000	1.000	30.000
40.143	0.311	40.000	4.000	1.000	30.000
40.135	0.311	40.000	4.000	1.000	30.000
40.125	0.313	40.000	4.000	1.000	30.000
40.113	0.315	40.000	4.000	1.000	30.000
40.096	0.320	40.000	4.000	1.000	30.000
40.074	0.325	40.000	4.000	1.000	30.000
40.037	0.334	40.000	4.000	1.000	30.000
40.004	0.344	40.000	4.000	1.000	30.000
39.989	0.344	40.000	4.000	1.000	30.000
39.990	0.342	40.000	4.000	1.000	30.000
39.994	0.340	40.000	4.000	1.000	30.000
40.000	0.339	40.000	4.000	1.000	30.000
40.004	0.338	40.000	4.000	1.000	30.000
40.007	0.338	40.000	4.000	1.000	30.000
40.010	0.337	40.000	4.000	1.000	30.000
40.012	0.336	40.000	4.000	1.000	30.000
40.013	0.671	50.000	4.000	1.000	30.000
40.019	0.928	50.000	4.000	1.000	30.000
40.046	0.958	50.000	4.000	1.000	30.000
40.105	0.952	50.000	4.000	1.000	30.000
40.195	0.946	50.000	4.000	1.000	30.000
40.306	0.939	50.000	4.000	1.000	30.000
40.432	0.935	50.000	4.000	1.000	30.000
40.571	0.933	50.000	4.000	1.000	30.000
40.723	0.929	50.000	4.000	1.000	30.000
40.885	0.926	50.000	4.000	1.000	30.000
41.056	0.923	50.000	4.000	1.000	30.000
41.234	0.922	50.000	4.000	1.000	30.000
41.418	0.920	50.000	4.000	1.000	30.000
41.608	0.920	50.000	4.000	1.000	30.000
41.803	0.917	50.000	4.000	1.000	30.000
42.002	0.916	50.000	4.000	1.000	30.000
42.207	0.914	50.000	4.000	1.000	30.000
42.418	0.913	50.000	4.000	1.000	30.000
42.626	0.913	50.000	4.000	1.000	30.000
42.838	0.913	50.000	4.000	1.000	30.000
43.051	0.913	50.000	4.000	1.000	30.000
43.264	0.913	50.000	4.000	1.000	30.000
43.478	0.913	50.000	4.000	1.000	30.000
43.693	0.913	50.000	4.000	1.000	30.000
43.905	0.914	50.000	4.000	1.000	30.000
44.119	0.913	50.000	4.000	1.000	30.000
44.333	0.913	50.000	4.000	1.000	30.000
44.544	0.913	50.000	4.000	1.000	30.000
44.753	0.913	50.000	4.000	1.000	30.000
44.961	0.913	50.000	4.000	1.000	30.000
45.168	0.913	50.000	4.000	1.000	30.000
45.378	0.913	50.000	4.000	1.000	30.000
45.591	0.913	50.000	4.000	1.000	30.000
45.803	0.913	50.000	4.000	1.000	30.000
46.013	0.914	50.000	4.000	1.000	30.000
46.225	0.914	50.000	4.000	1.000	30.000
46.437	0.913	50.000	4.000	1.000	30.000
46.649	0.913	50.000	4.000	1.000	30.000
46.863	0.913	50.000	4.000	1.000	30.000
47.078	0.913	50.000	4.000	1.000	30.000
47.289	0.913	50.000	4.000	1.000	30.000
47.498	0.913	50.000	4.000	1.000	30.000
47.706	0.913	50.000	4.000	1.000	30.000
47.909	0.916	50.000	4.000	1.000	30.000
48.099	0.906	50.000	4.000	1.000	30.000
48.289	0.875	50.000	4.000	1.000	30.000
48.479	0.834	50.000	4.000	1.000	30.000
48.668	0.794	50.000	4.000	1.000	30.000
48.853	0.756	50.000	4.000	1.000	30.000
49.035	0.717	50.000	4.000	1.000	30.000
49.207	0.681	50.000	4.000	1.000	30.000
49.370	0.645	50.000	4.000	1.000	30.000
49.525	0.611	50.000	4.000	1.000	30.000
49.671	0.580	50.000	4.000	1.000	30.000
49.805	0.550	50.000	4.000	1.000	30.000
49.930	0.521	50.000	4.000	1.000	30.000
50.044	0.496	50.000	4.000	1.000	30.000
50.149	0.472	50.000	4.000	1.000	30.000
50.241	0.451	50.000	4.000	1.000	30.000
50.322	0.433	50.000	4.000	1.000	30.000
50.393	0.415	50.000	4.000	1.000	30.000
50.452	0.400	50.000	4.000	1.000	30.000
50.499	0.389	50.000	4.000	1.000	30.000
50.530	0.381	50.000	4.000	1.000	30.000
50.547	0.378	50.000	4.000	1.000	30.000
50.545	0.379	50.000	4.000	1.000	30.000
50.533	0.382	50.000	4.000	1.000	30.000
50.520	0.385	50.000	4.000	1.000	30.000
50.502	0.387	50.000	4.000	1.000	30.000
50.473	0.393	50.000	4.000	1.000	30.000
50.441	0.401	50.000	4.000	1.000	30.000
50.410	0.406	50.000	4.000	1.000	30.000
50.377	0.413	50.000	4.000	1.000	30.000
50.343	0.420	50.000	4.000	1.000	30.000
50.307	0.427	50.000	4.000	1.000	30.000
50.272	0.436	50.000	4.000	1.000	30.000
50.239	0.443	50.000	4.000	1.000	30.000
50.207	0.450	50.000	4.000	1.000	30.000
50.176	0.456	50.000	4.000	1.000	30.000
50.147	0.463	50.000	4.000	1.000	30.000
50.121	0.468	50.000	4.000	1.000	30.000
50.095	0.474	50.000	4.000	1.000	30.000
50.066	0.480	50.000	4.000	1.000	30.000
50.033	0.488	50.000	4.000	1.000	30.000
50.003	0.495	50.000	4.000	1.000	30.000
49.977	0.502	50.000	4.000	1.000	30.000
49.953	0.508	50.000	4.000	1.000	30.000
49.933	0.512	50.000	4.000	1.000	30.000
49.914	0.516	50.000	4.000	1.000	30.000
49.896	0.521	50.000	4.000	1.000	30.000
49.882	0.524	50.000	4.000	1.000	30.000
49.870	0.526	50.000	4.000	1.000	30.000
49.860	0.528	50.000	4.000	1.000	30.000
49.853	0.530	50.000	4.000	1.000	30.000
49.847	0.533	50.000	4.000	1.000	30.000
49.842	0.535	50.000	4.000	1.000	30.000
49.835	0.538	50.000	4.000	1.000	30.000
49.830	0.538	50.000	4.000	1.000	30.000
49.825	0.540	50.000	4.000	1.000	30.000
49.821	0.542	50.000	4.000	1.000	30.000
49.817	0.545	50.000	4.000	1.000	30.000
49.816	0.545	50.000	4.000	1.000	30.000
49.818	0.545	50.000	4.000	1.000	30.000
49.825	0.544	50.000	4.000	1.000	30.000
49.832	0.541	50.000	4.000	1.000	30.000
49.841	0.539	50.000	4.000	1.000	30.000
49.849	0.538	50.000	4.000	1.000	30.000
49.854	0.539	50.000	4.000	1.000	30.000
49.858	0.538	50.000	4.000	1.000	30.000
49.862	0.537	50.000	4.000	1.000	30.000
49.868	0.536	50.000	4.000	1.000	30.000
49.874	0.535	50.000	4.000	1.000	30.000
49.880	0.534	50.000	4.000	1.000	30.000
49.886	0.534	50.000	4.000	1.000	30.000
49.888	0.534	50.000	4.000	1.000	30.000
49.889	0.533	50.000	4.000	1.000	30.000
49.892	0.534	50.000	4.000	1.000	30.000
49.898	0.532	50.000	4.000	1.000	30.000
49.905	0.531	50.000	4.000	1.000	30.000
49.914	0.529	50.000	4.000	1.000	30.000
49.927	0.525	50.000	4.000	1.000	30.000
49.938	0.523	50.000	4.000	1.000	30.000
49.944	0.522	50.000	4.000	1.000	30.000
49.947	0.522	50.000	4.000	1.000	30.000
49.951	0.522	50.000	4.000	1.000	30.000
49.957	0.521	50.000	4.000	1.000	30.000
49.962	0.520	50.000	4.000	1.000	30.000
49.971	0.517	50.000	4.000	1.000	30.000
49.980	0.514	50.000	4.000	1.000	30.000
49.991	0.511	50.000	4.000	1.000	30.000
50.006	0.508	50.000	4.000	1.000	30.000
50.013	0.507	50.000	4.000	1.000	30.000
50.014	0.508	50.000	4.000	1.000	30.000
50.017	0.507	50.000	4.000	1.000	30.000
50.017	0.506	50.000	4.000	1.000	30.000
50.019	0.506	50.000	4.000	1.000	30.000
50.005	0.510	50.000	4.000	1.000	30.000
49.991	0.515	50.000	4.000	1.000	30.000
49.986	0.515	50.000	4.000	1.000	30.000
49.987	0.514	50.000	4.000	1.000	30.000
49.990	0.513	50.000	4.000	1.000	30.000
49.995	0.511	50.000	4.000	1.000	30.000
49.998	0.511	50.000	4.000	1.000	30.000
49.999	0.511	50.000	4.000	1.000	30.000
50.000	0.801	60.000	4.000	1.000	30.000
50.002	0.963	60.000	4.000	1.000	30.000
50.019	0.960	60.000	4.000	1.000	30.000
50.059	0.955	60.000	4.000	1.000	30.000
50.117	0.951	60.000	4.000	1.000	30.000
50.186	0.948	60.000	4.000	1.000	30.000
50.270	0.944	60.000	4.000	1.000	30.000
50.364	0.942	60.000	4.000	1.000	30.000
50.467	0.940	60.000	4.000	1.000	30.000
50.575	0.939	60.000	4.000	1.000	30.000
50.690	0.937	60.000	4.000	1.000	30.000
50.809	0.935	60.000	4.000	1.000	30.000
50.931	0.934	60.000	4.000	1.000	30.000
51.061	0.932	60.000	4.000	1.000	30.000
51.199	0.931	60.000	4.000	1.000	30.000
51.334	0.932	60.000	4.000	1.000	30.000
51.469	0.931	60.000	4.000	1.000	30.000
51.606	0.931	60.000	4.000	1.000	30.000
51.743	0.932	60.000	4.000	1.000	30.000
51.884	0.931	60.000	4.000	1.000	30.000
52.027	0.929	60.000	4.000	1.000	30.000
52.171	0.928	60.000	4.000	1.000	30.000
52.316	0.928	60.000	4.000	1.000	30.000
52.462	0.928	60.000	4.000	1.000	30.000
52.610	0.928	60.000	4.000	1.000	30.000
52.758	0.929	60.000	4.000	1.000	30.000
52.908	0.928	60.000	4.000	1.000	30.000
53.057	0.928	60.000	4.000	1.000	30.000
53.207	0.928	60.000	4.000	1.000	30.000
53.357	0.928	60.000	4.000	1.000	30.000
53.508	0.928	60.000	4.000	1.000	30.000
53.660	0.928	60.000	4.000	1.000	30.000
53.812	0.929	60.000	4.000	1.000	30.000
53.965	0.928	60.000	4.000	1.000	30.000
54.120	0.926	60.000	4.000	1.000	30.000
54.274	0.925	60.000	4.000	1.000	30.000
54.427	0.927	60.000	4.000	1.000	30.000
54.573	0.928	60.000	4.000	1.000	30.000
54.716	0.928	60.000	4.000	1.000	30.000
54.860	0.929	60.000	4.000	1.000	30.000
55.002	0.929	60.000	4.000	1.000	30.000
55.142	0.930	60.000	4.000	1.000	30.000
55.281	0.931	60.000	4.000	1.000	30.000
55.419	0.931	60.000	4.000	1.000	30.000
55.557	0.931	60.000	4.000	1.000	30.000
55.693	0.931	60.000	4.000	1.000	30.000
55.829	0.931	60.000	4.000	1.000	30.000
55.963	0.931	60.000	4.000	1.000	30.000
56.100	0.931	60.000	4.000	1.000	30.000
56.236	0.931	60.000	4.000	1.000	30.000
56.367	0.932	60.000	4.000	1.000	30.000
56.496	0.934	60.000	4.000	1.000	30.000
56.623	0.935	60.000	4.000	1.000	30.000
56.750	0.934	60.000	4.000	1.000	30.000
56.876	0.934	60.000	4.000	1.000	30.000
56.998	0.934	60.000	4.000	1.000	30.000
57.117	0.934	60.000	4.000	1.000	30.000
57.237	0.934	60.000	4.000	1.000	30.000
57.360	0.934	60.000	4.000	1.000	30.000
57.481	0.934	60.000	4.000	1.000	30.000
57.603	0.935	60.000	4.000	1.000	30.000
57.724	0.934	60.000	4.000	1.000	30.000
57.843	0.935	60.000	4.000	1.000	30.000
57.961	0.934	60.000	4.000	1.000	30.000
58.080	0.928	60.000	4.000	1.000	30.000
58.198	0.911	60.000	4.000	1.000	30.000
58.314	0.887	60.000	4.000	1.000	30.000
58.427	0.868	60.000	4.000	1.000	30.000
58.537	0.849	60.000	4.000	1.000	30.000
58.646	0.828	60.000	4.000	1.000	30.000
58.746	0.811	60.000	4.000	1.000	30.000
58.836	0.793	60.000	4.000	1.000	30.000
58.919	0.780	60.000	4.000	1.000	30.000
58.996	0.767	60.000	4.000	1.000	30.000
59.072	0.753	60.000	4.000	1.000	30.000
59.140	0.741	60.000	4.000	1.000	30.000
59.205	0.728	60.000	4.000	1.000	30.000
59.264	0.719	60.000	4.000	1.000	30.000
59.318	0.709	60.000	4.000	1.000	30.000
59.368	0.701	60.000	4.000	1.000	30.000
59.411	0.693	60.000	4.000	1.000	30.000
59.446	0.688	60.000	4.000	1.000	30.000
59.474	0.686	60.000	4.000	1.000	30.000
59.499	0.684	60.000	4.000	1.000	30.000
59.518	0.681	60.000	4.000	1.000	30.000
59.538	0.678	60.000	4.000	1.000	30.000
59.556	0.675	60.000	4.000	1.000	30.000
59.571	0.675	60.000	4.000	1.000	30.000
59.582	0.675	60.000	4.000	1.000	30.000
59.589	0.675	60.000	4.000	1.000	30.000
59.595	0.675	60.000	4.000	1.000	30.000
59.603	0.675	60.000	4.000	1.000	30.000
59.611	0.675	60.000	4.000	1.000	30.000
59.618	0.675	60.000	4.000	1.000	30.000
59.625	0.675	60.000	4.000	1.000	30.000
59.631	0.675	60.000	4.000	1.000	30.000
59.636	0.675	60.000	4.000	1.000	30.000
59.638	0.677	60.000	4.000	1.000	30.000
59.636	0.679	60.000	4.000	1.000	30.000
59.633	0.682	60.000	4.000	1.000	30.000
59.632	0.683	60.000	4.000	1.000	30.000
59.629	0.684	60.000	4.000	1.000	30.000
59.624	0.687	60.000	4.000	1.000	30.000
59.618	0.692	60.000	4.000	1.000	30.000
59.615	0.693	60.000	4.000	1.000	30.000
59.616	0.693	60.000	4.000	1.000	30.000
59.618	0.695	60.000	4.000	1.000	30.000
59.619	0.696	60.000	4.000	1.000	30.000
59.617	0.698	60.000	4.000	1.000	30.000
59.610	0.702	60.000	4.000	1.000	30.000
59.600	0.707	60.000	4.000	1.000	30.000
59.593	0.711	60.000	4.000	1.000	30.000
59.589	0.711	60.000	4.000	1.000	30.000
59.586	0.713	60.000	4.000	1.000	30.000
59.584	0.715	60.000	4.000	1.000	30.000
59.583	0.717	60.000	4.000	1.000	30.000
59.580	0.720	60.000	4.000	1.000	30.000
59.579	0.722	60.000	4.000	1.000	30.000
59.579	0.723	60.000	4.000	1.000	30.000
59.580	0.724	60.000	4.000	1.000	30.000
59.582	0.724	60.000	4.000	1.000	30.000
59.588	0.725	60.000	4.000	1.000	30.000
59.594	0.724	60.000	4.000	1.000	30.000
59.598	0.726	60.000	4.000	1.000	30.000
59.603	0.728	60.000	4.000	1.000	30.000
59.612	0.725	60.000	4.000	1.000	30.000
59.622	0.724	60.000	4.000	1.000	30.000
59.629	0.724	60.000	4.000	1.000	30.000
59.637	0.724	60.000	4.000	1.000	30.000
59.646	0.723	60.000	4.000	1.000	30.000
59.656	0.722	60.000	4.000	1.000	30.000
59.667	0.720	60.000	4.000	1.000	30.000
59.677	0.719	60.000	4.000	1.000	30.000
59.685	0.719	60.000	4.000	1.000	30.000
59.690	0.719	60.000	4.000	1.000	30.000
59.697	0.719	60.000	4.000	1.000	30.000
59.705	0.717	60.000	4.000	1.000	30.000
59.713	0.716	60.000	4.000	1.000	30.000
59.717	0.718	60.000	4.000	1.000	30.000
59.716	0.719	60.000	4.000	1.000	30.000
59.714	0.721	60.000	4.000	1.000	30.000
59.715	0.721	60.000	4.000	1.000	30.000
59.718	0.722	60.000	4.000	1.000	30.000
59.722	0.721	60.000	4.000	1.000	30.000
59.721	0.725	60.000	4.000	1.000	30.000
59.714	0.730	60.000	4.000	1.000	30.000
59.700	0.735	60.000	4.000	1.000	30.000
59.697	0.738	60.000	4.000	1.000	30.000
59.705	0.738	60.000	4.000	1.000	30.000
59.720	0.735	60.000	4.000	1.000	30.000
59.713	0.740	60.000	4.000	1.000	30.000
59.694	0.748	60.000	4.000	1.000	30.000
59.688	0.751	60.000	4.000	1.000	30.000
59.669	0.760	60.000	4.000	1.000	30.000
59.661	0.762	60.000	4.000	1.000	30.000
59.642	0.771	60.000	4.000	1.000	30.000
59.624	0.778	60.000	4.000	1.000	30.000
59.610	0.782	60.000	4.000	1.000	30.000
59.594	0.236	30.000	4.000	1.000	30.000
59.587	0.017	30.000	4.000	1.000	30.000
59.569	0.003	30.000	4.000	1.000	30.000
59.508	0.011	30.000	4.000	1.000	30.000
59.414	0.020	30.000	4.000	1.000	30.000
59.297	0.027	30.000	4.000	1.000	30.000
59.159	0.031	30.000	4.000	1.000	30.000
59.010	0.035	30.000	4.000	1.000	30.000
58.846	0.039	30.000	4.000	1.000	30.000
58.668	0.042	30.000	4.000	1.000	30.000
58.480	0.045	30.000	4.000	1.000	30.000
58.288	0.047	30.000	4.000	1.000	30.000
58.089	0.048	30.000	4.000	1.000	30.000
57.879	0.050	30.000	4.000	1.000	30.000
57.660	0.053	30.000	4.000	1.000	30.000
57.439	0.054	30.000	4.000	1.000	30.000
57.215	0.054	30.000	4.000	1.000	30.000
56.988	0.055	30.000	4.000	1.000	30.000
56.760	0.056	30.000	4.000	1.000	30.000
56.531	0.056	30.000	4.000	1.000	30.000
56.298	0.056	30.000	4.000	1.000	30.000
56.061	0.058	30.000	4.000	1.000	30.000
55.821	0.059	30.000	4.000	1.000	30.000
55.576	0.059	30.000	4.000	1.000	30.000
55.324	0.061	30.000	4.000	1.000	30.000
55.068	0.062	30.000	4.000	1.000	30.000
54.807	0.063	30.000	4.000	1.000	30.000
54.547	0.063	30.000	4.000	1.000	30.000
54.292	0.062	30.000	4.000	1.000	30.000
54.043	0.061	30.000	4.000	1.000	30.000
53.797	0.060	30.000	4.000	1.000	30.000
53.555	0.059	30.000	4.000	1.000	30.000
53.310	0.059	30.000	4.000	1.000	30.000
53.066	0.060	30.000	4.000	1.000	30.000
52.824	0.059	30.000	4.000	1.000	30.000
52.581	0.059	30.000	4.000	1.000	30.000
52.342	0.059	30.000	4.000	1.000	30.000
52.102	0.059	30.000	4.000	1.000	30.000
51.867	0.058	30.000	4.000	1.000	30.000
51.635	0.057	30.000	4.000	1.000	30.000
51.404	0.057	30.000	4.000	1.000	30.000
51.172	0.057	30.000	4.000	1.000	30.000
50.942	0.057	30.000	4.000	1.000	30.000
50.711	0.057	30.000	4.000	1.000	30.000
50.481	0.056	30.000	4.000	1.000	30.000
50.250	0.056	30.000	4.000	1.000	30.000
50.014	0.057	30.000	4.000	1.000	30.000
49.780	0.057	30.000	4.000	1.000	30.000
49.544	0.057	30.000	4.000	1.000	30.000
49.316	0.057	30.000	4.000	1.000	30.000
49.088	0.055	30.000	4.000	1.000	30.000
48.862	0.055	30.000	4.000	1.000	30.000
48.638	0.055	30.000	4.000	1.000	30.000
48.416	0.055	30.000	4.000	1.000	30.000
48.193	0.054	30.000	4.000	1.000	30.000
47.973	0.054	30.000	4.000	1.000	30.000
47.755	0.053	30.000	4.000	1.000	30.000
47.545	0.052	30.000	4.000	1.000	30.000
47.334	0.051	30.000	4.000	1.000	30.000
47.119	0.052	30.000	4.000	1.000	30.000
46.905	0.052	30.000	4.000	1.000	30.000
46.692	0.052	30.000	4.000	1.000	30.000
46.482	0.052	30.000	4.000	1.000	30.000
46.278	0.050	30.000	4.000	1.000	30.000
46.077	0.049	30.000	4.000	1.000	30.000
45.881	0.048	30.000	4.000	1.000	30.000
45.689	0.047	30.000	4.000	1.000	30.000
45.500	0.046	30.000	4.000	1.000	30.000
45.316	0.045	30.000	4.000	1.000	30.000
45.133	0.045	30.000	4.000	1.000	30.000
44.953	0.044	30.000	4.000	1.000	30.000
44.776	0.043	30.000	4.000	1.000	30.000
44.601	0.043	30.000	4.000	1.000	30.000
44.429	0.042	30.000	4.000	1.000	30.000
44.255	0.042	30.000	4.000	1.000	30.000
44.083	0.042	30.000	4.000	1.000	30.000
43.912	0.042	30.000	4.000	1.000	30.000
43.745	0.041	30.000	4.000	1.000	30.000
43.580	0.040	30.000	4.000	1.000	30.000
43.415	0.040	30.000	4.000	1.000	30.000
43.247	0.041	30.000	4.000	1.000	30.000
43.078	0.041	30.000	4.000	1.000	30.000
42.907	0.042	30.000	4.000	1.000	30.000
42.739	0.041	30.000	4.000	1.000	30.000
42.574	0.040	30.000	4.000	1.000	30.000
42.410	0.040	30.000	4.000	1.000	30.000
42.246	0.040	30.000	4.000	1.000	30.000
42.084	0.039	30.000	4.000	1.000	30.000
41.927	0.039	30.000	4.000	1.000	30.000
41.770	0.038	30.000	4.000	1.000	30.000
41.619	0.037	30.000	4.000	1.000	30.000
41.470	0.036	30.000	4.000	1.000	30.000
41.322	0.036	30.000	4.000	1.000	30.000
41.175	0.036	30.000	4.000	1.000	30.000
41.032	0.035	30.000	4.000	1.000	30.000
40.891	0.035	30.000	4.000	1.000	30.000
40.753	0.034	30.000	4.000	1.000	30.000
40.613	0.034	30.000	4.000	1.000	30.000
40.472	0.034	30.000	4.000	1.000	30.000
40.327	0.035	30.000	4.000	1.000	30.000
40.182	0.035	30.000	4.000	1.000	30.000
40.038	0.035	30.000	4.000	1.000	30.000
39.895	0.035	30.000	4.000	1.000	30.000
39.758	0.034	30.000	4.000	1.000	30.000
39.626	0.032	30.000	4.000	1.000	30.000
39.495	0.032	30.000	4.000	1.000	30.000
39.361	0.032	30.000	4.000	1.000	30.000
39.226	0.033	30.000	4.000	1.000	30.000
39.092	0.033	30.000	4.000	1.000	30.000
38.959	0.033	30.000	4.000	1.000	30.000
38.828	0.032	30.000	4.000	1.000	30.000
38.699	0.032	30.000	4.000	1.000	30.000
38.575	0.031	30.000	4.000	1.000	30.000
38.453	0.030	30.000	4.000	1.000	30.000
38.331	0.030	30.000	4.000	1.000	30.000
38.211	0.029	30.000	4.000	1.000	30.000
38.091	0.029	30.000	4.000	1.000	30.000
37.969	0.030	30.000	4.000	1.000	30.000
37.852	0.029	30.000	4.000	1.000	30.000
37.738	0.028	30.000	4.000	1.000	30.000
37.624	0.028	30.000	4.000	1.000	30.000
37.509	0.028	30.000	4.000	1.000	30.000
37.396	0.028	30.000	4.000	1.000	30.000
37.284	0.027	30.000	4.000	1.000	30.000
37.172	0.028	30.000	4.000	1.000	30.000
37.059	0.028	30.000	4.000	1.000	30.000
36.945	0.028	30.000	4.000	1.000	30.000
36.832	0.028	30.000	4.000	1.000	30.000
36.722	0.027	30.000	4.000	1.000	30.000
36.615	0.026	30.000	4.000	1.000	30.000
36.511	0.026	30.000	4.000	1.000	30.000
36.410	0.025	30.000	4.000	1.000	30.000
36.309	0.025	30.000	4.000	1.000	30.000
36.208	0.025	30.000	4.000	1.000	30.000
36.107	0.025	30.000	4.000	1.000	30.000
36.005	0.025	30.000	4.000	1.000	30.000
35.905	0.025	30.000	4.000	1.000	30.000
35.807	0.024	30.000	4.000	1.000	30.000
35.713	0.023	30.000	4.000	1.000	30.000
35.618	0.023	30.000	4.000	1.000	30.000
35.522	0.023	30.000	4.000	1.000	30.000
35.422	0.024	30.000	4.000	1.000	30.000
35.320	0.024	30.000	4.000	1.000	30.000
35.220	0.025	30.000	4.000	1.000	30.000
35.122	0.024	30.000	4.000	1.000	30.000
35.027	0.023	30.000	4.000	1.000	30.000
34.935	0.023	30.000	4.000	1.000	30.000
34.845	0.022	30.000	4.000	1.000	30.000
34.757	0.021	30.000	4.000	1.000	30.000
34.670	0.021	30.000	4.000	1.000	30.000
34.582	0.021	30.000	4.000	1.000	30.000
34.495	0.021	30.000	4.000	1.000	30.000
34.409	0.021	30.000	4.000	1.000	30.000
34.323	0.021	30.000	4.000	1.000	30.000
34.239	0.021	30.000	4.000	1.000	30.000
34.157	0.020	30.000	4.000	1.000	30.000
34.076	0.020	30.000	4.000	1.000	30.000
33.996	0.019	30.000	4.000	1.000	30.000
33.917	0.019	30.000	4.000	1.000	30.000
33.838	0.019	30.000	4.000	1.000	30.000
33.758	0.019	30.000	4.000	1.000	30.000
33.679	0.019	30.000	4.000	1.000	30.000
33.601	0.019	30.000	4.000	1.000	30.000
33.525	0.019	30.000	4.000	1.000	30.000
33.451	0.018	30.000	4.000	1.000	30.000
33.379	0.018	30.000	4.000	1.000	30.000
33.303	0.018	30.000	4.000	1.000	30.000
33.222	0.019	30.000	4.000	1.000	30.000
33.140	0.020	30.000	4.000	1.000	30.000
33.058	0.020	30.000	4.000	1.000	30.000
32.976	0.020	30.000	4.000	1.000	30.000
32.894	0.020	30.000	4.000	1.000	30.000
32.814	0.019	30.000	4.000	1.000	30.000
32.736	0.019	30.000	4.000	1.000	30.000
32.661	0.019	30.000	4.000	1.000	30.000
32.587	0.018	30.000	4.000	1.000	30.000
32.515	0.018	30.000	4.000	1.000	30.000
32.441	0.018	30.000	4.000	1.000	30.000
32.369	0.018	30.000	4.000	1.000	30.000
32.297	0.017	30.000	4.000	1.000	30.000
32.228	0.017	30.000	4.000	1.000	30.000
32.159	0.017	30.000	4.000	1.000	30.000
32.091	0.016	30.000	4.000	1.000	30.000
32.025	0.016	30.000	4.000	1.000	30.000
31.956	0.018	30.000	4.000	1.000	30.000
31.886	0.025	30.000	4.000	1.000	30.000
31.817	0.034	30.000	4.000	1.000	30.000
31.749	0.044	30.000	4.000	1.000	30.000
31.684	0.052	30.000	4.000	1.000	30.000
31.622	0.060	30.000	4.000	1.000	30.000
31.563	0.067	30.000	4.000	1.000	30.000
31.506	0.075	30.000	4.000	1.000	30.000
31.452	0.082	30.000	4.000	1.000	30.000
31.402	0.088	30.000	4.000	1.000	30.000
31.353	0.093	30.000	4.000	1.000	30.000
31.304	0.100	30.000	4.000	1.000	30.000
31.260	0.105	30.000	4.000	1.000	30.000
31.221	0.109	30.000	4.000	1.000	30.000
31.186	0.112	30.000	4.000	1.000	30.000
31.152	0.115	30.000	4.000	1.000	30.000
31.121	0.117	30.000	4.000	1.000	30.000
31.094	0.119	30.000	4.000	1.000	30.000
31.071	0.119	30.000	4.000	1.000	30.000
31.052	0.119	30.000	4.000	1.000	30.000
31.034	0.119	30.000	4.000	1.000	30.000
31.017	0.119	30.000	4.000	1.000	30.000
31.001	0.118	30.000	4.000	1.000	30.000
30.986	0.118	30.000	4.000	1.000	30.000
30.972	0.117	30.000	4.000	1.000	30.000
30.958	0.117	30.000	4.000	1.000	30.000
30.945	0.116	30.000	4.000	1.000	30.000
30.933	0.115	30.000	4.000	1.000	30.000
30.921	0.114	30.000	4.000	1.000	30.000
30.909	0.114	30.000	4.000	1.000	30.000
30.897	0.113	30.000	4.000	1.000	30.000
30.884	0.112	30.000	4.000	1.000	30.000
30.873	0.111	30.000	4.000	1.000	30.000
30.864	0.110	30.000	4.000	1.000	30.000
30.856	0.108	30.000	4.000	1.000	30.000
30.848	0.106	30.000	4.000	1.000	30.000
30.842	0.105	30.000	4.000	1.000	30.000
30.837	0.102	30.000	4.000	1.000	30.000
30.833	0.099	30.000	4.000	1.000	30.000
30.830	0.097	30.000	4.000	1.000	30.000
30.828	0.094	30.000	4.000	1.000	30.000
30.824	0.092	30.000	4.000	1.000	30.000
30.816	0.091	30.000	4.000	1.000	30.000
30.807	0.090	30.000	4.000	1.000	30.000
30.797	0.089	30.000	4.000	1.000	30.000
30.787	0.089	30.000	4.000	1.000	30.000
30.775	0.088	30.000	4.000	1.000	30.000
30.764	0.088	30.000	4.000	1.000	30.000
30.754	0.087	30.000	4.000	1.000	30.000
30.745	0.087	30.000	4.000	1.000	30.000
30.736	0.085	30.000	4.000	1.000	30.000
30.727	0.085	30.000	4.000	1.000	30.000
30.717	0.084	30.000	4.000	1.000	30.000
30.707	0.084	30.000	4.000	1.000	30.000
30.698	0.083	30.000	4.000	1.000	30.000
30.689	0.082	30.000	4.000	1.000	30.000
30.680	0.082	30.000	4.000	1.000	30.000
30.670	0.082	30.000	4.000	1.000	30.000
30.659	0.082	30.000	4.000	1.000	30.000
30.648	0.082	30.000	4.000	1.000	30.000
30.637	0.082	30.000	4.000	1.000	30.000
30.627	0.082	30.000	4.000	1.000	30.000
30.614	0.083	30.000	4.000	1.000	30.000
30.599	0.084	30.000	4.000	1.000	30.000
30.582	0.086	30.000	4.000	1.000	30.000
30.566	0.088	30.000	4.000	1.000	30.000
30.550	0.090	30.000	4.000	1.000	30.000
30.535	0.091	30.000	4.000	1.000	30.000
30.519	0.092	30.000	4.000	1.000	30.000
30.505	0.094	30.000	4.000	1.000	30.000
